0 0.305 0.7978723404255319 0.075 0.2553191489361702
0 0.4025 0.6773049645390071 0.095 0.23404255319148937
0 0.5825 0.74822695035461 0.105 0.2765957446808511
0 0.26875 0.11879432624113476 0.0375 0.09574468085106383
0 0.905 0.599290780141844 0.08 0.2198581560283688
0 0.7475 0.6542553191489362 0.05 0.23049645390070922
0 0.81125 0.624113475177305 0.0725 0.2127659574468085
0 0.72625 0.6063829787234043 0.0675 0.2198581560283688
0 0.8525 0.5975177304964538 0.06 0.20921985815602837
0 0.595 0.6046099290780141 0.065 0.22340425531914893
0 0.64625 0.5868794326241135 0.0575 0.23049645390070922
0 0.6875 0.4698581560283688 0.04 0.20212765957446807
0 0.515 0.5673758865248227 0.07 0.2127659574468085
