0 0.09666666666666666 0.5025 0.09666666666666666 0.32
0 0.4666666666666667 0.59875 0.17 0.4725
0 0.2 0.42875 0.08333333333333333 0.2075
0 0.35833333333333334 0.4425 0.06666666666666667 0.22
0 0.6575 0.32875 0.028333333333333332 0.0975
0 0.5791666666666667 0.3425 0.03166666666666667 0.11
0 0.49916666666666665 0.35125 0.03833333333333333 0.1125
0 0.5425 0.34 0.03166666666666667 0.1
0 0.425 0.32875 0.04 0.0625
0 0.9641666666666666 0.29875 0.025 0.0775
0 0.22583333333333333 0.37875 0.03833333333333333 0.1225
