0 0.84125 0.6951672862453532 0.2225 0.6171003717472119
0 0.73875 0.4591078066914498 0.1025 0.1970260223048327
0 0.65375 0.6245353159851301 0.1925 0.49070631970260226
0 0.49125 0.6152416356877324 0.1675 0.5092936802973977
0 0.31625 0.5427509293680297 0.1375 0.4163568773234201
0 0.08375 0.38104089219330856 0.0875 0.2342007434944238
0 0.225 0.4516728624535316 0.095 0.2936802973977695
0 0.165 0.3754646840148699 0.055 0.20817843866171004
0 0.435 0.4163568773234201 0.09 0.2825278810408922
0 0.56375 0.3252788104089219 0.0425 0.21933085501858737
0 0.65 0.34014869888475835 0.06 0.22676579925650558
0 0.3325 0.3420074349442379 0.07 0.1412639405204461
0 0.2675 0.2862453531598513 0.055 0.10408921933085502
0 0.49375 0.26394052044609667 0.0675 0.11152416356877323
