0 0.2875 0.7817679558011049 0.078125 0.34806629834254144
0 0.4984375 0.7099447513812155 0.065625 0.24861878453038674
0 0.60703125 0.7375690607734806 0.0546875 0.292817679558011
0 0.725 0.761049723756906 0.059375 0.3342541436464088
0 0.85078125 0.7223756906077348 0.0484375 0.212707182320442
0 0.76953125 0.6892265193370166 0.0421875 0.16298342541436464
0 0.81328125 0.6947513812154696 0.0265625 0.16298342541436464
0 0.9640625 0.7016574585635359 0.05 0.14917127071823205
0 0.896875 0.6767955801104972 0.025 0.08287292817679558
0 0.65859375 0.6602209944751382 0.0296875 0.08839779005524862
