0 0.477783203125 0.46826171875 0.01318359375 0.0634765625
0 0.51513671875 0.466796875 0.0146484375 0.0703125
0 0.506591796875 0.4638671875 0.01611328125 0.076171875
0 0.49755859375 0.4609375 0.01953125 0.09375
0 0.550537109375 0.470703125 0.00830078125 0.0625
0 0.56005859375 0.47119140625 0.0146484375 0.0634765625
0 0.57421875 0.453125 0.021484375 0.10546875
0 0.5322265625 0.46875 0.013671875 0.06640625
0 0.536376953125 0.470703125 0.01318359375 0.064453125
0 0.52490234375 0.46484375 0.015625 0.076171875
0 0.4638671875 0.462890625 0.0185546875 0.091796875
0 0.608642578125 0.45166015625 0.02490234375 0.1201171875
0 0.62060546875 0.47119140625 0.033203125 0.1630859375
0 0.645751953125 0.4443359375 0.02587890625 0.126953125
0 0.666259765625 0.4697265625 0.03369140625 0.1640625
0 0.699951171875 0.49267578125 0.02783203125 0.0341796875
0 0.69921875 0.4619140625 0.037109375 0.1796875
0 0.7802734375 0.48876953125 0.080078125 0.3896484375
0 0.8447265625 0.49072265625 0.0751953125 0.3681640625
0 0.288330078125 0.46435546875 0.01025390625 0.0517578125
0 0.30126953125 0.466796875 0.009765625 0.046875
0 0.306640625 0.47216796875 0.0078125 0.0380859375
0 0.3134765625 0.4521484375 0.025390625 0.123046875
0 0.33154296875 0.44873046875 0.0205078125 0.1005859375
0 0.341064453125 0.44384765625 0.02294921875 0.1123046875
0 0.351318359375 0.4638671875 0.01318359375 0.064453125
0 0.36083984375 0.46337890625 0.015625 0.0751953125
0 0.4150390625 0.43994140625 0.0263671875 0.1259765625
0 0.38671875 0.44287109375 0.037109375 0.1826171875
0 0.371826171875 0.470703125 0.00634765625 0.04296875
0 0.375 0.44775390625 0.0009765625 0.0009765625
0 0.403564453125 0.4736328125 0.00927734375 0.046875
