0 0.3125 0.3779296875 0.0078125 0.037109375
0 0.257080078125 0.3701171875 0.00537109375 0.0078125
0 0.367919921875 0.38720703125 0.00927734375 0.0439453125
0 0.3603515625 0.38916015625 0.009765625 0.0458984375
0 0.282958984375 0.38525390625 0.01123046875 0.0537109375
0 0.1796875 0.38427734375 0.01171875 0.0576171875
0 0.1904296875 0.39306640625 0.0146484375 0.0732421875
0 0.172607421875 0.39404296875 0.01416015625 0.0693359375
0 0.05859375 0.36865234375 0.013671875 0.0673828125
0 0.106689453125 0.3984375 0.01806640625 0.08984375
0 0.137451171875 0.3994140625 0.01806640625 0.08984375
0 0.1240234375 0.39599609375 0.0205078125 0.0986328125
0 0.09423828125 0.36474609375 0.01171875 0.0556640625
0 0.07373046875 0.365234375 0.0126953125 0.0625
0 0.08544921875 0.38720703125 0.017578125 0.0849609375
0 0.568603515625 0.4052734375 0.01611328125 0.078125
0 0.59326171875 0.41552734375 0.021484375 0.1044921875
0 0.78564453125 0.44287109375 0.0322265625 0.1572265625
0 0.69775390625 0.42578125 0.02734375 0.134765625
0 0.7890625 0.44482421875 0.041015625 0.2001953125
0 0.98388671875 0.49072265625 0.02734375 0.2060546875
0 0.964111328125 0.50390625 0.03759765625 0.18359375
0 0.046630859375 0.41259765625 0.03564453125 0.1748046875
0 0.219482421875 0.3818359375 0.01123046875 0.0546875
0 0.266357421875 0.38916015625 0.00732421875 0.0361328125
0 0.21435546875 0.3818359375 0.01171875 0.056640625
