0 0.837158203125 0.478515625 0.03759765625 0.18359375
0 0.77001953125 0.49609375 0.0322265625 0.15625
0 0.7841796875 0.484375 0.037109375 0.1796875
0 0.134033203125 0.49462890625 0.05029296875 0.2451171875
0 0.68603515625 0.4765625 0.0556640625 0.271484375
0 0.346435546875 0.48828125 0.04736328125 0.232421875
0 0.319580078125 0.4970703125 0.04541015625 0.22265625
0 0.517578125 0.474609375 0.0537109375 0.26171875
0 0.45703125 0.47900390625 0.0517578125 0.2509765625
0 0.49853515625 0.46630859375 0.0615234375 0.2998046875
0 0.398681640625 0.478515625 0.05126953125 0.251953125
0 0.408935546875 0.478515625 0.05322265625 0.259765625
0 0.599853515625 0.47607421875 0.06005859375 0.2939453125
