0 0.234130859375 0.4404296875 0.00634765625 0.03125
0 0.668701171875 0.4697265625 0.02783203125 0.134765625
0 0.7236328125 0.458984375 0.0234375 0.115234375
0 0.715576171875 0.45849609375 0.02685546875 0.1298828125
0 0.848876953125 0.46435546875 0.02294921875 0.1142578125
0 0.76708984375 0.4619140625 0.0224609375 0.109375
0 0.76025390625 0.45654296875 0.0244140625 0.1201171875
0 0.78076171875 0.46923828125 0.0224609375 0.1103515625
0 0.79638671875 0.46630859375 0.025390625 0.1240234375
0 0.230224609375 0.44140625 0.00634765625 0.03125
0 0.357421875 0.44970703125 0.013671875 0.0673828125
0 0.415771484375 0.451171875 0.01513671875 0.07421875
0 0.422119140625 0.46923828125 0.02490234375 0.1201171875
0 0.4521484375 0.4794921875 0.0224609375 0.107421875
0 0.136474609375 0.45361328125 0.00732421875 0.0361328125
0 0.115234375 0.45849609375 0.009765625 0.0458984375
0 0.090087890625 0.4619140625 0.00927734375 0.044921875
0 0.082275390625 0.46337890625 0.01025390625 0.0478515625
0 0.07421875 0.46142578125 0.01171875 0.0595703125
0 0.066650390625 0.46826171875 0.01123046875 0.0556640625
0 0.046875 0.4765625 0.017578125 0.0546875
