0 0.68017578125 0.419921875 0.0126953125 0.0625
0 0.67041015625 0.4296875 0.0166015625 0.080078125
0 0.556640625 0.421875 0.0107421875 0.052734375
0 0.562744140625 0.42431640625 0.01025390625 0.0498046875
0 0.548828125 0.42578125 0.0107421875 0.05078125
0 0.48876953125 0.42529296875 0.0126953125 0.0615234375
0 0.464599609375 0.43017578125 0.01708984375 0.0830078125
0 0.495361328125 0.42724609375 0.01416015625 0.0693359375
0 0.482177734375 0.43310546875 0.01611328125 0.0791015625
0 0.49951171875 0.4365234375 0.0146484375 0.072265625
0 0.241455078125 0.44677734375 0.01904296875 0.0908203125
0 0.197998046875 0.44677734375 0.02197265625 0.1083984375
0 0.182861328125 0.44873046875 0.01806640625 0.0888671875
0 0.2294921875 0.44775390625 0.0244140625 0.1201171875
