0 0.72314453125 0.39990234375 0.0068359375 0.0322265625
0 0.73486328125 0.40087890625 0.0068359375 0.0322265625
0 0.752197265625 0.40478515625 0.00732421875 0.0341796875
0 0.99560546875 0.43310546875 0.0302734375 0.1474609375
0 0.810546875 0.42529296875 0.0087890625 0.0419921875
0 0.629638671875 0.421875 0.01025390625 0.048828125
0 0.861328125 0.435546875 0.013671875 0.068359375
0 0.7060546875 0.40966796875 0.0078125 0.0380859375
0 0.74365234375 0.4111328125 0.0078125 0.037109375
0 0.760986328125 0.40478515625 0.00732421875 0.0361328125
0 0.758544921875 0.43505859375 0.01025390625 0.0498046875
0 0.64697265625 0.4150390625 0.0048828125 0.025390625
0 0.99462890625 0.44140625 0.0322265625 0.158203125
0 0.794189453125 0.4111328125 0.01416015625 0.015625
