0 0.641845703125 0.443359375 0.00244140625 0.029296875
0 0.66796875 0.4345703125 0.013671875 0.0234375
0 0.678955078125 0.43115234375 0.00830078125 0.0126953125
0 0.711669921875 0.46337890625 0.01708984375 0.0693359375
0 0.70166015625 0.45947265625 0.0263671875 0.0791015625
0 0.648681640625 0.443359375 0.02392578125 0.1171875
0 0.625732421875 0.4501953125 0.00830078125 0.0546875
0 0.62060546875 0.44677734375 0.0078125 0.0478515625
0 0.55517578125 0.43994140625 0.0224609375 0.1103515625
0 0.635009765625 0.44287109375 0.02490234375 0.1201171875
0 0.563720703125 0.44873046875 0.02294921875 0.1142578125
0 0.5908203125 0.4404296875 0.0224609375 0.109375
0 0.451416015625 0.44775390625 0.01806640625 0.0888671875
0 0.36572265625 0.43017578125 0.0205078125 0.1005859375
0 0.34814453125 0.42822265625 0.021484375 0.1044921875
0 0.35400390625 0.439453125 0.0283203125 0.138671875
0 0.383544921875 0.443359375 0.02685546875 0.130859375
0 0.3056640625 0.4287109375 0.0205078125 0.099609375
0 0.2939453125 0.431640625 0.01953125 0.095703125
0 0.23046875 0.416015625 0.013671875 0.06640625
0 0.255615234375 0.41796875 0.01416015625 0.068359375
0 0.27490234375 0.466796875 0.044921875 0.220703125
0 0.342529296875 0.46923828125 0.04638671875 0.2255859375
0 0.42919921875 0.46630859375 0.0400390625 0.1962890625
0 0.4130859375 0.4658203125 0.04296875 0.2109375
0 0.01611328125 0.40625 0.009765625 0.048828125
0 0.0341796875 0.42626953125 0.0166015625 0.0810546875
0 0.098876953125 0.4091796875 0.01220703125 0.05859375
0 0.11279296875 0.4169921875 0.01171875 0.056640625
0 0.158935546875 0.4130859375 0.01123046875 0.0546875
0 0.144287109375 0.4130859375 0.01123046875 0.0546875
0 0.12353515625 0.41943359375 0.015625 0.0751953125
0 0.107177734375 0.419921875 0.01708984375 0.083984375
0 0.091552734375 0.443359375 0.02783203125 0.134765625
0 0.056640625 0.439453125 0.0322265625 0.15625
0 0.032470703125 0.42138671875 0.03759765625 0.0888671875
0 0.074951171875 0.42529296875 0.02001953125 0.0830078125
0 0.13330078125 0.39453125 0.0126953125 0.021484375
