0 0.142578125 0.421875 0.01953125 0.095703125
0 0.156494140625 0.4208984375 0.02001953125 0.09765625
0 0.361572265625 0.400390625 0.00537109375 0.02734375
0 0.3828125 0.40380859375 0.005859375 0.0263671875
0 0.388671875 0.40478515625 0.0048828125 0.0244140625
0 0.392578125 0.40576171875 0.0048828125 0.0244140625
0 0.414306640625 0.40478515625 0.00439453125 0.0224609375
0 0.41845703125 0.4052734375 0.0048828125 0.0234375
0 0.470458984375 0.408203125 0.00634765625 0.03125
0 0.517822265625 0.44189453125 0.03369140625 0.1630859375
0 0.585205078125 0.41552734375 0.01416015625 0.0673828125
0 0.59716796875 0.40869140625 0.0166015625 0.0810546875
0 0.617431640625 0.4033203125 0.01220703125 0.060546875
0 0.932861328125 0.41796875 0.03173828125 0.154296875
0 0.2822265625 0.4169921875 0.0107421875 0.052734375
0 0.273193359375 0.4189453125 0.01025390625 0.05078125
0 0.226318359375 0.42041015625 0.01416015625 0.0693359375
0 0.21630859375 0.4208984375 0.013671875 0.06640625
0 0.203857421875 0.41943359375 0.01416015625 0.0693359375
0 0.257568359375 0.4365234375 0.03076171875 0.150390625
0 0.241943359375 0.44140625 0.03173828125 0.154296875
0 0.294921875 0.443359375 0.0341796875 0.166015625
0 0.30712890625 0.4423828125 0.03515625 0.171875
