0 0.792724609375 0.43603515625 0.03076171875 0.1494140625
0 0.734375 0.4326171875 0.021484375 0.10546875
0 0.757568359375 0.427734375 0.02392578125 0.115234375
0 0.8603515625 0.4521484375 0.0361328125 0.177734375
0 0.836181640625 0.453125 0.03759765625 0.18359375
0 0.697509765625 0.44482421875 0.01611328125 0.0791015625
0 0.700439453125 0.45361328125 0.01318359375 0.0654296875
0 0.6630859375 0.4248046875 0.0146484375 0.072265625
0 0.677001953125 0.4296875 0.02099609375 0.1015625
0 0.404541015625 0.4130859375 0.01708984375 0.083984375
0 0.681396484375 0.43212890625 0.02197265625 0.1083984375
0 0.64599609375 0.4169921875 0.0126953125 0.060546875
0 0.637939453125 0.41943359375 0.01416015625 0.0693359375
0 0.6552734375 0.4169921875 0.0146484375 0.072265625
0 0.571533203125 0.44677734375 0.02978515625 0.1455078125
0 0.56103515625 0.439453125 0.0341796875 0.16796875
0 0.52685546875 0.435546875 0.03125 0.154296875
0 0.991455078125 0.4453125 0.03564453125 0.173828125
0 0.950439453125 0.4580078125 0.05126953125 0.25
0 0.99169921875 0.4384765625 0.03515625 0.169921875
0 0.81298828125 0.43701171875 0.0322265625 0.1572265625
