0 0.5419921875 0.4140625 0.0078125 0.037109375
0 0.55517578125 0.4306640625 0.0107421875 0.052734375
0 0.5595703125 0.431640625 0.01171875 0.056640625
0 0.567626953125 0.4189453125 0.00732421875 0.03515625
0 0.601806640625 0.42041015625 0.00732421875 0.0361328125
0 0.616943359375 0.43408203125 0.01123046875 0.0556640625
0 0.73291015625 0.43798828125 0.0185546875 0.0888671875
0 0.43505859375 0.42919921875 0.01953125 0.0927734375
0 0.41455078125 0.4365234375 0.017578125 0.0859375
0 0.398681640625 0.43701171875 0.01806640625 0.0888671875
0 0.5234375 0.4404296875 0.0146484375 0.0703125
0 0.072021484375 0.44140625 0.04736328125 0.232421875
