0 0.52392578125 0.39501953125 0.0126953125 0.0615234375
0 0.94482421875 0.380859375 0.03125 0.046875
0 0.515869140625 0.396484375 0.01318359375 0.064453125
0 0.521240234375 0.41455078125 0.01025390625 0.0673828125
0 0.369873046875 0.42041015625 0.01904296875 0.0908203125
0 0.7431640625 0.40283203125 0.0078125 0.0361328125
0 0.7265625 0.39697265625 0.009765625 0.0478515625
0 0.71923828125 0.3984375 0.0087890625 0.041015625
0 0.679931640625 0.3994140625 0.00732421875 0.037109375
0 0.6748046875 0.3994140625 0.0078125 0.0390625
0 0.6611328125 0.39794921875 0.0078125 0.0380859375
0 0.654541015625 0.39892578125 0.00732421875 0.0361328125
0 0.6416015625 0.39306640625 0.0078125 0.0400390625
0 0.642822265625 0.4013671875 0.01318359375 0.0390625
0 0.533203125 0.39453125 0.009765625 0.046875
0 0.482666015625 0.4287109375 0.02587890625 0.125
0 0.533447265625 0.4033203125 0.01123046875 0.052734375
0 0.449462890625 0.45947265625 0.03955078125 0.1943359375
0 0.421875 0.46826171875 0.0419921875 0.2041015625
0 0.3486328125 0.4345703125 0.033203125 0.095703125
0 0.340576171875 0.43603515625 0.02392578125 0.0986328125
0 0.238525390625 0.38525390625 0.01416015625 0.0693359375
0 0.221435546875 0.4189453125 0.02294921875 0.11328125
0 0.193603515625 0.39599609375 0.01416015625 0.0693359375
0 0.1474609375 0.43896484375 0.015625 0.0751953125
0 0.068115234375 0.41455078125 0.02587890625 0.1259765625
0 0.91259765625 0.37060546875 0.0068359375 0.0244140625
0 0.91845703125 0.3857421875 0.0087890625 0.041015625
0 0.580810546875 0.42236328125 0.02099609375 0.1025390625
0 0.592529296875 0.423828125 0.02197265625 0.109375
0 0.34765625 0.41796875 0.013671875 0.03125
0 0.23486328125 0.3876953125 0.013671875 0.06640625
0 0.2509765625 0.4775390625 0.05859375 0.28515625
0 0.17578125 0.3974609375 0.013671875 0.06640625
0 0.183837890625 0.48388671875 0.05908203125 0.2880859375
0 0.683837890625 0.39892578125 0.00830078125 0.0400390625
0 0.669921875 0.3935546875 0.009765625 0.048828125
0 0.699462890625 0.3955078125 0.02099609375 0.0546875
