0 0.767333984375 0.3955078125 0.02001953125 0.09765625
0 0.75634765625 0.39794921875 0.01953125 0.0947265625
0 0.746337890625 0.408203125 0.02880859375 0.138671875
0 0.9345703125 0.4091796875 0.0537109375 0.26171875
0 0.636962890625 0.431640625 0.01708984375 0.08203125
0 0.24169921875 0.4619140625 0.0185546875 0.08984375
0 0.408447265625 0.45361328125 0.01416015625 0.0693359375
0 0.44140625 0.44775390625 0.0126953125 0.0615234375
0 0.419921875 0.44970703125 0.013671875 0.0673828125
0 0.59716796875 0.4287109375 0.015625 0.076171875
0 0.5478515625 0.43603515625 0.015625 0.0751953125
0 0.608642578125 0.43212890625 0.01806640625 0.0888671875
0 0.62158203125 0.43017578125 0.017578125 0.0869140625
0 0.65673828125 0.42529296875 0.017578125 0.0869140625
0 0.432861328125 0.43505859375 0.01123046875 0.0322265625
0 0.423095703125 0.45263671875 0.01611328125 0.0771484375
0 0.2587890625 0.42626953125 0.01171875 0.0126953125
0 0.584716796875 0.4423828125 0.02099609375 0.0546875
