0 0.436279296875 0.35400390625 0.01123046875 0.0556640625
0 0.4296875 0.35888671875 0.0126953125 0.0595703125
0 0.2919921875 0.376953125 0.015625 0.076171875
0 0.274169921875 0.37744140625 0.01611328125 0.0771484375
0 0.213134765625 0.39794921875 0.02490234375 0.1220703125
0 0.1884765625 0.40234375 0.0224609375 0.109375
0 0.10888671875 0.37744140625 0.025390625 0.1240234375
0 0.0419921875 0.423828125 0.0439453125 0.21484375
0 0.077880859375 0.41015625 0.05126953125 0.251953125
0 0.147216796875 0.49658203125 0.09033203125 0.4404296875
0 0.250244140625 0.50341796875 0.08447265625 0.4130859375
0 0.331298828125 0.4765625 0.08251953125 0.40234375
