0 0.74267578125 0.45654296875 0.0087890625 0.0419921875
0 0.618408203125 0.47265625 0.01513671875 0.072265625
0 0.453369140625 0.48828125 0.01904296875 0.09375
0 0.498779296875 0.4873046875 0.01904296875 0.09375
0 0.515625 0.4931640625 0.0185546875 0.08984375
0 0.638916015625 0.484375 0.02197265625 0.107421875
0 0.6337890625 0.4833984375 0.0234375 0.11328125
0 0.683837890625 0.47802734375 0.02490234375 0.1220703125
0 0.8515625 0.4462890625 0.005859375 0.029296875
0 0.90185546875 0.4365234375 0.00390625 0.017578125
0 0.90869140625 0.43798828125 0.0029296875 0.0146484375
0 0.575439453125 0.52783203125 0.06201171875 0.3037109375
0 0.591552734375 0.52734375 0.06689453125 0.32421875
0 0.17578125 0.50634765625 0.0751953125 0.3662109375
0 0.2216796875 0.5244140625 0.076171875 0.37109375
0 0.20751953125 0.5380859375 0.0869140625 0.42578125
0 0.044677734375 0.48046875 0.02099609375 0.1015625
0 0.052490234375 0.4794921875 0.02197265625 0.107421875
0 0.0009765625 0.51953125 0.1005859375 0.4921875
0 0.49658203125 0.4873046875 0.0205078125 0.099609375
0 0.254638671875 0.57275390625 0.05419921875 0.2646484375
0 0.046875 0.4814453125 0.0224609375 0.109375
