0 0.12109375 0.44287109375 0.0087890625 0.0439453125
0 0.12939453125 0.431640625 0.0146484375 0.072265625
0 0.107177734375 0.43408203125 0.01416015625 0.0693359375
0 0.296875 0.43603515625 0.015625 0.0771484375
0 0.13818359375 0.4345703125 0.013671875 0.068359375
0 0.312744140625 0.43359375 0.01611328125 0.080078125
0 0.324951171875 0.4326171875 0.01611328125 0.080078125
0 0.483154296875 0.43359375 0.02490234375 0.12109375
0 0.504150390625 0.43505859375 0.02392578125 0.1162109375
0 0.0751953125 0.43310546875 0.0146484375 0.0712890625
0 0.766357421875 0.4365234375 0.04248046875 0.20703125
0 0.98974609375 0.453125 0.015625 0.19140625
