0 0.672119140625 0.44580078125 0.02490234375 0.1220703125
0 0.69921875 0.44189453125 0.0263671875 0.1279296875
0 0.619873046875 0.43994140625 0.01416015625 0.0693359375
0 0.4814453125 0.439453125 0.005859375 0.029296875
0 0.08203125 0.462890625 0.015625 0.078125
0 0.496337890625 0.44189453125 0.00537109375 0.0263671875
0 0.189697265625 0.458984375 0.00927734375 0.044921875
0 0.1787109375 0.4609375 0.009765625 0.046875
0 0.26123046875 0.4541015625 0.0087890625 0.04296875
0 0.26708984375 0.45361328125 0.0087890625 0.0439453125
0 0.38330078125 0.44189453125 0.013671875 0.0654296875
