0 0.485107421875 0.42529296875 0.03271484375 0.1591796875
0 0.48876953125 0.43994140625 0.029296875 0.1435546875
0 0.72509765625 0.384765625 0.009765625 0.046875
0 0.73583984375 0.3935546875 0.009765625 0.048828125
0 0.72705078125 0.40625 0.0166015625 0.080078125
0 0.809326171875 0.40087890625 0.01611328125 0.0791015625
0 0.79638671875 0.40283203125 0.015625 0.0791015625
0 0.800048828125 0.40673828125 0.01611328125 0.0791015625
0 0.816162109375 0.41552734375 0.01513671875 0.0751953125
0 0.8916015625 0.42822265625 0.015625 0.0771484375
0 0.75048828125 0.408203125 0.015625 0.076171875
0 0.0419921875 0.3828125 0.01953125 0.09765625
0 0.550537109375 0.3525390625 0.00634765625 0.013671875
