0 0.17822265625 0.4677734375 0.0029296875 0.015625
0 0.18408203125 0.46728515625 0.00390625 0.0185546875
0 0.2255859375 0.4697265625 0.0048828125 0.0234375
0 0.2451171875 0.4736328125 0.00390625 0.017578125
0 0.323974609375 0.47314453125 0.00634765625 0.0322265625
0 0.32861328125 0.47265625 0.0068359375 0.033203125
0 0.359375 0.4697265625 0.0078125 0.037109375
0 0.37255859375 0.46875 0.0068359375 0.033203125
0 0.109619140625 0.48681640625 0.00537109375 0.0263671875
0 0.12109375 0.4892578125 0.0087890625 0.04296875
0 0.114990234375 0.49755859375 0.00927734375 0.0458984375
0 0.0830078125 0.49365234375 0.009765625 0.0478515625
0 0.0810546875 0.4990234375 0.0078125 0.037109375
0 0.089599609375 0.4951171875 0.00927734375 0.04296875
0 0.097412109375 0.49755859375 0.01025390625 0.0498046875
