0 0.5 0.4130859375 0.0068359375 0.03125
0 0.428955078125 0.42333984375 0.00634765625 0.0302734375
0 0.441162109375 0.4189453125 0.00634765625 0.03125
0 0.435302734375 0.42041015625 0.00732421875 0.0361328125
0 0.444580078125 0.41796875 0.00830078125 0.041015625
0 0.346923828125 0.42822265625 0.00439453125 0.0224609375
0 0.296875 0.42236328125 0.0048828125 0.0244140625
0 0.495849609375 0.41357421875 0.00634765625 0.0322265625
0 0.50537109375 0.41357421875 0.0068359375 0.0322265625
0 0.5087890625 0.4111328125 0.0068359375 0.033203125
0 0.51220703125 0.4130859375 0.0078125 0.037109375
0 0.523681640625 0.416015625 0.00830078125 0.041015625
0 0.51953125 0.4150390625 0.0087890625 0.04296875
0 0.578857421875 0.40966796875 0.01416015625 0.0693359375
0 0.586181640625 0.41748046875 0.01806640625 0.0888671875
0 0.6005859375 0.412109375 0.01953125 0.09375
0 0.634521484375 0.43212890625 0.03173828125 0.1552734375
0 0.63232421875 0.43994140625 0.0302734375 0.1455078125
0 0.635009765625 0.43310546875 0.03564453125 0.1728515625
0 0.685302734375 0.43505859375 0.03173828125 0.1552734375
0 0.67822265625 0.435546875 0.0322265625 0.15625
0 0.668212890625 0.4345703125 0.03076171875 0.150390625
0 0.56298828125 0.41650390625 0.0146484375 0.0712890625
0 0.650634765625 0.43603515625 0.03662109375 0.1787109375
0 0.708984375 0.43115234375 0.03125 0.1513671875
0 0.755859375 0.427734375 0.037109375 0.181640625
0 0.728515625 0.427734375 0.0390625 0.189453125
0 0.782470703125 0.43408203125 0.03564453125 0.1728515625
0 0.25634765625 0.43017578125 0.009765625 0.0478515625
0 0.232666015625 0.4345703125 0.01220703125 0.05859375
0 0.02197265625 0.45556640625 0.0185546875 0.0908203125
0 0.16943359375 0.43359375 0.0126953125 0.060546875
0 0.146484375 0.43212890625 0.0087890625 0.0439453125
0 0.143798828125 0.44970703125 0.02001953125 0.0986328125
0 0.0810546875 0.44677734375 0.015625 0.0771484375
0 0.21484375 0.44189453125 0.01953125 0.0966796875
0 0.1630859375 0.44921875 0.0205078125 0.1015625
0 0.554443359375 0.42333984375 0.01708984375 0.0830078125
0 0.55859375 0.4169921875 0.01953125 0.095703125
0 0.201904296875 0.45263671875 0.01806640625 0.0888671875
0 0.201904296875 0.447265625 0.02099609375 0.1015625
0 0.616943359375 0.40673828125 0.01318359375 0.0654296875
