0 0.66552734375 0.4140625 0.0107421875 0.05078125
0 0.585693359375 0.421875 0.00732421875 0.03515625
0 0.589111328125 0.42236328125 0.00732421875 0.0361328125
0 0.573486328125 0.4228515625 0.00732421875 0.03515625
0 0.541748046875 0.419921875 0.01123046875 0.0546875
0 0.52978515625 0.42138671875 0.009765625 0.0458984375
0 0.50390625 0.41796875 0.009765625 0.046875
0 0.080078125 0.45751953125 0.0283203125 0.1376953125
0 0.106201171875 0.453125 0.02978515625 0.14453125
0 0.492431640625 0.423828125 0.01904296875 0.09375
