0 0.18115234375 0.41455078125 0.0107421875 0.0517578125
0 0.189697265625 0.41552734375 0.01220703125 0.0595703125
0 0.196044921875 0.41015625 0.01708984375 0.08203125
0 0.200927734375 0.43115234375 0.00732421875 0.0224609375
0 0.223388671875 0.416015625 0.01318359375 0.064453125
0 0.20947265625 0.41455078125 0.0146484375 0.0712890625
0 0.26513671875 0.41748046875 0.017578125 0.0869140625
0 0.41259765625 0.427734375 0.0126953125 0.060546875
0 0.411865234375 0.4296875 0.01123046875 0.0546875
0 0.43798828125 0.42919921875 0.01171875 0.0556640625
0 0.1650390625 0.45556640625 0.0654296875 0.1591796875
0 0.118408203125 0.42724609375 0.01611328125 0.0361328125
0 0.098388671875 0.4384765625 0.06201171875 0.123046875
0 0.033447265625 0.44970703125 0.05517578125 0.1826171875
0 0.1611328125 0.521484375 0.07421875 0.29296875
0 0.448486328125 0.4306640625 0.01123046875 0.0546875
0 0.47119140625 0.43212890625 0.01171875 0.0576171875
0 0.876708984375 0.47412109375 0.05517578125 0.2685546875
0 0.84521484375 0.4755859375 0.0556640625 0.26953125
0 0.891845703125 0.4873046875 0.05419921875 0.263671875
0 0.919189453125 0.48681640625 0.05615234375 0.2763671875
