0 0.4228515625 0.494140625 0.0224609375 0.111328125
0 0.91162109375 0.50244140625 0.025390625 0.1220703125
0 0.950439453125 0.501953125 0.02197265625 0.107421875
0 0.47802734375 0.49609375 0.01171875 0.056640625
0 0.944580078125 0.5068359375 0.02099609375 0.1015625
0 0.006103515625 0.48095703125 0.00634765625 0.0771484375
0 0.968017578125 0.50537109375 0.02099609375 0.1025390625
0 0.990966796875 0.50830078125 0.01904296875 0.0947265625
0 0.4658203125 0.490234375 0.015625 0.076171875
0 0.168212890625 0.48486328125 0.01220703125 0.0595703125
0 0.242431640625 0.4873046875 0.00927734375 0.044921875
0 0.079833984375 0.47265625 0.00927734375 0.017578125
