0 0.995361328125 0.47705078125 0.03369140625 0.1650390625
0 0.01513671875 0.4619140625 0.041015625 0.201171875
0 0.801025390625 0.42578125 0.01708984375 0.083984375
0 0.8154296875 0.41943359375 0.0185546875 0.0908203125
0 0.828125 0.4208984375 0.0205078125 0.099609375
0 0.81982421875 0.42578125 0.01953125 0.095703125
0 0.8388671875 0.42431640625 0.021484375 0.1044921875
0 0.906494140625 0.46435546875 0.04541015625 0.2197265625
0 0.91650390625 0.46533203125 0.048828125 0.2373046875
0 0.950927734375 0.4541015625 0.04345703125 0.212890625
0 0.957763671875 0.45751953125 0.04833984375 0.2353515625
0 0.969970703125 0.45556640625 0.05224609375 0.2548828125
