0 0.402099609375 0.416015625 0.01416015625 0.068359375
0 0.41259765625 0.42529296875 0.013671875 0.0673828125
0 0.197265625 0.4228515625 0.033203125 0.1640625
0 0.689697265625 0.427734375 0.01708984375 0.0859375
0 0.746337890625 0.44580078125 0.04541015625 0.2236328125
0 0.377197265625 0.41796875 0.01220703125 0.060546875
0 0.83251953125 0.443359375 0.044921875 0.21875
0 0.826171875 0.45068359375 0.048828125 0.2373046875
0 0.38427734375 0.42236328125 0.01953125 0.0947265625
0 0.346923828125 0.4189453125 0.02490234375 0.12109375
