0 0.6669921875 0.46240234375 0.0341796875 0.1669921875
0 0.698974609375 0.46240234375 0.03466796875 0.1669921875
0 0.684814453125 0.46435546875 0.03466796875 0.1669921875
0 0.6005859375 0.455078125 0.0341796875 0.166015625
0 0.47900390625 0.42041015625 0.0078125 0.0185546875
0 0.4736328125 0.42724609375 0.0107421875 0.0537109375
0 0.458740234375 0.4267578125 0.01220703125 0.05859375
0 0.443603515625 0.42431640625 0.01318359375 0.0634765625
0 0.4033203125 0.4375 0.02734375 0.134765625
0 0.422119140625 0.43408203125 0.03076171875 0.1474609375
0 0.20458984375 0.39990234375 0.0166015625 0.0576171875
0 0.258056640625 0.39990234375 0.01513671875 0.0341796875
0 0.724609375 0.4482421875 0.0107421875 0.052734375
0 0.31103515625 0.4326171875 0.01953125 0.095703125
0 0.187744140625 0.4013671875 0.02099609375 0.05859375
0 0.490478515625 0.427734375 0.01123046875 0.0546875
0 0.501220703125 0.4248046875 0.01123046875 0.0546875
0 0.521484375 0.42138671875 0.0107421875 0.0537109375
0 0.630859375 0.439453125 0.0048828125 0.0234375
0 0.764404296875 0.4609375 0.03857421875 0.1875
0 0.067626953125 0.43994140625 0.02978515625 0.1435546875
