0 0.928466796875 0.49609375 0.04248046875 0.20703125
0 0.963134765625 0.51416015625 0.03857421875 0.1884765625
0 0.682861328125 0.46630859375 0.03564453125 0.1728515625
0 0.098876953125 0.443359375 0.02197265625 0.107421875
0 0.515625 0.53125 0.037109375 0.181640625
0 0.539794921875 0.50927734375 0.05517578125 0.2685546875
0 0.10791015625 0.5 0.05078125 0.24609375
0 0.21875 0.49609375 0.0556640625 0.2734375
0 0.19873046875 0.50732421875 0.0556640625 0.2724609375
0 0.132080078125 0.52490234375 0.04541015625 0.2216796875
0 0.40087890625 0.48779296875 0.037109375 0.1806640625
0 0.376953125 0.513671875 0.04296875 0.2109375
0 0.42041015625 0.494140625 0.0322265625 0.158203125
0 0.07470703125 0.4453125 0.021484375 0.10546875
0 0.306396484375 0.49365234375 0.05322265625 0.2587890625
0 0.3271484375 0.4912109375 0.0517578125 0.251953125
0 0.063232421875 0.46142578125 0.03564453125 0.1748046875
0 0.295166015625 0.494140625 0.05517578125 0.26953125
0 0.143310546875 0.49267578125 0.07080078125 0.3447265625
0 0.28515625 0.49658203125 0.06640625 0.3251953125
