0 0.754150390625 0.4365234375 0.02001953125 0.099609375
0 0.57861328125 0.419921875 0.009765625 0.048828125
0 0.825927734375 0.4521484375 0.04443359375 0.21484375
0 0.834228515625 0.45263671875 0.04736328125 0.2314453125
0 0.80517578125 0.46875 0.0478515625 0.150390625
0 0.844482421875 0.45361328125 0.05615234375 0.2744140625
0 0.733154296875 0.455078125 0.04736328125 0.228515625
0 0.978759765625 0.46728515625 0.05126953125 0.2490234375
0 0.447265625 0.41552734375 0.01171875 0.0556640625
0 0.49609375 0.41064453125 0.0107421875 0.0517578125
0 0.432861328125 0.4208984375 0.01025390625 0.029296875
0 0.5703125 0.4150390625 0.0087890625 0.03125
