0 0.72900390625 0.46142578125 0.0078125 0.0380859375
0 0.738525390625 0.466796875 0.00634765625 0.029296875
0 0.745361328125 0.46826171875 0.00537109375 0.0263671875
0 0.75048828125 0.46728515625 0.0048828125 0.0244140625
0 0.757080078125 0.46435546875 0.00537109375 0.0263671875
0 0.818115234375 0.4892578125 0.02880859375 0.140625
0 0.85205078125 0.48583984375 0.025390625 0.1259765625
0 0.80712890625 0.49755859375 0.041015625 0.2001953125
0 0.83447265625 0.49462890625 0.04296875 0.2099609375
0 0.785400390625 0.52001953125 0.07080078125 0.3466796875
0 0.770751953125 0.541015625 0.07373046875 0.359375
0 0.8720703125 0.53466796875 0.076171875 0.3720703125
0 0.938720703125 0.5087890625 0.03955078125 0.193359375
0 0.982666015625 0.5 0.04736328125 0.23046875
0 0.47412109375 0.4765625 0.025390625 0.123046875
0 0.324951171875 0.4794921875 0.03173828125 0.154296875
0 0.332763671875 0.48291015625 0.03076171875 0.1513671875
0 0.298828125 0.4736328125 0.03515625 0.171875
