0 0.646484375 0.4140625 0.0087890625 0.04296875
0 0.652099609375 0.40283203125 0.01025390625 0.0498046875
0 0.651123046875 0.41650390625 0.01708984375 0.0419921875
0 0.768798828125 0.400390625 0.01220703125 0.060546875
0 0.71240234375 0.396484375 0.01171875 0.056640625
0 0.706787109375 0.3955078125 0.01318359375 0.064453125
0 0.715576171875 0.4013671875 0.01318359375 0.064453125
0 0.734130859375 0.39990234375 0.01318359375 0.0654296875
0 0.74072265625 0.39892578125 0.0146484375 0.0712890625
0 0.699462890625 0.40869140625 0.01904296875 0.0927734375
0 0.668701171875 0.41064453125 0.01806640625 0.0869140625
0 0.683349609375 0.4140625 0.01806640625 0.087890625
0 0.663330078125 0.41455078125 0.01806640625 0.0888671875
0 0.48193359375 0.423828125 0.02734375 0.134765625
0 0.4931640625 0.42236328125 0.0263671875 0.1298828125
0 0.50732421875 0.4208984375 0.02734375 0.1328125
0 0.502685546875 0.42626953125 0.02685546875 0.1318359375
0 0.3701171875 0.4541015625 0.0419921875 0.205078125
0 0.399169921875 0.45263671875 0.05126953125 0.2490234375
0 0.349365234375 0.46142578125 0.04736328125 0.2314453125
0 0.286865234375 0.4560546875 0.05615234375 0.2734375
0 0.22509765625 0.49267578125 0.0615234375 0.3017578125
0 0.93505859375 0.42578125 0.0068359375 0.06640625
0 0.998779296875 0.43115234375 0.03662109375 0.1787109375
0 0.9609375 0.44580078125 0.05859375 0.2861328125
