0 0.440185546875 0.42529296875 0.00732421875 0.0361328125
0 0.458251953125 0.42138671875 0.00830078125 0.0419921875
0 0.52685546875 0.416015625 0.0048828125 0.0234375
0 0.52880859375 0.42333984375 0.005859375 0.0283203125
0 0.57275390625 0.4189453125 0.0068359375 0.03515625
0 0.59521484375 0.4130859375 0.017578125 0.0859375
0 0.6953125 0.43896484375 0.0380859375 0.1845703125
0 0.722900390625 0.443359375 0.03662109375 0.1796875
0 0.766845703125 0.44384765625 0.03759765625 0.1826171875
0 0.39453125 0.4248046875 0.0126953125 0.0625
