0 0.482421875 0.3779296875 0.0029296875 0.015625
0 0.899169921875 0.4189453125 0.02490234375 0.12109375
0 0.546142578125 0.3876953125 0.00341796875 0.015625
0 0.548828125 0.38720703125 0.0029296875 0.0146484375
0 0.58349609375 0.3955078125 0.005859375 0.029296875
0 0.57421875 0.39306640625 0.0068359375 0.0322265625
0 0.61669921875 0.4052734375 0.0107421875 0.052734375
0 0.8466796875 0.41552734375 0.03125 0.1533203125
0 0.85595703125 0.40576171875 0.0146484375 0.0712890625
0 0.926513671875 0.419921875 0.02197265625 0.107421875
0 0.930419921875 0.42822265625 0.02587890625 0.1279296875
0 0.964111328125 0.44873046875 0.04150390625 0.2041015625
0 0.412109375 0.4150390625 0.0068359375 0.02734375
0 0.39404296875 0.39501953125 0.0048828125 0.0244140625
0 0.20361328125 0.42333984375 0.0126953125 0.0595703125
0 0.210205078125 0.416015625 0.01123046875 0.0546875
0 0.196533203125 0.42041015625 0.01416015625 0.0693359375
0 0.18994140625 0.43798828125 0.0185546875 0.0908203125
0 0.214111328125 0.43798828125 0.01708984375 0.0830078125
0 0.23779296875 0.44287109375 0.0146484375 0.0732421875
0 0.246337890625 0.44287109375 0.01611328125 0.0791015625
0 0.242431640625 0.44287109375 0.01611328125 0.0791015625
0 0.221923828125 0.427734375 0.01416015625 0.0703125
0 0.523193359375 0.37744140625 0.00537109375 0.0185546875
