0 0.32373046875 0.404296875 0.0048828125 0.0234375
0 0.316162109375 0.408203125 0.00732421875 0.037109375
0 0.321533203125 0.41064453125 0.00732421875 0.0341796875
0 0.30029296875 0.41748046875 0.009765625 0.0458984375
0 0.278076171875 0.427734375 0.01025390625 0.048828125
0 0.20068359375 0.4462890625 0.0263671875 0.12890625
0 0.209716796875 0.453125 0.02294921875 0.111328125
0 0.00048828125 0.4462890625 0.017578125 0.0859375
0 0.50537109375 0.41748046875 0.0087890625 0.0419921875
0 0.656494140625 0.44921875 0.02587890625 0.125
0 0.328125 0.40673828125 0.005859375 0.0283203125
0 0.4619140625 0.4404296875 0.0146484375 0.0703125
0 0.339111328125 0.3994140625 0.00634765625 0.015625
0 0.3642578125 0.3798828125 0.0107421875 0.01171875
