0 0.197509765625 0.4619140625 0.03173828125 0.154296875
0 0.248046875 0.47021484375 0.0439453125 0.2138671875
0 0.256591796875 0.4677734375 0.04345703125 0.212890625
0 0.22216796875 0.47265625 0.04296875 0.2109375
0 0.156982421875 0.4658203125 0.02294921875 0.109375
0 0.16748046875 0.46435546875 0.0234375 0.1142578125
0 0.18798828125 0.4755859375 0.04296875 0.208984375
0 0.32177734375 0.466796875 0.0439453125 0.21484375
0 0.37451171875 0.46435546875 0.0244140625 0.1181640625
0 0.060302734375 0.4609375 0.02001953125 0.09765625
0 0.068359375 0.46435546875 0.0185546875 0.0927734375
0 0.103515625 0.474609375 0.04296875 0.208984375
0 0.045654296875 0.47216796875 0.03662109375 0.1787109375
0 0.398681640625 0.45703125 0.02197265625 0.037109375
0 0.552001953125 0.45166015625 0.01904296875 0.0908203125
0 0.53955078125 0.453125 0.0234375 0.111328125
0 0.560791015625 0.4599609375 0.02392578125 0.1171875
0 0.585693359375 0.4560546875 0.02783203125 0.134765625
0 0.62060546875 0.46826171875 0.0400390625 0.1962890625
0 0.668701171875 0.46826171875 0.04150390625 0.2021484375
0 0.697998046875 0.47509765625 0.03857421875 0.1865234375
0 0.68359375 0.48388671875 0.0380859375 0.1865234375
0 0.75537109375 0.4619140625 0.03125 0.150390625
0 0.3564453125 0.46533203125 0.04296875 0.2099609375
0 0.99609375 0.46826171875 0.0458984375 0.2216796875
0 0.485107421875 0.48876953125 0.05712890625 0.2783203125
0 0.5703125 0.4814453125 0.0380859375 0.185546875
0 0.0380859375 0.4619140625 0.0234375 0.11328125
0 0.302734375 0.46826171875 0.0380859375 0.1865234375
0 0.348388671875 0.4677734375 0.04443359375 0.216796875
0 0.388671875 0.46142578125 0.0107421875 0.0322265625
0 0.434814453125 0.4609375 0.05712890625 0.0703125
0 0.462158203125 0.46875 0.00341796875 0.0078125
0 0.47021484375 0.52490234375 0.0087890625 0.0341796875
0 0.50927734375 0.458984375 0.001953125 0.005859375
0 0.54443359375 0.48388671875 0.0263671875 0.1162109375
