0 0.824951171875 0.40185546875 0.02685546875 0.1318359375
0 0.78466796875 0.3935546875 0.0146484375 0.072265625
0 0.77294921875 0.38916015625 0.0166015625 0.0791015625
0 0.80419921875 0.3994140625 0.0263671875 0.126953125
0 0.428466796875 0.4052734375 0.01123046875 0.0546875
0 0.425048828125 0.40283203125 0.01318359375 0.0634765625
0 0.59716796875 0.392578125 0.0087890625 0.04296875
0 0.582763671875 0.39013671875 0.00927734375 0.0439453125
0 0.6435546875 0.39501953125 0.005859375 0.0283203125
0 0.606689453125 0.388671875 0.00927734375 0.046875
0 0.65283203125 0.404296875 0.0146484375 0.0703125
