0 0.111328125 0.45947265625 0.025390625 0.1240234375
0 0.580322265625 0.435546875 0.00927734375 0.044921875
0 0.620361328125 0.44189453125 0.01904296875 0.0927734375
0 0.6298828125 0.44677734375 0.0185546875 0.0908203125
0 0.67919921875 0.4541015625 0.025390625 0.125
0 0.75341796875 0.4609375 0.0390625 0.189453125
0 0.794677734375 0.47509765625 0.04638671875 0.2275390625
0 0.76611328125 0.48046875 0.052734375 0.2578125
0 0.837890625 0.47802734375 0.041015625 0.2001953125
0 0.812255859375 0.470703125 0.04541015625 0.220703125
0 0.89013671875 0.46484375 0.033203125 0.16015625
0 0.8994140625 0.46533203125 0.03515625 0.1728515625
0 0.737548828125 0.51904296875 0.03564453125 0.1025390625
