0 0.6630859375 0.4482421875 0.0185546875 0.08984375
0 0.64697265625 0.45068359375 0.01953125 0.0947265625
0 0.630859375 0.44775390625 0.0166015625 0.0810546875
0 0.6376953125 0.45849609375 0.0234375 0.1123046875
0 0.708740234375 0.4541015625 0.01904296875 0.095703125
0 0.718017578125 0.453125 0.02099609375 0.103515625
0 0.776123046875 0.5 0.04541015625 0.22265625
0 0.501708984375 0.43994140625 0.01025390625 0.0517578125
0 0.390869140625 0.453125 0.02099609375 0.0546875
0 0.370849609375 0.43701171875 0.01611328125 0.0771484375
0 0.356201171875 0.44189453125 0.02294921875 0.1123046875
0 0.261962890625 0.42822265625 0.01123046875 0.0283203125
0 0.25439453125 0.43212890625 0.01171875 0.0439453125
0 0.2841796875 0.4580078125 0.0302734375 0.08203125
0 0.18505859375 0.46240234375 0.0302734375 0.1220703125
0 0.173828125 0.4619140625 0.03125 0.123046875
0 0.02783203125 0.46435546875 0.0615234375 0.2998046875
0 0.12060546875 0.45947265625 0.0537109375 0.2607421875
0 0.143310546875 0.439453125 0.06494140625 0.318359375
0 0.65625 0.46484375 0.033203125 0.162109375
0 0.55712890625 0.4423828125 0.0263671875 0.126953125
0 0.600830078125 0.4580078125 0.05322265625 0.26171875
0 0.472412109375 0.4326171875 0.00830078125 0.041015625
0 0.324951171875 0.44970703125 0.04052734375 0.1982421875
