0 0.297607421875 0.43505859375 0.00830078125 0.0400390625
0 0.2919921875 0.447265625 0.0126953125 0.060546875
0 0.704833984375 0.4560546875 0.02880859375 0.140625
0 0.9345703125 0.47900390625 0.064453125 0.3154296875
0 0.302001953125 0.43896484375 0.00927734375 0.0458984375
0 0.341796875 0.4384765625 0.009765625 0.046875
0 0.375244140625 0.44091796875 0.01220703125 0.0615234375
0 0.579833984375 0.43603515625 0.01708984375 0.0849609375
0 0.6044921875 0.435546875 0.013671875 0.06640625
0 0.6142578125 0.43603515625 0.0107421875 0.0537109375
