0 0.37158203125 0.46240234375 0.01171875 0.0556640625
0 0.358642578125 0.46484375 0.01025390625 0.048828125
0 0.66162109375 0.44970703125 0.0126953125 0.0634765625
0 0.72412109375 0.46435546875 0.0439453125 0.2158203125
0 0.76953125 0.48681640625 0.0302734375 0.1494140625
0 0.116943359375 0.46728515625 0.04345703125 0.1455078125
0 0.11474609375 0.53271484375 0.0029296875 0.0068359375
0 0.18017578125 0.4677734375 0.06640625 0.1328125
0 0.22607421875 0.458984375 0.0146484375 0.09765625
0 0.235107421875 0.5068359375 0.00244140625 0.013671875
