0 0.33740234375 0.43701171875 0.005859375 0.0283203125
0 0.31689453125 0.44091796875 0.0087890625 0.0439453125
0 0.21875 0.443359375 0.0068359375 0.033203125
0 0.212158203125 0.4423828125 0.00634765625 0.033203125
0 0.20263671875 0.44091796875 0.0078125 0.0380859375
0 0.1943359375 0.43994140625 0.0078125 0.0380859375
0 0.162841796875 0.4365234375 0.00927734375 0.04296875
0 0.15576171875 0.43701171875 0.0087890625 0.0419921875
0 0.167236328125 0.43798828125 0.00927734375 0.0458984375
0 0.066162109375 0.43212890625 0.01025390625 0.0498046875
0 0.0732421875 0.42919921875 0.009765625 0.0458984375
0 0.058349609375 0.427734375 0.01123046875 0.0546875
0 0.05126953125 0.4296875 0.0107421875 0.052734375
