0 0.421142578125 0.4365234375 0.00732421875 0.037109375
0 0.411865234375 0.43798828125 0.00927734375 0.0458984375
0 0.43701171875 0.43408203125 0.0107421875 0.0517578125
0 0.445068359375 0.43408203125 0.01025390625 0.0478515625
0 0.47509765625 0.43310546875 0.009765625 0.0458984375
0 0.462646484375 0.435546875 0.01025390625 0.048828125
0 0.467529296875 0.43701171875 0.00927734375 0.0458984375
0 0.454345703125 0.435546875 0.01025390625 0.05078125
0 0.427978515625 0.44091796875 0.01025390625 0.0498046875
0 0.531982421875 0.43798828125 0.01611328125 0.0771484375
0 0.613037109375 0.43408203125 0.01416015625 0.0693359375
0 0.7763671875 0.427734375 0.0224609375 0.109375
0 0.666748046875 0.43701171875 0.01513671875 0.0712890625
0 0.6591796875 0.43505859375 0.0146484375 0.0732421875
0 0.694091796875 0.43212890625 0.01904296875 0.0927734375
0 0.70556640625 0.435546875 0.01953125 0.095703125
0 0.738037109375 0.42529296875 0.02294921875 0.1123046875
0 0.725830078125 0.4345703125 0.02001953125 0.095703125
0 0.23388671875 0.4453125 0.0078125 0.0390625
0 0.128662109375 0.4609375 0.01513671875 0.07421875
0 0.28369140625 0.44287109375 0.009765625 0.0478515625
0 0.206298828125 0.4482421875 0.03076171875 0.037109375
0 0.32373046875 0.42578125 0.021484375 0.01171875
0 0.59033203125 0.40283203125 0.025390625 0.0166015625
