0 0.337158203125 0.42041015625 0.00830078125 0.0537109375
0 0.330322265625 0.40234375 0.00732421875 0.021484375
0 0.32421875 0.4033203125 0.009765625 0.0234375
0 0.319580078125 0.40625 0.00830078125 0.029296875
0 0.310302734375 0.3984375 0.00439453125 0.015625
0 0.3017578125 0.408203125 0.013671875 0.029296875
0 0.311767578125 0.423828125 0.01611328125 0.0625
0 0.19921875 0.42626953125 0.0205078125 0.1005859375
0 0.601318359375 0.40673828125 0.01123046875 0.0556640625
0 0.619384765625 0.412109375 0.01318359375 0.06640625
0 0.665283203125 0.41650390625 0.01904296875 0.0927734375
0 0.658935546875 0.41552734375 0.02685546875 0.1298828125
0 0.820068359375 0.4140625 0.04248046875 0.20703125
0 0.729736328125 0.43115234375 0.04248046875 0.2060546875
0 0.59814453125 0.4013671875 0.0029296875 0.046875
0 0.77685546875 0.5361328125 0.033203125 0.0390625
0 0.484619140625 0.39990234375 0.01708984375 0.0244140625
0 0.488037109375 0.41943359375 0.03662109375 0.1787109375
0 0.639892578125 0.3798828125 0.00830078125 0.015625
