0 0.0419921875 0.4384765625 0.0146484375 0.072265625
0 0.052001953125 0.443359375 0.01416015625 0.068359375
0 0.0341796875 0.44384765625 0.0185546875 0.0908203125
0 0.06103515625 0.44189453125 0.0146484375 0.0732421875
0 0.104736328125 0.43994140625 0.01318359375 0.0634765625
0 0.084716796875 0.4365234375 0.01611328125 0.078125
0 0.118408203125 0.4423828125 0.01611328125 0.080078125
0 0.17724609375 0.4423828125 0.013671875 0.06640625
0 0.303955078125 0.43310546875 0.00732421875 0.0380859375
0 0.792724609375 0.423828125 0.02685546875 0.1328125
0 0.224609375 0.4482421875 0.009765625 0.046875
0 0.24462890625 0.43408203125 0.0126953125 0.0615234375
0 0.57666015625 0.41845703125 0.009765625 0.0361328125
