0 0.5234375 0.40771484375 0.0048828125 0.0244140625
0 0.5576171875 0.427734375 0.0126953125 0.060546875
0 0.554931640625 0.4287109375 0.01220703125 0.060546875
0 0.6572265625 0.44287109375 0.03515625 0.1708984375
0 0.68017578125 0.44921875 0.0322265625 0.15625
0 0.714599609375 0.4482421875 0.03076171875 0.150390625
0 0.7685546875 0.46240234375 0.0166015625 0.0810546875
0 0.759521484375 0.423828125 0.03076171875 0.150390625
0 0.756103515625 0.44287109375 0.03369140625 0.1650390625
0 0.788818359375 0.4423828125 0.03369140625 0.1640625
0 0.808837890625 0.43115234375 0.03466796875 0.1689453125
0 0.087890625 0.4638671875 0.015625 0.076171875
0 0.587890625 0.44384765625 0.017578125 0.0693359375
