0 0.43310546875 0.42333984375 0.005859375 0.0302734375
0 0.439208984375 0.42529296875 0.00634765625 0.0322265625
0 0.446533203125 0.42724609375 0.00732421875 0.0361328125
0 0.478515625 0.4345703125 0.009765625 0.048828125
0 0.4775390625 0.4560546875 0.01171875 0.056640625
0 0.65966796875 0.43603515625 0.0205078125 0.1005859375
0 0.17724609375 0.421875 0.0068359375 0.033203125
0 0.134521484375 0.42431640625 0.00830078125 0.0400390625
0 0.198974609375 0.44775390625 0.02685546875 0.1318359375
0 0.094482421875 0.4521484375 0.06982421875 0.341796875
0 0.04443359375 0.4736328125 0.0546875 0.265625
0 0.000244140625 0.47265625 0.06396484375 0.310546875
0 0.4140625 0.42138671875 0.0087890625 0.0400390625
0 0.4072265625 0.42236328125 0.0068359375 0.0341796875
0 0.426025390625 0.427734375 0.00927734375 0.04296875
0 0.5009765625 0.43896484375 0.01171875 0.0556640625
0 0.528564453125 0.4453125 0.01123046875 0.052734375
0 0.5458984375 0.439453125 0.0146484375 0.072265625
0 0.154541015625 0.42138671875 0.00634765625 0.0322265625
0 0.400390625 0.4306640625 0.0126953125 0.021484375
