0 0.613525390625 0.43017578125 0.01025390625 0.0498046875
0 0.39208984375 0.43896484375 0.0087890625 0.0419921875
0 0.38818359375 0.44287109375 0.005859375 0.0283203125
0 0.504150390625 0.43603515625 0.00830078125 0.0419921875
0 0.28076171875 0.4404296875 0.015625 0.076171875
0 0.242919921875 0.44384765625 0.01806640625 0.0888671875
0 0.3818359375 0.45166015625 0.0205078125 0.1005859375
0 0.521728515625 0.4267578125 0.00341796875 0.015625
0 0.5263671875 0.42529296875 0.0029296875 0.0146484375
0 0.79736328125 0.4208984375 0.0400390625 0.1953125
0 0.49755859375 0.427734375 0.0029296875 0.015625
0 0.482177734375 0.4326171875 0.00439453125 0.0234375
0 0.46826171875 0.43115234375 0.0068359375 0.0341796875
