0 0.657958984375 0.431640625 0.01220703125 0.05859375
0 0.6796875 0.439453125 0.0224609375 0.109375
0 0.745849609375 0.43603515625 0.02001953125 0.0966796875
0 0.735595703125 0.4375 0.02392578125 0.1171875
0 0.544189453125 0.4287109375 0.00634765625 0.03125
0 0.44482421875 0.43310546875 0.0126953125 0.0615234375
0 0.41796875 0.4287109375 0.0146484375 0.0703125
0 0.4111328125 0.431640625 0.0146484375 0.072265625
0 0.372314453125 0.43896484375 0.01904296875 0.0927734375
0 0.357666015625 0.4404296875 0.02001953125 0.095703125
0 0.3505859375 0.43896484375 0.0205078125 0.1005859375
0 0.22802734375 0.44970703125 0.029296875 0.1416015625
0 0.9677734375 0.4599609375 0.0595703125 0.291015625
0 0.896728515625 0.470703125 0.05419921875 0.265625
0 0.515380859375 0.4345703125 0.00830078125 0.041015625
0 0.529052734375 0.4306640625 0.00927734375 0.044921875
0 0.711181640625 0.44970703125 0.04150390625 0.2001953125
0 0.380126953125 0.43212890625 0.01708984375 0.0830078125
0 0.7744140625 0.45849609375 0.052734375 0.2587890625
0 0.472900390625 0.41796875 0.00830078125 0.01953125
0 0.49169921875 0.4306640625 0.0283203125 0.056640625
0 0.522705078125 0.4287109375 0.00732421875 0.03125
0 0.537353515625 0.42919921875 0.00830078125 0.0302734375
