0 0.62890625 0.439453125 0.0087890625 0.04296875
0 0.619140625 0.4375 0.0087890625 0.044921875
0 0.55859375 0.443359375 0.0107421875 0.052734375
0 0.508544921875 0.451171875 0.01123046875 0.0546875
0 0.468017578125 0.4521484375 0.01318359375 0.064453125
0 0.422119140625 0.4541015625 0.01416015625 0.068359375
0 0.403076171875 0.46240234375 0.01220703125 0.0576171875
0 0.24609375 0.46142578125 0.0126953125 0.0615234375
0 0.264892578125 0.46240234375 0.01611328125 0.0791015625
0 0.25927734375 0.4677734375 0.0244140625 0.119140625
0 0.2294921875 0.46484375 0.01953125 0.09375
0 0.810791015625 0.4375 0.01123046875 0.0546875
0 0.797119140625 0.43408203125 0.01513671875 0.0732421875
0 0.69580078125 0.44970703125 0.0166015625 0.0810546875
0 0.710693359375 0.4501953125 0.01806640625 0.087890625
0 0.728271484375 0.44677734375 0.02099609375 0.1005859375
0 0.744384765625 0.4453125 0.02294921875 0.111328125
0 0.759521484375 0.45361328125 0.02099609375 0.1005859375
0 0.75390625 0.44384765625 0.02734375 0.1337890625
0 0.7890625 0.45263671875 0.0302734375 0.1474609375
0 0.822021484375 0.44580078125 0.02978515625 0.1455078125
0 0.912353515625 0.431640625 0.02490234375 0.123046875
0 0.913330078125 0.46240234375 0.03271484375 0.1455078125
0 0.921142578125 0.4892578125 0.03662109375 0.109375
0 0.939453125 0.50244140625 0.0205078125 0.0849609375
0 0.889892578125 0.4501953125 0.04833984375 0.234375
0 0.96630859375 0.44482421875 0.052734375 0.2568359375
0 0.739501953125 0.46240234375 0.02197265625 0.1064453125
0 0.668701171875 0.43994140625 0.00830078125 0.0419921875
0 0.454833984375 0.453125 0.01123046875 0.0546875
