0 0.071533203125 0.4736328125 0.00927734375 0.046875
0 0.116943359375 0.4755859375 0.00732421875 0.03515625
0 0.12451171875 0.46875 0.009765625 0.048828125
0 0.177001953125 0.46533203125 0.00830078125 0.0419921875
0 0.224609375 0.45947265625 0.01171875 0.0576171875
0 0.228271484375 0.4619140625 0.01123046875 0.0546875
0 0.304443359375 0.4541015625 0.00927734375 0.044921875
0 0.33349609375 0.4521484375 0.009765625 0.048828125
0 0.50634765625 0.4453125 0.009765625 0.046875
0 0.496826171875 0.45166015625 0.01318359375 0.0634765625
0 0.48486328125 0.451171875 0.013671875 0.06640625
0 0.56201171875 0.447265625 0.0048828125 0.0234375
0 0.565673828125 0.44140625 0.00634765625 0.033203125
0 0.5703125 0.43994140625 0.005859375 0.0302734375
0 0.975341796875 0.42041015625 0.01904296875 0.0927734375
0 0.998779296875 0.4384765625 0.02490234375 0.12109375
0 0.978759765625 0.4248046875 0.02294921875 0.111328125
0 0.94775390625 0.42236328125 0.0185546875 0.0927734375
0 0.9013671875 0.43994140625 0.0166015625 0.0830078125
0 0.8369140625 0.44775390625 0.0146484375 0.0712890625
0 0.15234375 0.47021484375 0.0029296875 0.0341796875
0 0.16162109375 0.46533203125 0.01171875 0.0458984375
0 0.279541015625 0.45703125 0.02783203125 0.056640625
0 0.351806640625 0.455078125 0.01025390625 0.0390625
0 0.524169921875 0.44921875 0.00830078125 0.0234375
0 0.53759765625 0.447265625 0.0107421875 0.0234375
0 0.54833984375 0.44775390625 0.009765625 0.0224609375
