0 0.098876953125 0.42919921875 0.00927734375 0.0458984375
0 0.12744140625 0.42919921875 0.0087890625 0.0419921875
0 0.224609375 0.43603515625 0.0146484375 0.0732421875
0 0.216064453125 0.4423828125 0.01318359375 0.064453125
0 0.143798828125 0.43212890625 0.00927734375 0.0458984375
0 0.103759765625 0.4453125 0.01318359375 0.064453125
0 0.1884765625 0.44189453125 0.0185546875 0.0908203125
0 0.1767578125 0.4443359375 0.0185546875 0.091796875
0 0.1611328125 0.4462890625 0.01953125 0.095703125
0 0.09228515625 0.4521484375 0.0126953125 0.0625
0 0.07568359375 0.45361328125 0.0263671875 0.1279296875
0 0.045654296875 0.44384765625 0.01318359375 0.0654296875
0 0.037841796875 0.44384765625 0.01318359375 0.0634765625
0 0.025634765625 0.4482421875 0.01220703125 0.060546875
0 0.007568359375 0.4345703125 0.00927734375 0.021484375
0 0.013671875 0.43701171875 0.0087890625 0.0341796875
0 0.008544921875 0.46875 0.01123046875 0.052734375
0 0.0341796875 0.4833984375 0.0341796875 0.166015625
0 0.31298828125 0.443359375 0.01953125 0.095703125
0 0.294921875 0.4404296875 0.01953125 0.095703125
0 0.359375 0.42919921875 0.013671875 0.0673828125
0 0.375732421875 0.4326171875 0.02001953125 0.099609375
0 0.365478515625 0.4453125 0.02197265625 0.107421875
0 0.404541015625 0.43359375 0.01513671875 0.07421875
0 0.397705078125 0.4384765625 0.01806640625 0.08984375
0 0.3935546875 0.439453125 0.0185546875 0.091796875
0 0.390380859375 0.435546875 0.02099609375 0.1015625
0 0.431640625 0.453125 0.0146484375 0.072265625
0 0.425048828125 0.43994140625 0.02001953125 0.0986328125
0 0.52587890625 0.4052734375 0.0087890625 0.04296875
0 0.520263671875 0.41162109375 0.00634765625 0.0322265625
0 0.529052734375 0.41748046875 0.01025390625 0.0498046875
0 0.52294921875 0.41845703125 0.009765625 0.0478515625
0 0.537353515625 0.42041015625 0.01318359375 0.0654296875
0 0.551513671875 0.4140625 0.01123046875 0.0546875
0 0.553955078125 0.421875 0.01220703125 0.05859375
0 0.559814453125 0.42333984375 0.01220703125 0.0595703125
0 0.577880859375 0.4189453125 0.01123046875 0.0546875
0 0.7724609375 0.44775390625 0.0361328125 0.1748046875
0 0.995849609375 0.4638671875 0.07568359375 0.369140625
0 0.758544921875 0.5029296875 0.00537109375 0.0078125
0 0.761474609375 0.4462890625 0.02392578125 0.1171875
0 0.1171875 0.42138671875 0.0078125 0.0400390625
