0 0.42529296875 0.42041015625 0.0166015625 0.0810546875
0 0.871337890625 0.46533203125 0.05517578125 0.2685546875
0 0.361572265625 0.43310546875 0.00830078125 0.0400390625
0 0.32666015625 0.435546875 0.009765625 0.046875
0 0.306884765625 0.42822265625 0.02490234375 0.1220703125
0 0.286376953125 0.42724609375 0.02490234375 0.1201171875
0 0.0703125 0.40966796875 0.0126953125 0.0595703125
0 0.477783203125 0.431640625 0.00830078125 0.0390625
0 0.484375 0.4345703125 0.0068359375 0.033203125
0 0.57275390625 0.4423828125 0.0107421875 0.052734375
0 0.5712890625 0.43896484375 0.0078125 0.0615234375
