0 0.046142578125 0.43505859375 0.02685546875 0.1318359375
0 0.159423828125 0.41796875 0.02001953125 0.095703125
0 0.331787109375 0.42236328125 0.01416015625 0.0712890625
0 0.31005859375 0.4267578125 0.0146484375 0.0703125
0 0.313720703125 0.4345703125 0.02001953125 0.095703125
0 0.33935546875 0.44287109375 0.0263671875 0.1279296875
0 0.373291015625 0.4208984375 0.01220703125 0.060546875
0 0.3857421875 0.4208984375 0.0146484375 0.072265625
0 0.41650390625 0.421875 0.0126953125 0.060546875
0 0.421875 0.4189453125 0.013671875 0.06640625
0 0.702880859375 0.43359375 0.02587890625 0.125
0 0.447021484375 0.42431640625 0.01123046875 0.0556640625
0 0.462158203125 0.421875 0.01220703125 0.060546875
0 0.474853515625 0.4326171875 0.01806640625 0.087890625
0 0.49560546875 0.42724609375 0.0107421875 0.0537109375
0 0.51123046875 0.427734375 0.009765625 0.046875
0 0.484619140625 0.42138671875 0.01220703125 0.0595703125
0 0.475830078125 0.43701171875 0.01708984375 0.0849609375
0 0.456298828125 0.43603515625 0.01806640625 0.0888671875
0 0.358642578125 0.42529296875 0.02099609375 0.0615234375
0 0.55615234375 0.4248046875 0.0625 0.064453125
0 0.62158203125 0.42724609375 0.0185546875 0.0615234375
