0 0.413330078125 0.435546875 0.00732421875 0.03515625
0 0.62451171875 0.4365234375 0.021484375 0.103515625
0 0.663330078125 0.423828125 0.02685546875 0.130859375
0 0.695556640625 0.4287109375 0.02587890625 0.126953125
0 0.7822265625 0.4091796875 0.03515625 0.169921875
0 0.73095703125 0.427734375 0.03125 0.15234375
0 0.797607421875 0.42431640625 0.03564453125 0.1728515625
0 0.425537109375 0.435546875 0.01318359375 0.03515625
0 0.61279296875 0.43310546875 0.0166015625 0.1123046875
0 0.63330078125 0.42431640625 0.0087890625 0.0654296875
0 0.681396484375 0.43408203125 0.02099609375 0.1044921875
