0 0.0439453125 0.4462890625 0.0107421875 0.052734375
0 0.103271484375 0.4423828125 0.00830078125 0.041015625
0 0.113525390625 0.44482421875 0.00830078125 0.0400390625
0 0.207275390625 0.50048828125 0.02001953125 0.0673828125
0 0.259521484375 0.4423828125 0.02978515625 0.146484375
0 0.138671875 0.4609375 0.029296875 0.140625
0 0.32666015625 0.43603515625 0.0126953125 0.0615234375
0 0.557861328125 0.43603515625 0.01513671875 0.0751953125
0 0.148193359375 0.4482421875 0.01318359375 0.064453125
0 0.18310546875 0.43994140625 0.017578125 0.0419921875
0 0.48876953125 0.41943359375 0.0087890625 0.0107421875
0 0.503662109375 0.42578125 0.01904296875 0.033203125
0 0.53369140625 0.43017578125 0.0400390625 0.0556640625
