0 0.355712890625 0.43212890625 0.01611328125 0.0771484375
0 0.333251953125 0.42919921875 0.01708984375 0.0830078125
0 0.2138671875 0.43310546875 0.017578125 0.0849609375
0 0.31396484375 0.4189453125 0.015625 0.076171875
0 0.220947265625 0.42919921875 0.02294921875 0.1123046875
0 0.91015625 0.43359375 0.033203125 0.162109375
0 0.89599609375 0.42724609375 0.0380859375 0.1865234375
0 0.85791015625 0.47119140625 0.078125 0.3798828125
0 0.0009765625 0.4453125 0.033203125 0.162109375
0 0.0400390625 0.4404296875 0.0361328125 0.177734375
0 0.955322265625 0.44091796875 0.03271484375 0.1611328125
0 0.2783203125 0.43017578125 0.017578125 0.0849609375
0 0.24951171875 0.4189453125 0.01953125 0.09375
