0 0.71484375 0.41357421875 0.009765625 0.0478515625
0 0.705078125 0.42822265625 0.013671875 0.0654296875
0 0.78125 0.4462890625 0.02734375 0.1328125
0 0.751708984375 0.4443359375 0.03076171875 0.150390625
0 0.848876953125 0.435546875 0.03759765625 0.181640625
0 0.610595703125 0.42529296875 0.00927734375 0.0458984375
0 0.671630859375 0.43359375 0.01611328125 0.078125
0 0.51513671875 0.44775390625 0.01171875 0.0576171875
0 0.507568359375 0.43408203125 0.01806640625 0.0869140625
0 0.3701171875 0.412109375 0.013671875 0.06640625
0 0.359619140625 0.41064453125 0.01416015625 0.0673828125
0 0.180419921875 0.41455078125 0.01806640625 0.0869140625
0 0.74072265625 0.44677734375 0.0478515625 0.2333984375
0 0.682373046875 0.41796875 0.00341796875 0.04296875
0 0.69189453125 0.4140625 0.005859375 0.052734375
