0 0.43896484375 0.416015625 0.005859375 0.029296875
0 0.338134765625 0.41259765625 0.00927734375 0.0439453125
0 0.190673828125 0.40234375 0.00830078125 0.041015625
0 0.169921875 0.43310546875 0.0263671875 0.1279296875
0 0.13818359375 0.42138671875 0.03125 0.1533203125
0 0.47900390625 0.4248046875 0.005859375 0.029296875
0 0.484375 0.42138671875 0.0068359375 0.0322265625
0 0.488037109375 0.42236328125 0.00732421875 0.0361328125
0 0.494140625 0.41796875 0.0087890625 0.04296875
0 0.545166015625 0.43310546875 0.02783203125 0.1357421875
0 0.547607421875 0.44384765625 0.02783203125 0.1376953125
0 0.50732421875 0.4443359375 0.03125 0.15234375
0 0.520263671875 0.4462890625 0.03173828125 0.154296875
0 0.6474609375 0.41650390625 0.0224609375 0.1103515625
0 0.566650390625 0.4287109375 0.01025390625 0.05078125
0 0.730224609375 0.4267578125 0.03564453125 0.173828125
0 0.89306640625 0.427734375 0.03125 0.150390625
0 0.9443359375 0.43017578125 0.037109375 0.1826171875
0 0.4345703125 0.4150390625 0.005859375 0.02734375
0 0.390625 0.4150390625 0.0107421875 0.03125
