0 0.067626953125 0.4033203125 0.01123046875 0.0546875
0 0.052734375 0.40673828125 0.01171875 0.0576171875
0 0.731201171875 0.4189453125 0.01806640625 0.08984375
0 0.751220703125 0.4228515625 0.01708984375 0.083984375
0 0.76318359375 0.43603515625 0.009765625 0.0478515625
0 0.870361328125 0.4033203125 0.01611328125 0.078125
0 0.858154296875 0.40380859375 0.01611328125 0.0791015625
0 0.611328125 0.40869140625 0.01171875 0.0595703125
0 0.619873046875 0.40673828125 0.01318359375 0.0634765625
0 0.597900390625 0.4384765625 0.03662109375 0.177734375
