0 0.483642578125 0.42333984375 0.01025390625 0.0517578125
0 0.409423828125 0.42041015625 0.01123046875 0.0537109375
0 0.112060546875 0.4248046875 0.02880859375 0.140625
0 0.181396484375 0.4306640625 0.02685546875 0.12890625
0 0.14404296875 0.4228515625 0.029296875 0.142578125
0 0.154296875 0.45556640625 0.01953125 0.0947265625
0 0.008056640625 0.44140625 0.03955078125 0.19140625
0 0.0712890625 0.44775390625 0.0380859375 0.1865234375
0 0.04541015625 0.47900390625 0.0263671875 0.1298828125
0 0.345458984375 0.41748046875 0.01318359375 0.0634765625
0 0.353759765625 0.41650390625 0.01416015625 0.0693359375
0 0.722900390625 0.421875 0.00732421875 0.03515625
0 0.74169921875 0.4208984375 0.0078125 0.037109375
0 0.734375 0.4208984375 0.009765625 0.046875
0 0.751953125 0.42431640625 0.009765625 0.0478515625
0 0.75927734375 0.4296875 0.0146484375 0.0703125
0 0.764892578125 0.435546875 0.02392578125 0.115234375
0 0.794677734375 0.4345703125 0.03662109375 0.177734375
0 0.82470703125 0.43994140625 0.033203125 0.1611328125
0 0.704833984375 0.4326171875 0.01513671875 0.07421875
0 0.603515625 0.4375 0.01953125 0.09375
0 0.463134765625 0.412109375 0.02587890625 0.046875
0 0.498046875 0.421875 0.0205078125 0.0625
0 0.569091796875 0.41259765625 0.00537109375 0.0322265625
0 0.579345703125 0.41796875 0.00634765625 0.041015625
