0 0.310791015625 0.44677734375 0.00634765625 0.0322265625
0 0.316162109375 0.4501953125 0.00634765625 0.03125
0 0.34033203125 0.44873046875 0.0068359375 0.0322265625
0 0.356689453125 0.44970703125 0.00830078125 0.0419921875
0 0.7978515625 0.455078125 0.0107421875 0.052734375
0 0.790771484375 0.45166015625 0.01220703125 0.0576171875
0 0.99560546875 0.48876953125 0.0439453125 0.2138671875
0 0.736572265625 0.48486328125 0.02587890625 0.1259765625
0 0.568359375 0.45703125 0.017578125 0.083984375
0 0.559326171875 0.45458984375 0.01904296875 0.0927734375
0 0.098876953125 0.46044921875 0.01416015625 0.0693359375
