0 0.431884765625 0.41552734375 0.00634765625 0.0322265625
0 0.427734375 0.41748046875 0.005859375 0.0283203125
0 0.4189453125 0.4169921875 0.005859375 0.02734375
0 0.4111328125 0.4248046875 0.0087890625 0.044921875
0 0.402099609375 0.40966796875 0.00634765625 0.0302734375
0 0.313232421875 0.42919921875 0.00732421875 0.0361328125
0 0.304931640625 0.43212890625 0.00732421875 0.0341796875
0 0.576171875 0.41259765625 0.009765625 0.0478515625
0 0.587890625 0.40966796875 0.009765625 0.0498046875
0 0.593017578125 0.41650390625 0.01513671875 0.0732421875
0 0.600341796875 0.40576171875 0.01025390625 0.0498046875
0 0.385986328125 0.4228515625 0.00732421875 0.03515625
0 0.324951171875 0.43310546875 0.00634765625 0.0302734375
0 0.3115234375 0.41845703125 0.0087890625 0.0380859375
0 0.316650390625 0.435546875 0.00048828125 0.001953125
0 0.343994140625 0.40966796875 0.01123046875 0.0322265625
0 0.39453125 0.41650390625 0.0107421875 0.0361328125
0 0.553466796875 0.4052734375 0.01220703125 0.037109375
