0 0.56689453125 0.47509765625 0.005859375 0.0302734375
0 0.57177734375 0.47509765625 0.005859375 0.0283203125
0 0.595947265625 0.46142578125 0.01416015625 0.0693359375
0 0.602294921875 0.4638671875 0.01318359375 0.064453125
0 0.235107421875 0.45751953125 0.01220703125 0.0595703125
0 0.14599609375 0.458984375 0.01171875 0.056640625
0 0.09326171875 0.46923828125 0.015625 0.0751953125
0 0.3408203125 0.4619140625 0.013671875 0.06640625
0 0.36279296875 0.46337890625 0.0107421875 0.0517578125
0 0.30712890625 0.4580078125 0.0107421875 0.05078125
0 0.32177734375 0.44580078125 0.015625 0.0283203125
