0 0.493896484375 0.478515625 0.00439453125 0.021484375
0 0.324951171875 0.47119140625 0.01025390625 0.0517578125
0 0.653564453125 0.46142578125 0.00830078125 0.0400390625
0 0.7685546875 0.4462890625 0.0166015625 0.080078125
0 0.755615234375 0.45263671875 0.01708984375 0.0849609375
0 0.778076171875 0.4521484375 0.01806640625 0.08984375
0 0.78662109375 0.44970703125 0.0166015625 0.0810546875
0 0.813232421875 0.41455078125 0.02099609375 0.1025390625
0 0.634765625 0.4560546875 0.0078125 0.0390625
0 0.64404296875 0.45654296875 0.0078125 0.0400390625
0 0.660400390625 0.44873046875 0.01220703125 0.0595703125
0 0.67138671875 0.4482421875 0.013671875 0.06640625
0 0.711181640625 0.44189453125 0.01513671875 0.0732421875
