0 0.512451171875 0.4130859375 0.02783203125 0.13671875
0 0.493408203125 0.43359375 0.04248046875 0.20703125
0 0.449951171875 0.4208984375 0.03662109375 0.177734375
0 0.465576171875 0.470703125 0.02392578125 0.115234375
0 0.480712890625 0.427734375 0.04150390625 0.205078125
0 0.413330078125 0.41162109375 0.03369140625 0.1650390625
0 0.404541015625 0.46484375 0.02587890625 0.125
0 0.43408203125 0.42724609375 0.041015625 0.2001953125
0 0.628662109375 0.39990234375 0.01806640625 0.0869140625
0 0.638427734375 0.41796875 0.02587890625 0.126953125
0 0.61669921875 0.42724609375 0.0244140625 0.1181640625
0 0.57177734375 0.42041015625 0.0263671875 0.1279296875
0 0.649169921875 0.3642578125 0.01416015625 0.03515625
