0 0.295166015625 0.43408203125 0.00830078125 0.0400390625
0 0.327392578125 0.43212890625 0.00830078125 0.0400390625
0 0.62841796875 0.40576171875 0.009765625 0.0498046875
0 0.60205078125 0.41162109375 0.0078125 0.0361328125
0 0.130615234375 0.43115234375 0.01220703125 0.0595703125
0 0.283203125 0.43017578125 0.0078125 0.0380859375
0 0.31689453125 0.4306640625 0.0068359375 0.033203125
0 0.38720703125 0.4326171875 0.01171875 0.033203125
0 0.444091796875 0.4306640625 0.02294921875 0.017578125
0 0.57470703125 0.4189453125 0.0068359375 0.03125
0 0.5859375 0.41943359375 0.005859375 0.0322265625
