0 0.412109375 0.44384765625 0.03125 0.1533203125
0 0.416259765625 0.4404296875 0.03369140625 0.1640625
0 0.741943359375 0.435546875 0.01416015625 0.0703125
0 0.73388671875 0.43310546875 0.0146484375 0.0712890625
0 0.762939453125 0.43701171875 0.02294921875 0.1123046875
0 0.84375 0.42724609375 0.0107421875 0.0517578125
0 0.833740234375 0.42578125 0.01123046875 0.0546875
0 0.825439453125 0.4296875 0.02685546875 0.12890625
0 0.823974609375 0.4326171875 0.02587890625 0.126953125
0 0.776123046875 0.4365234375 0.02392578125 0.1171875
0 0.920654296875 0.43408203125 0.03369140625 0.1650390625
