0 0.041259765625 0.4541015625 0.01611328125 0.078125
0 0.769287109375 0.41650390625 0.01708984375 0.0810546875
0 0.75146484375 0.41845703125 0.0166015625 0.0810546875
0 0.732421875 0.41845703125 0.017578125 0.0849609375
0 0.47509765625 0.435546875 0.0087890625 0.04296875
0 0.326416015625 0.435546875 0.01123046875 0.0546875
0 0.674560546875 0.41650390625 0.01220703125 0.0595703125
0 0.69580078125 0.41748046875 0.017578125 0.0849609375
0 0.018798828125 0.462890625 0.03076171875 0.115234375
0 0.57470703125 0.43017578125 0.0126953125 0.0380859375
0 0.88623046875 0.423828125 0.009765625 0.12109375
0 0.91552734375 0.4169921875 0.0244140625 0.10546875
