0 0.071533203125 0.439453125 0.01513671875 0.07421875
0 0.666259765625 0.4189453125 0.01806640625 0.08984375
0 0.764404296875 0.45263671875 0.07080078125 0.3447265625
0 0.740966796875 0.4599609375 0.07177734375 0.349609375
0 0.70751953125 0.4951171875 0.1123046875 0.548828125
0 0.911376953125 0.4599609375 0.07275390625 0.35546875
0 0.964599609375 0.47509765625 0.06982421875 0.3408203125
0 0.82470703125 0.47998046875 0.09375 0.4580078125
0 0.95751953125 0.4736328125 0.0771484375 0.376953125
0 0.553466796875 0.4716796875 0.06689453125 0.326171875
0 0.489990234375 0.49560546875 0.07861328125 0.3837890625
0 0.4013671875 0.49609375 0.0673828125 0.328125
0 0.630859375 0.5654296875 0.0302734375 0.044921875
0 0.63330078125 0.43798828125 0.0546875 0.2666015625
