0 0.292236328125 0.45166015625 0.01904296875 0.0927734375
0 0.278076171875 0.45263671875 0.02001953125 0.0966796875
0 0.09619140625 0.46142578125 0.017578125 0.0869140625
0 0.082275390625 0.45947265625 0.02001953125 0.0966796875
0 0.187255859375 0.455078125 0.01904296875 0.08984375
0 0.177001953125 0.4716796875 0.02392578125 0.115234375
0 0.462646484375 0.4462890625 0.01708984375 0.083984375
0 0.44091796875 0.44287109375 0.0185546875 0.0927734375
0 0.427001953125 0.44775390625 0.01611328125 0.0791015625
0 0.3837890625 0.44970703125 0.0224609375 0.1103515625
0 0.398193359375 0.44970703125 0.02294921875 0.1103515625
0 0.407470703125 0.45458984375 0.02294921875 0.1123046875
0 0.50048828125 0.44384765625 0.017578125 0.0849609375
0 0.536376953125 0.44287109375 0.03173828125 0.1162109375
0 0.81298828125 0.427734375 0.02734375 0.1328125
0 0.861328125 0.42529296875 0.025390625 0.1220703125
0 0.971923828125 0.41162109375 0.01904296875 0.0927734375
0 0.904052734375 0.41748046875 0.01708984375 0.0830078125
0 0.78271484375 0.44091796875 0.0361328125 0.1767578125
0 0.522216796875 0.4365234375 0.02099609375 0.068359375
0 0.58642578125 0.421875 0.029296875 0.052734375
0 0.6845703125 0.43896484375 0.16015625 0.1201171875
