0 0.662109375 0.4833984375 0.02734375 0.134765625
0 0.703125 0.482421875 0.03125 0.150390625
0 0.65478515625 0.4892578125 0.03125 0.15234375
0 0.68505859375 0.490234375 0.0283203125 0.138671875
0 0.69970703125 0.48681640625 0.0322265625 0.1591796875
0 0.74462890625 0.49462890625 0.0263671875 0.1279296875
0 0.812255859375 0.4892578125 0.02880859375 0.142578125
0 0.80126953125 0.4970703125 0.03125 0.154296875
0 0.8359375 0.49755859375 0.025390625 0.1220703125
0 0.85595703125 0.49951171875 0.025390625 0.1240234375
0 0.864990234375 0.48876953125 0.03271484375 0.1591796875
