0 0.630859375 0.42822265625 0.0078125 0.0361328125
0 0.633544921875 0.4267578125 0.00830078125 0.041015625
0 0.373779296875 0.4296875 0.01220703125 0.060546875
0 0.181396484375 0.4248046875 0.00634765625 0.029296875
0 0.16552734375 0.42138671875 0.0078125 0.0380859375
0 0.157958984375 0.42822265625 0.00732421875 0.0361328125
0 0.1103515625 0.435546875 0.0087890625 0.04296875
0 0.371337890625 0.4296875 0.01220703125 0.05859375
0 0.126708984375 0.43359375 0.00927734375 0.029296875
0 0.135498046875 0.4306640625 0.00244140625 0.03125
0 0.1396484375 0.4267578125 0.001953125 0.029296875
