0 0.58837890625 0.4091796875 0.0146484375 0.0703125
0 0.585205078125 0.41162109375 0.01416015625 0.0673828125
0 0.65283203125 0.40234375 0.0146484375 0.0703125
0 0.720703125 0.404296875 0.0224609375 0.109375
0 0.814453125 0.419921875 0.0361328125 0.17578125
0 0.923095703125 0.419921875 0.05224609375 0.25390625
0 0.00390625 0.43701171875 0.0263671875 0.1279296875
0 0.0947265625 0.43505859375 0.0185546875 0.0927734375
0 0.1025390625 0.43017578125 0.0205078125 0.1005859375
0 0.151123046875 0.44140625 0.03466796875 0.16796875
0 0.230224609375 0.44091796875 0.03564453125 0.1728515625
0 0.1884765625 0.4306640625 0.0400390625 0.1953125
0 0.30810546875 0.412109375 0.02734375 0.1328125
0 0.28466796875 0.421875 0.0263671875 0.12890625
0 0.4619140625 0.40234375 0.015625 0.076171875
0 0.39599609375 0.41064453125 0.021484375 0.1044921875
0 0.39794921875 0.41015625 0.0224609375 0.109375
0 0.037353515625 0.4482421875 0.03564453125 0.0859375
0 0.3828125 0.42138671875 0.013671875 0.1064453125
0 0.580810546875 0.38818359375 0.00927734375 0.0400390625
