0 0.7451171875 0.43310546875 0.0146484375 0.0712890625
0 0.733642578125 0.43896484375 0.01513671875 0.0751953125
0 0.73974609375 0.44091796875 0.017578125 0.0849609375
0 0.75390625 0.45068359375 0.0224609375 0.1103515625
0 0.802734375 0.43505859375 0.0244140625 0.1201171875
0 0.78271484375 0.443359375 0.0263671875 0.126953125
0 0.779296875 0.4384765625 0.0283203125 0.138671875
0 0.719482421875 0.45263671875 0.02490234375 0.1201171875
0 0.81005859375 0.46142578125 0.0341796875 0.1669921875
0 0.875732421875 0.45703125 0.04150390625 0.203125
0 0.915771484375 0.45361328125 0.04248046875 0.2060546875
0 0.999267578125 0.505859375 0.07568359375 0.369140625
0 0.50537109375 0.43359375 0.009765625 0.048828125
0 0.502685546875 0.4365234375 0.01220703125 0.05859375
0 0.49169921875 0.43505859375 0.013671875 0.0654296875
0 0.42626953125 0.43212890625 0.0185546875 0.0888671875
0 0.411865234375 0.4375 0.01611328125 0.078125
0 0.36181640625 0.43701171875 0.0244140625 0.1181640625
0 0.39794921875 0.44384765625 0.0185546875 0.0888671875
0 0.307373046875 0.43310546875 0.01904296875 0.0927734375
0 0.322998046875 0.4287109375 0.02197265625 0.107421875
0 0.174072265625 0.4326171875 0.02392578125 0.1171875
0 0.175537109375 0.4228515625 0.02001953125 0.056640625
0 0.231689453125 0.44677734375 0.03271484375 0.1591796875
0 0.0859375 0.44140625 0.0361328125 0.17578125
0 0.1435546875 0.45166015625 0.0419921875 0.2060546875
0 0.5810546875 0.4365234375 0.0087890625 0.04296875
0 0.204833984375 0.435546875 0.03857421875 0.185546875
0 0.5458984375 0.43017578125 0.01171875 0.0576171875
0 0.70068359375 0.43896484375 0.0302734375 0.0927734375
0 0.74658203125 0.46630859375 0.0048828125 0.0263671875
0 0.75 0.40478515625 0.0009765625 0.0029296875
0 0.765869140625 0.44091796875 0.01318359375 0.0810546875
