0 0.799560546875 0.43115234375 0.00927734375 0.0458984375
0 0.782958984375 0.4326171875 0.00830078125 0.041015625
0 0.49609375 0.44921875 0.0107421875 0.052734375
0 0.44677734375 0.447265625 0.013671875 0.06640625
0 0.453125 0.44921875 0.013671875 0.06640625
0 0.46240234375 0.45458984375 0.013671875 0.0673828125
0 0.370361328125 0.45361328125 0.01806640625 0.0888671875
0 0.164306640625 0.4755859375 0.02880859375 0.138671875
0 0.182373046875 0.47021484375 0.02978515625 0.1455078125
0 0.555908203125 0.47216796875 0.02490234375 0.1201171875
0 0.7646484375 0.43603515625 0.009765625 0.0478515625
