0 0.525634765625 0.35400390625 0.01708984375 0.0830078125
0 0.515625 0.35546875 0.0146484375 0.0703125
0 0.545166015625 0.3603515625 0.01708984375 0.08203125
0 0.555908203125 0.36328125 0.01806640625 0.08984375
0 0.5673828125 0.36865234375 0.015625 0.0771484375
0 0.589599609375 0.3671875 0.01611328125 0.078125
0 0.60009765625 0.35595703125 0.015625 0.0751953125
0 0.596435546875 0.37939453125 0.01904296875 0.0615234375
0 0.75927734375 0.357421875 0.0146484375 0.0703125
0 0.7724609375 0.3515625 0.013671875 0.06640625
0 0.782470703125 0.3642578125 0.01708984375 0.08203125
0 0.790283203125 0.36767578125 0.01611328125 0.0791015625
0 0.177490234375 0.35986328125 0.00830078125 0.0419921875
0 0.189208984375 0.34912109375 0.01708984375 0.0810546875
0 0.2197265625 0.37109375 0.0146484375 0.072265625
0 0.14599609375 0.37109375 0.01953125 0.09375
0 0.154296875 0.369140625 0.0205078125 0.1015625
0 0.693603515625 0.3603515625 0.01416015625 0.068359375
0 0.704345703125 0.36376953125 0.01806640625 0.0888671875
0 0.094970703125 0.38427734375 0.01904296875 0.0927734375
0 0.044677734375 0.4384765625 0.04150390625 0.201171875
0 0.511962890625 0.4501953125 0.04638671875 0.2265625
0 0.67333984375 0.36669921875 0.015625 0.0771484375
0 0.69580078125 0.36865234375 0.015625 0.0771484375
0 0.733642578125 0.36279296875 0.01611328125 0.0791015625
0 0.726318359375 0.3671875 0.01611328125 0.080078125
0 0.705810546875 0.36572265625 0.01416015625 0.0693359375
0 0.12060546875 0.34228515625 0.0087890625 0.0478515625
0 0.136962890625 0.34033203125 0.01513671875 0.0576171875
0 0.1650390625 0.33935546875 0.0166015625 0.0751953125
