0 0.509765625 0.41357421875 0.00390625 0.0185546875
0 0.610595703125 0.42236328125 0.01220703125 0.0576171875
0 0.715087890625 0.42822265625 0.02099609375 0.1025390625
0 0.77099609375 0.4453125 0.0322265625 0.15625
0 0.98095703125 0.427734375 0.02734375 0.0546875
0 0.422607421875 0.4248046875 0.00732421875 0.03515625
0 0.447509765625 0.4375 0.02294921875 0.111328125
0 0.291748046875 0.45361328125 0.04248046875 0.2080078125
0 0.512451171875 0.41748046875 0.00439453125 0.0224609375
0 0.2890625 0.46875 0.017578125 0.05078125
