0 0.182373046875 0.4443359375 0.02587890625 0.126953125
0 0.15966796875 0.43994140625 0.0263671875 0.1298828125
0 0.134521484375 0.44384765625 0.02978515625 0.1455078125
0 0.040771484375 0.48193359375 0.06494140625 0.3173828125
0 0.58544921875 0.453125 0.0185546875 0.091796875
0 0.61474609375 0.453125 0.017578125 0.087890625
0 0.608642578125 0.45654296875 0.01708984375 0.0830078125
0 0.62939453125 0.45556640625 0.017578125 0.0869140625
0 0.801513671875 0.455078125 0.03857421875 0.1875
0 0.815673828125 0.48583984375 0.05419921875 0.2646484375
0 0.861083984375 0.466796875 0.06787109375 0.33203125
0 0.1923828125 0.4599609375 0.0341796875 0.166015625
0 0.395751953125 0.435546875 0.00732421875 0.037109375
0 0.39404296875 0.439453125 0.0087890625 0.04296875
0 0.67626953125 0.45947265625 0.0224609375 0.1103515625
