0 0.470703125 0.4228515625 0.017578125 0.0859375
0 0.491455078125 0.42138671875 0.01806640625 0.0869140625
0 0.478271484375 0.421875 0.01708984375 0.083984375
0 0.444091796875 0.4228515625 0.01611328125 0.078125
0 0.433349609375 0.42626953125 0.01513671875 0.0732421875
0 0.42578125 0.421875 0.0166015625 0.08203125
0 0.456787109375 0.427734375 0.01513671875 0.07421875
0 0.4248046875 0.4248046875 0.0185546875 0.08984375
0 0.581298828125 0.4228515625 0.01708984375 0.083984375
0 0.71484375 0.41357421875 0.009765625 0.0498046875
0 0.3740234375 0.423828125 0.017578125 0.0859375
0 0.367431640625 0.42724609375 0.01611328125 0.0791015625
0 0.6103515625 0.4248046875 0.0185546875 0.091796875
