0 0.399169921875 0.48974609375 0.00341796875 0.0166015625
0 0.3955078125 0.48828125 0.00390625 0.01953125
0 0.306640625 0.48291015625 0.0087890625 0.0419921875
0 0.2490234375 0.490234375 0.0068359375 0.033203125
0 0.242431640625 0.49169921875 0.00634765625 0.0322265625
0 0.110107421875 0.4716796875 0.01611328125 0.078125
0 0.07763671875 0.4736328125 0.017578125 0.083984375
0 0.091552734375 0.46923828125 0.02392578125 0.1162109375
0 0.56494140625 0.46044921875 0.009765625 0.0478515625
0 0.640869140625 0.4482421875 0.01318359375 0.064453125
0 0.6884765625 0.45654296875 0.0244140625 0.1201171875
0 0.925048828125 0.431640625 0.02880859375 0.140625
0 0.230712890625 0.46142578125 0.01220703125 0.0595703125
0 0.220703125 0.46337890625 0.01171875 0.0576171875
0 0.20751953125 0.4599609375 0.01171875 0.056640625
0 0.183349609375 0.46630859375 0.01123046875 0.0556640625
0 0.170166015625 0.470703125 0.01220703125 0.060546875
0 0.16455078125 0.46875 0.013671875 0.06640625
0 0.561279296875 0.45703125 0.00927734375 0.046875
0 0.526611328125 0.4638671875 0.01123046875 0.056640625
0 0.57373046875 0.4599609375 0.0107421875 0.052734375
0 0.827880859375 0.4404296875 0.02978515625 0.14453125
0 0.463134765625 0.48681640625 0.01904296875 0.0224609375
