0 0.656982421875 0.41064453125 0.00830078125 0.0400390625
0 0.67236328125 0.41552734375 0.01171875 0.0556640625
0 0.682861328125 0.4140625 0.01123046875 0.056640625
0 0.689208984375 0.4150390625 0.01611328125 0.078125
0 0.697998046875 0.42919921875 0.01025390625 0.0517578125
0 0.71337890625 0.4140625 0.0126953125 0.060546875
0 0.718017578125 0.4140625 0.01708984375 0.08203125
0 0.735595703125 0.43017578125 0.01025390625 0.0478515625
0 0.8037109375 0.43017578125 0.0283203125 0.1376953125
0 0.83251953125 0.42919921875 0.0283203125 0.1376953125
0 0.6142578125 0.42041015625 0.01171875 0.0556640625
0 0.609619140625 0.4189453125 0.01318359375 0.064453125
0 0.00927734375 0.45458984375 0.0263671875 0.1279296875
0 0.75439453125 0.41357421875 0.0234375 0.1142578125
