0 0.25390625 0.4501953125 0.009765625 0.048828125
0 0.261474609375 0.45556640625 0.00830078125 0.0419921875
0 0.270263671875 0.45947265625 0.01318359375 0.0634765625
0 0.224609375 0.46826171875 0.0107421875 0.0537109375
0 0.210693359375 0.46826171875 0.01416015625 0.0693359375
0 0.216796875 0.46728515625 0.0146484375 0.0712890625
0 0.09765625 0.49755859375 0.0283203125 0.1376953125
0 0.0185546875 0.50390625 0.03125 0.154296875
0 0.043212890625 0.49853515625 0.03369140625 0.1650390625
0 0.471435546875 0.435546875 0.00927734375 0.044921875
0 0.52783203125 0.43017578125 0.013671875 0.0654296875
0 0.539306640625 0.43505859375 0.01513671875 0.0732421875
0 0.515869140625 0.43212890625 0.01318359375 0.0634765625
0 0.798828125 0.4365234375 0.0390625 0.189453125
0 0.82177734375 0.43115234375 0.0380859375 0.1845703125
0 0.658203125 0.44873046875 0.0341796875 0.1669921875
0 0.24462890625 0.44970703125 0.0078125 0.0400390625
0 0.42724609375 0.4560546875 0.0341796875 0.16796875
