0 0.017822265625 0.447265625 0.02001953125 0.099609375
0 0.2392578125 0.43017578125 0.009765625 0.0478515625
0 0.169677734375 0.44287109375 0.02001953125 0.0986328125
0 0.603515625 0.4228515625 0.0166015625 0.080078125
0 0.412109375 0.49365234375 0.06640625 0.3232421875
0 0.796142578125 0.40966796875 0.02392578125 0.1162109375
0 0.803466796875 0.4111328125 0.02978515625 0.14453125
0 0.365966796875 0.4072265625 0.00537109375 0.0234375
0 0.37451171875 0.40625 0.005859375 0.025390625
0 0.385009765625 0.40185546875 0.00732421875 0.0302734375
0 0.853515625 0.3759765625 0.0302734375 0.029296875
