0 0.724365234375 0.4384765625 0.01416015625 0.0703125
0 0.1611328125 0.46044921875 0.0380859375 0.1865234375
0 0.12939453125 0.46533203125 0.037109375 0.1806640625
0 0.294677734375 0.45849609375 0.03564453125 0.1728515625
0 0.498046875 0.4560546875 0.0615234375 0.30078125
0 0.565185546875 0.46630859375 0.05517578125 0.2685546875
0 0.6201171875 0.4609375 0.052734375 0.2578125
0 0.775390625 0.4619140625 0.044921875 0.21875
0 0.759521484375 0.45654296875 0.04931640625 0.2412109375
0 0.015625 0.45166015625 0.03515625 0.1728515625
