0 0.558349609375 0.42578125 0.01904296875 0.048828125
0 0.2373046875 0.4560546875 0.0087890625 0.04296875
0 0.202392578125 0.45556640625 0.00927734375 0.0439453125
0 0.114990234375 0.46728515625 0.01123046875 0.0537109375
0 0.677734375 0.42431640625 0.01171875 0.0556640625
0 0.69287109375 0.419921875 0.013671875 0.068359375
0 0.686279296875 0.41845703125 0.01513671875 0.0732421875
0 0.706298828125 0.4228515625 0.01806640625 0.087890625
0 0.72265625 0.4189453125 0.017578125 0.087890625
0 0.7431640625 0.41796875 0.015625 0.078125
0 0.7568359375 0.41796875 0.0205078125 0.099609375
0 0.770263671875 0.41552734375 0.01806640625 0.0869140625
0 0.79443359375 0.421875 0.0244140625 0.119140625
0 0.86376953125 0.419921875 0.03125 0.15234375
