0 0.65087890625 0.41064453125 0.0126953125 0.0615234375
0 0.665771484375 0.404296875 0.01416015625 0.0703125
0 0.242431640625 0.423828125 0.02001953125 0.09765625
0 0.2216796875 0.419921875 0.0205078125 0.1015625
0 0.022216796875 0.4375 0.02978515625 0.146484375
0 0.784912109375 0.40478515625 0.02392578125 0.1162109375
0 0.8193359375 0.4052734375 0.03125 0.15234375
0 0.8388671875 0.4072265625 0.0302734375 0.1484375
0 0.00439453125 0.3779296875 0.0029296875 0.01953125
0 0.016845703125 0.4716796875 0.05224609375 0.25390625
