0 0.465576171875 0.45849609375 0.02490234375 0.1201171875
0 0.4697265625 0.4609375 0.0244140625 0.119140625
0 0.4912109375 0.46435546875 0.01953125 0.0966796875
0 0.502197265625 0.45751953125 0.02783203125 0.1357421875
0 0.567138671875 0.44775390625 0.02197265625 0.1083984375
0 0.55517578125 0.4560546875 0.025390625 0.125
0 0.59423828125 0.45166015625 0.0263671875 0.1279296875
0 0.589599609375 0.45751953125 0.02490234375 0.1201171875
0 0.70849609375 0.4462890625 0.033203125 0.16015625
0 0.648193359375 0.45263671875 0.02392578125 0.1162109375
0 0.91943359375 0.4580078125 0.021484375 0.10546875
0 0.76611328125 0.451171875 0.0341796875 0.166015625
0 0.23486328125 0.47265625 0.02734375 0.130859375
0 0.201416015625 0.4609375 0.02587890625 0.126953125
0 0.433837890625 0.45947265625 0.03173828125 0.1572265625
0 0.06298828125 0.474609375 0.017578125 0.041015625
0 0.14599609375 0.43994140625 0.052734375 0.1083984375
0 0.851318359375 0.39306640625 0.02978515625 0.0830078125
0 0.897705078125 0.47265625 0.05908203125 0.2109375
