0 0.031982421875 0.412109375 0.02197265625 0.107421875
0 0.34375 0.40673828125 0.009765625 0.0478515625
0 0.43603515625 0.40087890625 0.0166015625 0.0810546875
0 0.41796875 0.42724609375 0.0263671875 0.1298828125
0 0.3759765625 0.42919921875 0.0498046875 0.2431640625
0 0.9619140625 0.42041015625 0.0244140625 0.1201171875
0 0.14404296875 0.400390625 0.0205078125 0.099609375
0 0.89111328125 0.435546875 0.0302734375 0.1484375
0 0.87109375 0.43310546875 0.02734375 0.1318359375
0 0.85888671875 0.45654296875 0.0361328125 0.1748046875
0 0.88427734375 0.44384765625 0.0390625 0.1904296875
0 0.8837890625 0.48095703125 0.0244140625 0.1201171875
0 0.910888671875 0.44921875 0.03759765625 0.18359375
0 0.137451171875 0.4013671875 0.02099609375 0.103515625
0 0.16650390625 0.39599609375 0.01953125 0.0966796875
0 0.161865234375 0.40234375 0.02001953125 0.095703125
0 0.66357421875 0.431640625 0.01953125 0.095703125
0 0.644775390625 0.427734375 0.02880859375 0.138671875
0 0.60693359375 0.43798828125 0.0263671875 0.1298828125
0 0.64404296875 0.43896484375 0.0302734375 0.1748046875
0 0.61376953125 0.45068359375 0.03125 0.1513671875
0 0.510986328125 0.4248046875 0.02783203125 0.13671875
0 0.5 0.4453125 0.0400390625 0.1953125
0 0.478515625 0.45166015625 0.0224609375 0.2373046875
0 0.49755859375 0.4501953125 0.0419921875 0.205078125
0 0.468505859375 0.458984375 0.04638671875 0.2265625
0 0.542724609375 0.4453125 0.04248046875 0.208984375
0 0.573974609375 0.44580078125 0.03955078125 0.1923828125
0 0.695068359375 0.4248046875 0.02587890625 0.126953125
0 0.686767578125 0.44970703125 0.03466796875 0.1689453125
0 0.71728515625 0.4462890625 0.037109375 0.181640625
0 0.587646484375 0.43896484375 0.04541015625 0.2197265625
0 0.2646484375 0.47021484375 0.056640625 0.2763671875
0 0.99072265625 0.421875 0.021484375 0.10546875
0 0.837890625 0.439453125 0.041015625 0.201171875
0 0.20458984375 0.47021484375 0.0556640625 0.2724609375
0 0.52685546875 0.4541015625 0.048828125 0.23828125
0 0.4326171875 0.462890625 0.0166015625 0.08203125
0 0.409423828125 0.44921875 0.04345703125 0.212890625
