0 0.27099609375 0.39404296875 0.01171875 0.0556640625
0 0.49462890625 0.39501953125 0.0087890625 0.0419921875
0 0.503173828125 0.4013671875 0.01220703125 0.05859375
0 0.482177734375 0.38623046875 0.02099609375 0.0576171875
0 0.490478515625 0.43896484375 0.02001953125 0.0986328125
0 0.331298828125 0.42919921875 0.02099609375 0.1044921875
0 0.600341796875 0.396484375 0.02099609375 0.052734375
0 0.574951171875 0.435546875 0.02392578125 0.1171875
0 0.58056640625 0.43212890625 0.025390625 0.1220703125
0 0.513671875 0.43505859375 0.0224609375 0.1083984375
0 0.534423828125 0.42919921875 0.02490234375 0.1220703125
0 0.54345703125 0.43603515625 0.021484375 0.1064453125
0 0.205322265625 0.42626953125 0.02001953125 0.0986328125
0 0.182861328125 0.42333984375 0.02197265625 0.1083984375
0 0.168701171875 0.4111328125 0.01611328125 0.078125
0 0.148193359375 0.390625 0.02783203125 0.056640625
0 0.10009765625 0.4208984375 0.01953125 0.095703125
0 0.4501953125 0.43505859375 0.037109375 0.1806640625
0 0.425537109375 0.4375 0.03369140625 0.1640625
0 0.434814453125 0.4609375 0.04931640625 0.240234375
0 0.388916015625 0.43701171875 0.04345703125 0.2099609375
0 0.379638671875 0.34228515625 0.01123046875 0.0478515625
0 0.357666015625 0.4619140625 0.05517578125 0.267578125
0 0.389892578125 0.44921875 0.00634765625 0.169921875
0 0.4033203125 0.4658203125 0.0478515625 0.234375
0 0.37255859375 0.46142578125 0.056640625 0.2763671875
0 0.300537109375 0.44384765625 0.06396484375 0.3115234375
0 0.11376953125 0.39892578125 0.0302734375 0.0556640625
0 0.25341796875 0.44287109375 0.0380859375 0.1865234375
0 0.74365234375 0.40234375 0.0185546875 0.02734375
0 0.751953125 0.400390625 0.0009765625 0.005859375
0 0.752685546875 0.40625 0.00048828125 0.00390625
