0 0.56884765625 0.42236328125 0.0068359375 0.0322265625
0 0.476318359375 0.42431640625 0.00732421875 0.0361328125
0 0.45751953125 0.41845703125 0.0078125 0.0361328125
0 0.4501953125 0.42578125 0.0087890625 0.04296875
0 0.42529296875 0.4208984375 0.0087890625 0.04296875
0 0.62158203125 0.43603515625 0.01171875 0.0556640625
0 0.629638671875 0.435546875 0.01318359375 0.064453125
0 0.63916015625 0.4345703125 0.01171875 0.056640625
0 0.648681640625 0.431640625 0.01123046875 0.0546875
0 0.693603515625 0.439453125 0.02001953125 0.09765625
0 0.465087890625 0.42236328125 0.00634765625 0.0302734375
0 0.18505859375 0.4482421875 0.046875 0.228515625
