0 0.480712890625 0.46875 0.01123046875 0.056640625
0 0.386474609375 0.478515625 0.01025390625 0.048828125
0 0.374755859375 0.47802734375 0.00927734375 0.0458984375
0 0.2236328125 0.4580078125 0.021484375 0.10546875
0 0.262451171875 0.4638671875 0.01904296875 0.09375
0 0.275390625 0.45751953125 0.0234375 0.1142578125
0 0.697509765625 0.47705078125 0.04052734375 0.1982421875
0 0.68701171875 0.482421875 0.0439453125 0.212890625
0 0.752685546875 0.46630859375 0.04638671875 0.2275390625
0 0.85400390625 0.47998046875 0.0849609375 0.4150390625
0 0.896240234375 0.5546875 0.05517578125 0.26953125
0 0.80126953125 0.5078125 0.0830078125 0.404296875
0 0.77392578125 0.5166015625 0.0888671875 0.431640625
0 0.309814453125 0.4912109375 0.06787109375 0.33203125
0 0.404541015625 0.48876953125 0.00634765625 0.0322265625
