0 0.43115234375 0.43603515625 0.0185546875 0.0888671875
0 0.6787109375 0.48291015625 0.0205078125 0.1005859375
0 0.033447265625 0.4453125 0.01416015625 0.0703125
0 0.21728515625 0.43603515625 0.021484375 0.1025390625
0 0.3369140625 0.45654296875 0.0234375 0.1142578125
0 0.7841796875 0.48583984375 0.08984375 0.4365234375
0 0.37841796875 0.41943359375 0.02734375 0.0478515625
0 0.60302734375 0.4248046875 0.0166015625 0.041015625
0 0.693115234375 0.41455078125 0.02490234375 0.0771484375
0 0.69921875 0.53271484375 0.015625 0.0166015625
