0 0.499755859375 0.44677734375 0.01611328125 0.0791015625
0 0.775390625 0.439453125 0.015625 0.07421875
0 0.79541015625 0.447265625 0.0146484375 0.0703125
0 0.839599609375 0.4384765625 0.01806640625 0.025390625
0 0.82080078125 0.4326171875 0.0146484375 0.072265625
0 0.9326171875 0.4326171875 0.0205078125 0.1015625
0 0.947265625 0.439453125 0.017578125 0.0859375
0 0.9970703125 0.435546875 0.01953125 0.095703125
0 0.4677734375 0.4375 0.0048828125 0.0234375
0 0.469970703125 0.4384765625 0.00537109375 0.025390625
0 0.462890625 0.4375 0.005859375 0.02734375
0 0.111083984375 0.44921875 0.02490234375 0.12109375
0 0.480224609375 0.4443359375 0.01806640625 0.087890625
0 0.818115234375 0.443359375 0.01806640625 0.087890625
0 0.823974609375 0.44384765625 0.01025390625 0.0498046875
0 0.654052734375 0.43896484375 0.02880859375 0.0556640625
