0 0.248291015625 0.431640625 0.00830078125 0.041015625
0 0.21337890625 0.43701171875 0.0068359375 0.0341796875
0 0.23583984375 0.43701171875 0.0087890625 0.0419921875
0 0.223388671875 0.43408203125 0.00830078125 0.0400390625
0 0.677001953125 0.39599609375 0.00439453125 0.0146484375
0 0.047119140625 0.4462890625 0.02197265625 0.107421875
0 0.1865234375 0.43994140625 0.0068359375 0.0517578125
0 0.197509765625 0.4365234375 0.00634765625 0.05078125
0 0.206298828125 0.421875 0.00048828125 0.001953125
0 0.20703125 0.42724609375 0.0009765625 0.0048828125
