0 0.48779296875 0.46630859375 0.0126953125 0.0615234375
0 0.979736328125 0.48583984375 0.06884765625 0.3349609375
0 0.984619140625 0.42236328125 0.02587890625 0.1474609375
0 0.191162109375 0.46923828125 0.03662109375 0.1787109375
0 0.16015625 0.46435546875 0.0380859375 0.1865234375
0 0.148193359375 0.47314453125 0.04052734375 0.1982421875
0 0.0615234375 0.48876953125 0.072265625 0.3544921875
0 0.013427734375 0.53173828125 0.02099609375 0.2939453125
0 0.440673828125 0.470703125 0.01318359375 0.064453125
0 0.394287109375 0.4677734375 0.04541015625 0.076171875
0 0.447265625 0.43603515625 0.0322265625 0.0517578125
0 0.471923828125 0.44775390625 0.00732421875 0.0244140625
0 0.50732421875 0.43408203125 0.056640625 0.0537109375
