0 0.55615234375 0.43115234375 0.0068359375 0.0341796875
0 0.5654296875 0.42919921875 0.0078125 0.0380859375
0 0.57666015625 0.43115234375 0.009765625 0.0458984375
0 0.58642578125 0.4326171875 0.01171875 0.05859375
0 0.455810546875 0.41455078125 0.00439453125 0.0205078125
0 0.4462890625 0.427734375 0.0078125 0.037109375
0 0.436279296875 0.4296875 0.00830078125 0.0390625
0 0.428955078125 0.427734375 0.00927734375 0.044921875
0 0.371826171875 0.43017578125 0.01318359375 0.0634765625
0 0.378662109375 0.431640625 0.01318359375 0.064453125
0 0.385986328125 0.427734375 0.01513671875 0.07421875
0 0.349609375 0.4345703125 0.0146484375 0.072265625
0 0.32958984375 0.4287109375 0.015625 0.076171875
0 0.33984375 0.44287109375 0.021484375 0.1044921875
0 0.321533203125 0.42919921875 0.01513671875 0.0732421875
0 0.63623046875 0.435546875 0.015625 0.076171875
0 0.869384765625 0.4560546875 0.03076171875 0.150390625
0 0.90869140625 0.451171875 0.0302734375 0.146484375
0 0.9228515625 0.44775390625 0.03125 0.1513671875
0 0.904052734375 0.45458984375 0.03466796875 0.1689453125
0 0.9560546875 0.45849609375 0.03515625 0.1708984375
0 0.99951171875 0.46923828125 0.0390625 0.1904296875
0 0.86083984375 0.455078125 0.0380859375 0.185546875
0 0.814208984375 0.45703125 0.03662109375 0.177734375
0 0.406982421875 0.443359375 0.01708984375 0.083984375
0 0.3935546875 0.43896484375 0.0185546875 0.0888671875
0 0.618408203125 0.443359375 0.03369140625 0.1640625
