0 0.22314453125 0.43994140625 0.0107421875 0.0517578125
0 0.286865234375 0.44970703125 0.01708984375 0.0830078125
0 0.331298828125 0.4375 0.01806640625 0.087890625
0 0.367431640625 0.44189453125 0.01611328125 0.0791015625
0 0.690673828125 0.41748046875 0.01416015625 0.0693359375
0 0.68408203125 0.42138671875 0.0146484375 0.0732421875
0 0.81689453125 0.419921875 0.0283203125 0.13671875
0 0.06591796875 0.4453125 0.02734375 0.134765625
0 0.017333984375 0.4482421875 0.02783203125 0.134765625
0 0.25341796875 0.43896484375 0.0185546875 0.0908203125
