0 0.50048828125 0.4384765625 0.0244140625 0.119140625
0 0.531005859375 0.43798828125 0.02587890625 0.1279296875
0 0.53466796875 0.43310546875 0.0283203125 0.1396484375
0 0.6943359375 0.43408203125 0.0126953125 0.0634765625
0 0.66943359375 0.439453125 0.0185546875 0.091796875
0 0.642578125 0.4404296875 0.0185546875 0.08984375
0 0.630859375 0.4599609375 0.00390625 0.013671875
0 0.62255859375 0.4375 0.021484375 0.10546875
0 0.636474609375 0.4326171875 0.02392578125 0.1171875
0 0.8095703125 0.39453125 0.0078125 0.021484375
0 0.818359375 0.396484375 0.0087890625 0.017578125
0 0.92431640625 0.43408203125 0.021484375 0.1044921875
0 0.951904296875 0.4443359375 0.04150390625 0.201171875
0 0.871826171875 0.5244140625 0.13232421875 0.64453125
0 0.743896484375 0.515625 0.10107421875 0.4921875
0 0.58349609375 0.5419921875 0.119140625 0.58203125
0 0.411376953125 0.47412109375 0.05908203125 0.2861328125
0 0.1328125 0.43115234375 0.04296875 0.2080078125
0 0.141357421875 0.43310546875 0.04150390625 0.2021484375
0 0.356689453125 0.53759765625 0.11376953125 0.5556640625
0 0.0263671875 0.52001953125 0.1611328125 0.7861328125
0 0.784423828125 0.43212890625 0.04736328125 0.2314453125
0 0.191650390625 0.53564453125 0.10302734375 0.5029296875
