0 0.082275390625 0.4306640625 0.01513671875 0.07421875
0 0.20263671875 0.431640625 0.0107421875 0.052734375
0 0.257568359375 0.42822265625 0.01123046875 0.0556640625
0 0.265869140625 0.42578125 0.01220703125 0.060546875
0 0.311279296875 0.41845703125 0.00927734375 0.0458984375
0 0.466796875 0.41064453125 0.0048828125 0.0224609375
0 0.52392578125 0.404296875 0.0048828125 0.0234375
0 0.52783203125 0.40673828125 0.00390625 0.0166015625
0 0.647216796875 0.39892578125 0.01220703125 0.0458984375
0 0.63720703125 0.40673828125 0.0107421875 0.0517578125
0 0.688720703125 0.40673828125 0.01806640625 0.0888671875
0 0.6953125 0.42529296875 0.0283203125 0.1376953125
0 0.70458984375 0.43017578125 0.02734375 0.1337890625
0 0.6669921875 0.42138671875 0.02734375 0.1357421875
0 0.67626953125 0.421875 0.0283203125 0.138671875
0 0.75537109375 0.4052734375 0.0205078125 0.099609375
0 0.806396484375 0.4130859375 0.02197265625 0.107421875
