0 0.591064453125 0.4580078125 0.01611328125 0.078125
0 0.6015625 0.4580078125 0.015625 0.076171875
0 0.33056640625 0.474609375 0.02734375 0.134765625
0 0.30908203125 0.4755859375 0.033203125 0.16015625
0 0.679443359375 0.47021484375 0.03173828125 0.1533203125
0 0.656005859375 0.47265625 0.03173828125 0.154296875
0 0.634033203125 0.46533203125 0.03369140625 0.1630859375
0 0.243896484375 0.47900390625 0.02685546875 0.1318359375
0 0.279541015625 0.4775390625 0.02978515625 0.14453125
0 0.27294921875 0.47802734375 0.0302734375 0.1455078125
0 0.2314453125 0.47705078125 0.029296875 0.1416015625
0 0.342041015625 0.48388671875 0.02783203125 0.1357421875
0 0.365234375 0.466796875 0.0205078125 0.099609375
