0 0.7158203125 0.42529296875 0.0146484375 0.0712890625
0 0.779541015625 0.42236328125 0.01318359375 0.0654296875
0 0.79296875 0.41748046875 0.0205078125 0.0986328125
0 0.658935546875 0.42822265625 0.00927734375 0.0458984375
0 0.4990234375 0.43115234375 0.0166015625 0.0830078125
0 0.451904296875 0.42626953125 0.02685546875 0.1298828125
0 0.37451171875 0.43408203125 0.044921875 0.2177734375
0 0.509521484375 0.4287109375 0.01611328125 0.078125
0 0.330322265625 0.44091796875 0.04248046875 0.2060546875
0 0.72900390625 0.4267578125 0.013671875 0.06640625
0 0.7353515625 0.42578125 0.015625 0.076171875
0 0.403564453125 0.4189453125 0.01611328125 0.095703125
0 0.754150390625 0.42529296875 0.02197265625 0.0830078125
0 0.77392578125 0.41796875 0.0068359375 0.091796875
