0 0.357421875 0.42236328125 0.0126953125 0.0615234375
0 0.253173828125 0.43212890625 0.01806640625 0.0888671875
0 0.5419921875 0.46826171875 0.0537109375 0.2626953125
0 0.065185546875 0.44189453125 0.02685546875 0.1298828125
0 0.04052734375 0.44677734375 0.0263671875 0.1298828125
0 0.341552734375 0.427734375 0.01513671875 0.07421875
0 0.320068359375 0.4658203125 0.05712890625 0.27734375
0 0.951171875 0.39697265625 0.0224609375 0.1083984375
0 0.9150390625 0.396484375 0.0234375 0.115234375
0 0.9228515625 0.3974609375 0.025390625 0.125
