0 0.572265625 0.4287109375 0.0107421875 0.052734375
0 0.5712890625 0.423828125 0.0048828125 0.0234375
0 0.600830078125 0.4462890625 0.01318359375 0.064453125
0 0.622802734375 0.423828125 0.00537109375 0.029296875
0 0.6298828125 0.4404296875 0.0107421875 0.0546875
0 0.6376953125 0.43310546875 0.0087890625 0.0439453125
0 0.765380859375 0.431640625 0.01513671875 0.07421875
0 0.80322265625 0.4267578125 0.0146484375 0.0703125
0 0.66552734375 0.47900390625 0.033203125 0.1611328125
0 0.68310546875 0.48046875 0.0322265625 0.15625
0 0.843994140625 0.431640625 0.03076171875 0.150390625
0 0.9580078125 0.45458984375 0.0439453125 0.2138671875
0 0.061767578125 0.50830078125 0.06591796875 0.3212890625
0 0.613037109375 0.4521484375 0.01806640625 0.08984375
