0 0.27978515625 0.421875 0.0126953125 0.060546875
0 0.321044921875 0.43017578125 0.01416015625 0.0693359375
0 0.228759765625 0.42724609375 0.01220703125 0.0595703125
0 0.171875 0.4267578125 0.013671875 0.064453125
0 0.149169921875 0.4287109375 0.01806640625 0.087890625
0 0.05029296875 0.4482421875 0.0263671875 0.12890625
0 0.011474609375 0.453125 0.02685546875 0.130859375
0 0.7216796875 0.37109375 0.013671875 0.013671875
0 0.3828125 0.4482421875 0.0439453125 0.21484375
0 0.544677734375 0.45556640625 0.05126953125 0.2490234375
0 0.58154296875 0.458984375 0.0537109375 0.263671875
0 0.62890625 0.44580078125 0.0546875 0.2666015625
