0 0.604248046875 0.39404296875 0.01220703125 0.0595703125
0 0.297119140625 0.400390625 0.00830078125 0.041015625
0 0.2841796875 0.4033203125 0.0068359375 0.03515625
0 0.5009765625 0.41845703125 0.0283203125 0.1396484375
0 0.491455078125 0.3671875 0.00146484375 0.01953125
0 0.498779296875 0.4267578125 0.02978515625 0.146484375
0 0.524658203125 0.43310546875 0.03076171875 0.1494140625
0 0.4853515625 0.43115234375 0.0302734375 0.1474609375
0 0.638671875 0.4189453125 0.0224609375 0.109375
0 0.778076171875 0.40869140625 0.02001953125 0.0986328125
0 0.806884765625 0.4169921875 0.02099609375 0.103515625
0 0.940185546875 0.43310546875 0.02197265625 0.0966796875
0 0.931396484375 0.43115234375 0.02490234375 0.0751953125
0 0.9599609375 0.435546875 0.025390625 0.08984375
0 0.16259765625 0.4384765625 0.0244140625 0.119140625
0 0.151123046875 0.4375 0.02294921875 0.111328125
0 0.142822265625 0.42578125 0.02978515625 0.146484375
0 0.113037109375 0.43017578125 0.02685546875 0.1318359375
0 0.1083984375 0.4228515625 0.0380859375 0.185546875
0 0.67236328125 0.431640625 0.0283203125 0.13671875
0 0.646484375 0.41552734375 0.0322265625 0.1572265625
