0 0.630126953125 0.4052734375 0.01513671875 0.07421875
0 0.653076171875 0.4111328125 0.01416015625 0.068359375
0 0.668701171875 0.4130859375 0.02099609375 0.037109375
0 0.754638671875 0.4208984375 0.02001953125 0.09765625
0 0.981201171875 0.4208984375 0.02099609375 0.1015625
0 0.810546875 0.4306640625 0.0205078125 0.099609375
0 0.834228515625 0.4365234375 0.02783203125 0.134765625
0 0.68701171875 0.4326171875 0.0244140625 0.119140625
0 0.7001953125 0.4306640625 0.02734375 0.13671875
0 0.72216796875 0.43359375 0.02734375 0.1328125
0 0.24267578125 0.43310546875 0.0224609375 0.1103515625
0 0.257568359375 0.42724609375 0.02294921875 0.1103515625
0 0.277587890625 0.4423828125 0.02783203125 0.13671875
0 0.267333984375 0.44921875 0.03173828125 0.15625
0 0.28857421875 0.4443359375 0.0283203125 0.138671875
0 0.1337890625 0.453125 0.0390625 0.19140625
0 0.153076171875 0.46484375 0.03564453125 0.173828125
0 0.163330078125 0.4873046875 0.04736328125 0.232421875
0 0.10546875 0.50048828125 0.05078125 0.2470703125
0 0.014404296875 0.443359375 0.02392578125 0.115234375
0 0.058349609375 0.478515625 0.03759765625 0.181640625
0 0.02685546875 0.5107421875 0.046875 0.228515625
0 0.2978515625 0.44580078125 0.033203125 0.1611328125
0 0.27734375 0.48046875 0.02734375 0.09765625
0 0.17333984375 0.529296875 0.017578125 0.0625
0 0.1962890625 0.39892578125 0.0556640625 0.0771484375
0 0.2041015625 0.52490234375 0.0322265625 0.0732421875
0 0.225341796875 0.48779296875 0.00048828125 0.0009765625
0 0.22705078125 0.525390625 0.0029296875 0.03515625
0 0.850341796875 0.38330078125 0.01708984375 0.0244140625
0 0.883056640625 0.37451171875 0.03076171875 0.0302734375
