0 0.630126953125 0.41943359375 0.01220703125 0.0712890625
0 0.64013671875 0.41796875 0.015625 0.07421875
0 0.699951171875 0.42236328125 0.01416015625 0.0693359375
0 0.709716796875 0.4208984375 0.01416015625 0.068359375
0 0.7236328125 0.3876953125 0.0146484375 0.015625
0 0.737060546875 0.42236328125 0.01611328125 0.0791015625
0 0.50732421875 0.4052734375 0.009765625 0.046875
0 0.50341796875 0.4052734375 0.009765625 0.048828125
0 0.499267578125 0.4052734375 0.00732421875 0.052734375
0 0.493896484375 0.40869140625 0.00927734375 0.0439453125
0 0.48681640625 0.40673828125 0.009765625 0.0458984375
0 0.474853515625 0.40771484375 0.00927734375 0.0458984375
0 0.4814453125 0.40673828125 0.009765625 0.0478515625
0 0.141845703125 0.44580078125 0.05810546875 0.2841796875
0 0.2119140625 0.4072265625 0.01171875 0.07421875
0 0.196533203125 0.44482421875 0.01513671875 0.0576171875
0 0.223388671875 0.43115234375 0.02685546875 0.1298828125
0 0.24609375 0.427734375 0.0244140625 0.087890625
