0 0.5478515625 0.3876953125 0.0087890625 0.04296875
0 0.573974609375 0.39453125 0.00927734375 0.044921875
0 0.53564453125 0.41650390625 0.0078125 0.0380859375
0 0.458984375 0.40869140625 0.0166015625 0.0810546875
0 0.45166015625 0.41552734375 0.015625 0.0751953125
0 0.733642578125 0.44091796875 0.04443359375 0.2177734375
0 0.388427734375 0.43115234375 0.02294921875 0.1103515625
0 0.37451171875 0.4306640625 0.0234375 0.115234375
0 0.578369140625 0.41162109375 0.01220703125 0.0595703125
0 0.572265625 0.419921875 0.0146484375 0.072265625
0 0.55712890625 0.41552734375 0.0185546875 0.0908203125
