0 0.5615234375 0.439453125 0.009765625 0.046875
0 0.664794921875 0.42431640625 0.01416015625 0.0693359375
0 0.434326171875 0.42919921875 0.00537109375 0.0283203125
0 0.361083984375 0.4375 0.01708984375 0.029296875
0 0.39990234375 0.45556640625 0.013671875 0.0673828125
0 0.3037109375 0.4501953125 0.009765625 0.056640625
0 0.311767578125 0.44091796875 0.01416015625 0.0693359375
0 0.293701171875 0.4453125 0.01513671875 0.07421875
0 0.29931640625 0.46728515625 0.0087890625 0.0400390625
0 0.695556640625 0.38720703125 0.00927734375 0.0107421875
0 0.703369140625 0.42431640625 0.01611328125 0.0771484375
0 0.7470703125 0.38916015625 0.015625 0.0361328125
0 0.54443359375 0.4365234375 0.0078125 0.037109375
0 0.553955078125 0.43701171875 0.00732421875 0.0380859375
0 0.329345703125 0.46240234375 0.02978515625 0.1455078125
