0 0.016357421875 0.46875 0.03369140625 0.162109375
0 0.038818359375 0.46240234375 0.03857421875 0.1865234375
0 0.217529296875 0.46337890625 0.03271484375 0.1611328125
0 0.1513671875 0.49609375 0.0556640625 0.26953125
0 0.097900390625 0.4736328125 0.07177734375 0.3515625
0 0.255615234375 0.49462890625 0.03564453125 0.1455078125
0 0.286865234375 0.455078125 0.02587890625 0.056640625
0 0.3310546875 0.45654296875 0.0322265625 0.0712890625
0 0.820556640625 0.509765625 0.05908203125 0.287109375
0 0.74169921875 0.50048828125 0.06640625 0.3251953125
0 0.674072265625 0.51220703125 0.07666015625 0.3740234375
0 0.522216796875 0.462890625 0.04150390625 0.203125
0 0.54833984375 0.46142578125 0.0439453125 0.2138671875
