0 0.5595703125 0.4013671875 0.0078125 0.037109375
0 0.572998046875 0.40380859375 0.00732421875 0.0341796875
0 0.35546875 0.40966796875 0.0087890625 0.0439453125
0 0.1787109375 0.4130859375 0.0224609375 0.111328125
0 0.1845703125 0.4384765625 0.03125 0.150390625
0 0.21875 0.43994140625 0.029296875 0.1435546875
0 0.10986328125 0.43017578125 0.025390625 0.1220703125
0 0.135986328125 0.44091796875 0.03271484375 0.1591796875
0 0.322509765625 0.435546875 0.02392578125 0.1171875
0 0.860595703125 0.38232421875 0.03271484375 0.1611328125
0 0.93701171875 0.37646484375 0.0322265625 0.1572265625
0 0.83349609375 0.2138671875 0.0185546875 0.064453125
0 0.999755859375 0.39013671875 0.05419921875 0.2646484375
0 0.02294921875 0.453125 0.03515625 0.1171875
0 0.0556640625 0.44189453125 0.03125 0.1533203125
0 0.373779296875 0.5234375 0.09912109375 0.484375
0 0.906005859375 0.3994140625 0.07080078125 0.345703125
0 0.82861328125 0.40283203125 0.064453125 0.3134765625
0 0.757568359375 0.45751953125 0.07080078125 0.3466796875
