0 0.454345703125 0.41552734375 0.00830078125 0.0400390625
0 0.460205078125 0.37451171875 0.00439453125 0.0810546875
0 0.499755859375 0.42333984375 0.01318359375 0.0634765625
0 0.40087890625 0.46240234375 0.0185546875 0.0888671875
0 0.412841796875 0.4599609375 0.01806640625 0.087890625
0 0.427001953125 0.4599609375 0.02001953125 0.09765625
0 0.52587890625 0.42724609375 0.013671875 0.0654296875
0 0.53662109375 0.4296875 0.01171875 0.05859375
0 0.6611328125 0.4765625 0.02734375 0.1328125
0 0.6337890625 0.47216796875 0.0302734375 0.1474609375
0 0.836669921875 0.4619140625 0.05322265625 0.2578125
0 0.402099609375 0.40966796875 0.01416015625 0.0283203125
0 0.4677734375 0.47802734375 0.0478515625 0.1591796875
