0 0.146728515625 0.4619140625 0.01708984375 0.083984375
0 0.160888671875 0.4560546875 0.02197265625 0.107421875
0 0.0966796875 0.4560546875 0.021484375 0.10546875
0 0.11865234375 0.4609375 0.0205078125 0.099609375
0 0.484130859375 0.443359375 0.01904296875 0.09375
0 0.612060546875 0.42236328125 0.01220703125 0.0615234375
0 0.629638671875 0.42431640625 0.01318359375 0.0654296875
0 0.77294921875 0.4248046875 0.0185546875 0.091796875
0 0.45947265625 0.4443359375 0.0185546875 0.091796875
0 0.45263671875 0.44384765625 0.01953125 0.0947265625
0 0.249755859375 0.44970703125 0.02001953125 0.0986328125
0 0.3251953125 0.4541015625 0.0185546875 0.08984375
0 0.3818359375 0.45166015625 0.0166015625 0.0810546875
0 0.407958984375 0.44921875 0.03466796875 0.16796875
0 0.3994140625 0.44921875 0.0361328125 0.17578125
0 0.34130859375 0.44677734375 0.021484375 0.1044921875
