0 0.441162109375 0.42431640625 0.00927734375 0.0439453125
0 0.4541015625 0.423828125 0.0087890625 0.04296875
0 0.466552734375 0.4248046875 0.00830078125 0.041015625
0 0.49072265625 0.42529296875 0.013671875 0.0673828125
0 0.58837890625 0.4189453125 0.0126953125 0.0625
0 0.239501953125 0.41748046875 0.02294921875 0.1123046875
0 0.252685546875 0.4140625 0.02490234375 0.119140625
0 0.658447265625 0.42041015625 0.01806640625 0.0888671875
0 0.80126953125 0.44775390625 0.0361328125 0.1748046875
0 0.830810546875 0.43994140625 0.03857421875 0.1865234375
0 0.092041015625 0.42919921875 0.02587890625 0.1279296875
0 0.0009765625 0.44384765625 0.0390625 0.1884765625
0 0.049072265625 0.41796875 0.04736328125 0.23046875
0 0.40869140625 0.41943359375 0.0078125 0.0380859375
0 0.603515625 0.39306640625 0.017578125 0.0263671875
0 0.357666015625 0.4111328125 0.02685546875 0.072265625
