0 0.230224609375 0.17236328125 0.01904296875 0.0908203125
0 0.24462890625 0.17431640625 0.0185546875 0.0908203125
0 0.765869140625 0.43505859375 0.01318359375 0.0654296875
0 0.777099609375 0.42041015625 0.00732421875 0.0205078125
0 0.8935546875 0.42138671875 0.015625 0.0771484375
0 0.926025390625 0.3935546875 0.02001953125 0.02734375
0 0.983642578125 0.43017578125 0.02197265625 0.1064453125
0 0.88134765625 0.42578125 0.017578125 0.083984375
0 0.75244140625 0.4140625 0.015625 0.0390625
0 0.827392578125 0.41357421875 0.10107421875 0.0517578125
0 0.80712890625 0.4609375 0.001953125 0.033203125
