0 0.011962890625 0.43994140625 0.01318359375 0.0517578125
0 0.060302734375 0.4462890625 0.01025390625 0.048828125
0 0.33935546875 0.45849609375 0.009765625 0.0478515625
0 0.052734375 0.4443359375 0.0107421875 0.052734375
0 0.3505859375 0.44921875 0.0166015625 0.080078125
0 0.36083984375 0.44677734375 0.017578125 0.0849609375
0 0.429443359375 0.458984375 0.01123046875 0.0546875
0 0.47509765625 0.458984375 0.009765625 0.044921875
0 0.558837890625 0.46728515625 0.01611328125 0.0791015625
0 0.574462890625 0.46728515625 0.01513671875 0.0751953125
0 0.517578125 0.4599609375 0.0185546875 0.08984375
0 0.504638671875 0.47509765625 0.01318359375 0.0634765625
0 0.529541015625 0.47802734375 0.01318359375 0.0419921875
0 0.7880859375 0.4716796875 0.02734375 0.134765625
0 0.895263671875 0.48388671875 0.03955078125 0.1943359375
0 0.930908203125 0.47119140625 0.04638671875 0.2275390625
0 0.10009765625 0.44140625 0.0107421875 0.052734375
0 0.11083984375 0.4404296875 0.01171875 0.056640625
0 0.14892578125 0.44482421875 0.0107421875 0.0517578125
0 0.16162109375 0.4443359375 0.01171875 0.056640625
0 0.239990234375 0.4580078125 0.01025390625 0.05078125
0 0.23388671875 0.45849609375 0.0107421875 0.0537109375
0 0.20654296875 0.447265625 0.013671875 0.064453125
0 0.191650390625 0.44287109375 0.01416015625 0.0693359375
0 0.174560546875 0.447265625 0.00927734375 0.046875
0 0.449462890625 0.43701171875 0.01123046875 0.0185546875
0 0.493408203125 0.46533203125 0.01708984375 0.0576171875
