0 0.712890625 0.42919921875 0.0185546875 0.0908203125
0 0.39453125 0.41845703125 0.01171875 0.0576171875
0 0.291015625 0.41259765625 0.01171875 0.0576171875
0 0.28173828125 0.4130859375 0.0126953125 0.060546875
0 0.615234375 0.44580078125 0.0322265625 0.1572265625
0 0.96875 0.5078125 0.1181640625 0.578125
0 0.074462890625 0.39892578125 0.03466796875 0.0400390625
0 0.097900390625 0.3974609375 0.00634765625 0.0390625
0 0.13916015625 0.39697265625 0.07421875 0.0380859375
0 0.18701171875 0.39111328125 0.0087890625 0.0361328125
0 0.22412109375 0.3896484375 0.0400390625 0.03515625
0 0.3505859375 0.39892578125 0.0546875 0.0498046875
0 0.446533203125 0.38818359375 0.02880859375 0.0302734375
0 0.531005859375 0.4296875 0.12353515625 0.107421875
0 0.661865234375 0.41015625 0.05029296875 0.0625
0 0.73828125 0.3994140625 0.021484375 0.056640625
0 0.7392578125 0.42919921875 0.0029296875 0.0009765625
0 0.776611328125 0.39892578125 0.01708984375 0.0380859375
0 0.79443359375 0.39892578125 0.01171875 0.0478515625
0 0.827392578125 0.3935546875 0.03466796875 0.044921875
