0 0.48876953125 0.4443359375 0.0244140625 0.119140625
0 0.47216796875 0.44189453125 0.02734375 0.1337890625
0 0.65234375 0.42822265625 0.025390625 0.1240234375
0 0.56494140625 0.43896484375 0.0244140625 0.1279296875
0 0.75927734375 0.4326171875 0.017578125 0.0859375
0 0.786865234375 0.431640625 0.02685546875 0.130859375
0 0.807861328125 0.43017578125 0.02880859375 0.1396484375
0 0.885986328125 0.4326171875 0.02099609375 0.1015625
0 0.066650390625 0.4482421875 0.05126953125 0.248046875
0 0.448486328125 0.3974609375 0.00732421875 0.041015625
0 0.4609375 0.470703125 0.05859375 0.28515625
0 0.522705078125 0.47998046875 0.05908203125 0.2880859375
0 0.610595703125 0.43701171875 0.07275390625 0.3544921875
0 0.61669921875 0.46826171875 0.064453125 0.3134765625
0 0.689453125 0.44189453125 0.0791015625 0.3857421875
0 0.710205078125 0.50341796875 0.09130859375 0.4443359375
0 0.7373046875 0.5 0.1044921875 0.509765625
0 0.83349609375 0.51416015625 0.0927734375 0.4521484375
0 0.15087890625 0.5107421875 0.138671875 0.67578125
0 0.944091796875 0.46826171875 0.10986328125 0.5361328125
0 0.023193359375 0.4150390625 0.04052734375 0.220703125
