0 0.95068359375 0.42138671875 0.0146484375 0.0732421875
0 0.738525390625 0.45361328125 0.03466796875 0.1689453125
0 0.670166015625 0.4404296875 0.03955078125 0.19140625
0 0.685546875 0.44873046875 0.03515625 0.1708984375
0 0.5849609375 0.45849609375 0.0322265625 0.1552734375
0 0.56494140625 0.4609375 0.041015625 0.19921875
0 0.140380859375 0.484375 0.02392578125 0.1171875
0 0.073974609375 0.48583984375 0.02685546875 0.1318359375
0 0.78466796875 0.45751953125 0.05078125 0.2470703125
0 0.5625 0.44873046875 0.0302734375 0.1474609375
0 0.2060546875 0.4775390625 0.02734375 0.134765625
0 0.763671875 0.4326171875 0.0361328125 0.17578125
0 0.85205078125 0.3876953125 0.048828125 0.078125
0 0.858154296875 0.43798828125 0.03662109375 0.1787109375
0 0.89501953125 0.431640625 0.0322265625 0.15625
0 0.15087890625 0.4462890625 0.0087890625 0.046875
0 0.161865234375 0.44384765625 0.00732421875 0.0458984375
0 0.41845703125 0.4267578125 0.0234375 0.046875
