0 0.2880859375 0.4267578125 0.0078125 0.0390625
0 0.376220703125 0.43017578125 0.00634765625 0.0302734375
0 0.392822265625 0.44091796875 0.02685546875 0.1318359375
0 0.965087890625 0.44970703125 0.04052734375 0.1982421875
0 0.67626953125 0.435546875 0.01171875 0.056640625
0 0.68408203125 0.44140625 0.013671875 0.06640625
0 0.599365234375 0.42333984375 0.00830078125 0.0400390625
0 0.585693359375 0.4296875 0.00732421875 0.03515625
0 0.444580078125 0.40380859375 0.02001953125 0.0517578125
0 0.466552734375 0.40771484375 0.00830078125 0.0439453125
