0 0.12060546875 0.42626953125 0.0185546875 0.0908203125
0 0.514404296875 0.43310546875 0.01220703125 0.0576171875
0 0.529052734375 0.43310546875 0.01318359375 0.0634765625
0 0.5419921875 0.4345703125 0.0126953125 0.0625
0 0.5068359375 0.43359375 0.013671875 0.068359375
0 0.4990234375 0.4365234375 0.0146484375 0.0703125
0 0.4912109375 0.43408203125 0.015625 0.0751953125
0 0.455322265625 0.423828125 0.01611328125 0.080078125
0 0.460205078125 0.43603515625 0.01611328125 0.0771484375
0 0.47412109375 0.43310546875 0.0166015625 0.0830078125
0 0.44873046875 0.43798828125 0.021484375 0.1044921875
0 0.5517578125 0.4453125 0.0224609375 0.111328125
0 0.432861328125 0.44921875 0.02490234375 0.123046875
0 0.393310546875 0.4375 0.02294921875 0.11328125
0 0.39892578125 0.44384765625 0.0244140625 0.1181640625
0 0.413330078125 0.443359375 0.02392578125 0.115234375
0 0.415283203125 0.443359375 0.02685546875 0.1328125
0 0.347900390625 0.4453125 0.02490234375 0.12109375
0 0.371826171875 0.439453125 0.02294921875 0.111328125
0 0.80859375 0.4658203125 0.0361328125 0.17578125
0 0.77783203125 0.46337890625 0.0380859375 0.1865234375
0 0.21484375 0.43798828125 0.033203125 0.1630859375
0 0.937744140625 0.42333984375 0.01904296875 0.0927734375
0 0.92236328125 0.44140625 0.0263671875 0.12890625
0 0.94580078125 0.48046875 0.037109375 0.181640625
0 0.551513671875 0.46142578125 0.01806640625 0.0888671875
0 0.9814453125 0.4560546875 0.03125 0.15234375
0 0.248046875 0.43505859375 0.03125 0.1396484375
0 0.293701171875 0.43798828125 0.03759765625 0.1396484375
0 0.277587890625 0.5078125 0.00341796875 0.001953125
0 0.364990234375 0.4423828125 0.03759765625 0.154296875
0 0.712890625 0.44921875 0.0322265625 0.134765625
