0 0.38232421875 0.4326171875 0.017578125 0.083984375
0 0.577880859375 0.4248046875 0.01416015625 0.068359375
0 0.337646484375 0.43115234375 0.01806640625 0.0888671875
0 0.63818359375 0.4384765625 0.0166015625 0.08203125
0 0.6201171875 0.42822265625 0.0166015625 0.1083984375
0 0.646240234375 0.42724609375 0.02392578125 0.1162109375
0 0.66650390625 0.4306640625 0.0224609375 0.109375
0 0.728515625 0.43115234375 0.0400390625 0.1962890625
0 0.738525390625 0.44140625 0.04541015625 0.220703125
0 0.86376953125 0.435546875 0.046875 0.228515625
0 0.831298828125 0.4443359375 0.04638671875 0.228515625
0 0.21240234375 0.4501953125 0.02734375 0.1328125
0 0.036865234375 0.486328125 0.06494140625 0.318359375
0 0.4384765625 0.43603515625 0.0224609375 0.1103515625
0 0.427001953125 0.39697265625 0.01806640625 0.0205078125
0 0.466796875 0.40625 0.044921875 0.05859375
