0 0.538818359375 0.40966796875 0.00830078125 0.0400390625
0 0.624267578125 0.41064453125 0.01416015625 0.0693359375
0 0.6318359375 0.4140625 0.0146484375 0.0703125
0 0.652099609375 0.408203125 0.01904296875 0.09375
0 0.671630859375 0.4091796875 0.01806640625 0.08984375
0 0.69140625 0.41162109375 0.015625 0.0751953125
0 0.736083984375 0.41552734375 0.02783203125 0.1357421875
0 0.757568359375 0.41064453125 0.02490234375 0.1220703125
0 0.20458984375 0.4228515625 0.0263671875 0.12890625
0 0.199462890625 0.41455078125 0.03466796875 0.1689453125
0 0.099609375 0.41552734375 0.0400390625 0.1943359375
0 0.009521484375 0.4296875 0.03955078125 0.193359375
0 0.4375 0.40576171875 0.0078125 0.0380859375
0 0.3984375 0.41650390625 0.017578125 0.0869140625
