0 0.49609375 0.412109375 0.0068359375 0.02734375
0 0.566162109375 0.4169921875 0.00732421875 0.03125
0 0.40380859375 0.41455078125 0.01171875 0.0576171875
0 0.409912109375 0.412109375 0.01318359375 0.06640625
0 0.423095703125 0.41650390625 0.01318359375 0.0654296875
0 0.384765625 0.423828125 0.015625 0.076171875
0 0.591552734375 0.41796875 0.00732421875 0.03515625
0 0.3359375 0.41748046875 0.013671875 0.0458984375
0 0.361572265625 0.42578125 0.01416015625 0.068359375
0 0.37451171875 0.42041015625 0.0166015625 0.0810546875
0 0.33056640625 0.42919921875 0.0185546875 0.0732421875
0 0.26953125 0.41064453125 0.015625 0.0771484375
0 0.251220703125 0.421875 0.01806640625 0.087890625
0 0.062744140625 0.40673828125 0.00830078125 0.1025390625
0 0.95849609375 0.451171875 0.0185546875 0.138671875
0 0.98583984375 0.4658203125 0.0185546875 0.150390625
0 0.727294921875 0.41650390625 0.01904296875 0.0927734375
0 0.892333984375 0.4443359375 0.04443359375 0.216796875
0 0.933349609375 0.4462890625 0.04248046875 0.208984375
0 0.18017578125 0.42431640625 0.0244140625 0.1181640625
0 0.174560546875 0.4228515625 0.02685546875 0.130859375
0 0.50341796875 0.41796875 0.009765625 0.046875
0 0.300048828125 0.42919921875 0.03564453125 0.1748046875
0 0.642333984375 0.4189453125 0.01416015625 0.068359375
