0 0.372802734375 0.39208984375 0.01611328125 0.0771484375
0 0.357177734375 0.38671875 0.01806640625 0.087890625
0 0.317626953125 0.4375 0.03662109375 0.177734375
0 0.35107421875 0.439453125 0.0361328125 0.177734375
0 0.303955078125 0.44775390625 0.04052734375 0.1982421875
0 0.249267578125 0.43994140625 0.02880859375 0.1396484375
0 0.230712890625 0.43896484375 0.04248046875 0.2099609375
0 0.267578125 0.44677734375 0.044921875 0.2216796875
0 0.713623046875 0.458984375 0.04541015625 0.220703125
0 0.8525390625 0.4521484375 0.05078125 0.24609375
