0 0.630859375 0.40185546875 0.0087890625 0.0126953125
0 0.67333984375 0.41943359375 0.009765625 0.0478515625
0 0.701904296875 0.42919921875 0.01025390625 0.0498046875
0 0.712158203125 0.42724609375 0.01123046875 0.0537109375
0 0.72265625 0.43359375 0.01171875 0.056640625
0 0.737548828125 0.43017578125 0.01220703125 0.0595703125
0 0.74072265625 0.4404296875 0.017578125 0.0859375
0 0.99267578125 0.4189453125 0.0341796875 0.16796875
0 0.9658203125 0.42529296875 0.0263671875 0.1279296875
0 0.488037109375 0.42919921875 0.01123046875 0.0556640625
0 0.4638671875 0.4287109375 0.015625 0.076171875
