0 0.421630859375 0.431640625 0.02197265625 0.107421875
0 0.408935546875 0.43359375 0.02001953125 0.099609375
0 0.488037109375 0.4423828125 0.01904296875 0.091796875
0 0.56982421875 0.44189453125 0.0224609375 0.1103515625
0 0.541015625 0.4462890625 0.0224609375 0.111328125
0 0.685791015625 0.40576171875 0.01318359375 0.0263671875
0 0.37255859375 0.4736328125 0.037109375 0.181640625
0 0.362548828125 0.48388671875 0.03857421875 0.1865234375
0 0.478271484375 0.48291015625 0.03173828125 0.1552734375
0 0.650390625 0.462890625 0.0380859375 0.1875
0 0.65234375 0.46337890625 0.041015625 0.2001953125
0 0.751708984375 0.43798828125 0.05419921875 0.2646484375
0 0.474853515625 0.474609375 0.03857421875 0.189453125
0 0.318115234375 0.45751953125 0.02783203125 0.1376953125
