0 0.6064453125 0.466796875 0.0078125 0.037109375
0 0.581787109375 0.4697265625 0.00732421875 0.037109375
0 0.573486328125 0.46826171875 0.00830078125 0.0419921875
0 0.568115234375 0.466796875 0.00927734375 0.046875
0 0.563720703125 0.4619140625 0.01220703125 0.05859375
0 0.534423828125 0.47802734375 0.01611328125 0.0791015625
0 0.50927734375 0.47021484375 0.0234375 0.1142578125
0 0.550537109375 0.47314453125 0.01904296875 0.0927734375
0 0.330078125 0.51416015625 0.0703125 0.3427734375
0 0.593017578125 0.47900390625 0.01806640625 0.0888671875
0 0.612060546875 0.4697265625 0.00634765625 0.03125
0 0.61865234375 0.48046875 0.015625 0.076171875
0 0.6708984375 0.5029296875 0.0634765625 0.3125
0 0.7109375 0.50244140625 0.060546875 0.2939453125
0 0.789306640625 0.5126953125 0.06396484375 0.310546875
0 0.637939453125 0.46533203125 0.01220703125 0.0595703125
