0 0.48779296875 0.4326171875 0.0087890625 0.04296875
0 0.500244140625 0.4306640625 0.00927734375 0.044921875
0 0.496337890625 0.43359375 0.01123046875 0.052734375
0 0.47314453125 0.4345703125 0.0126953125 0.0625
0 0.388671875 0.43212890625 0.0087890625 0.0439453125
0 0.37255859375 0.4306640625 0.009765625 0.048828125
0 0.569580078125 0.43359375 0.00830078125 0.041015625
0 0.662841796875 0.42431640625 0.00927734375 0.0458984375
0 0.72412109375 0.42236328125 0.0126953125 0.0634765625
0 0.309814453125 0.44287109375 0.01513671875 0.0732421875
