0 0.07568359375 0.4443359375 0.0185546875 0.08984375
0 0.08984375 0.44189453125 0.0185546875 0.0888671875
0 0.058837890625 0.45458984375 0.02197265625 0.1083984375
0 0.036865234375 0.45166015625 0.02099609375 0.1005859375
0 0.370849609375 0.455078125 0.03173828125 0.154296875
0 0.3876953125 0.45166015625 0.0380859375 0.1845703125
0 0.419677734375 0.42919921875 0.02685546875 0.1298828125
0 0.429443359375 0.4208984375 0.02978515625 0.14453125
0 0.4375 0.42822265625 0.029296875 0.1416015625
0 0.447998046875 0.421875 0.03173828125 0.154296875
0 0.579833984375 0.41015625 0.06396484375 0.220703125
0 0.620849609375 0.46435546875 0.06201171875 0.3037109375
0 0.58837890625 0.51953125 0.072265625 0.353515625
0 0.637451171875 0.515625 0.08154296875 0.3984375
