0 0.362060546875 0.38818359375 0.00634765625 0.0302734375
0 0.3681640625 0.39111328125 0.0087890625 0.0439453125
0 0.356689453125 0.388671875 0.01123046875 0.056640625
0 0.56201171875 0.40673828125 0.015625 0.0751953125
0 0.377197265625 0.4033203125 0.01220703125 0.05859375
0 0.51318359375 0.4111328125 0.015625 0.076171875
0 0.582275390625 0.427734375 0.03759765625 0.0625
0 0.441650390625 0.3994140625 0.01318359375 0.06640625
0 0.396728515625 0.42626953125 0.05126953125 0.2490234375
0 0.332763671875 0.43505859375 0.04638671875 0.2275390625
0 0.213134765625 0.40869140625 0.01611328125 0.0791015625
0 0.26904296875 0.4658203125 0.0947265625 0.4609375
