0 0.4482421875 0.408203125 0.005859375 0.029296875
0 0.438720703125 0.41162109375 0.00537109375 0.0283203125
0 0.39306640625 0.408203125 0.0078125 0.037109375
0 0.38671875 0.4072265625 0.0087890625 0.04296875
0 0.383544921875 0.412109375 0.00732421875 0.037109375
0 0.375 0.41162109375 0.0087890625 0.0419921875
0 0.337890625 0.41845703125 0.0087890625 0.0439453125
0 0.29931640625 0.41845703125 0.0126953125 0.0634765625
0 0.28515625 0.41650390625 0.01171875 0.0595703125
0 0.73974609375 0.43896484375 0.037109375 0.1806640625
0 0.5810546875 0.40673828125 0.0078125 0.0361328125
0 0.595703125 0.40771484375 0.0107421875 0.0517578125
0 0.610595703125 0.42041015625 0.01708984375 0.0810546875
0 0.629150390625 0.41650390625 0.01611328125 0.0791015625
