0 0.458740234375 0.36767578125 0.00439453125 0.0224609375
0 0.47119140625 0.361328125 0.00390625 0.017578125
0 0.43798828125 0.3798828125 0.005859375 0.02734375
0 0.449462890625 0.40185546875 0.00732421875 0.0361328125
0 0.442626953125 0.40087890625 0.00732421875 0.0361328125
0 0.434326171875 0.421875 0.01513671875 0.07421875
0 0.405517578125 0.416015625 0.01123046875 0.0546875
0 0.41552734375 0.42626953125 0.0146484375 0.0712890625
0 0.400390625 0.42431640625 0.0146484375 0.0712890625
0 0.41259765625 0.423828125 0.0146484375 0.072265625
