0 0.763916015625 0.42529296875 0.00439453125 0.0224609375
0 0.87744140625 0.42724609375 0.0068359375 0.0322265625
0 0.78173828125 0.4267578125 0.0048828125 0.0234375
0 0.001953125 0.4091796875 0.015625 0.076171875
0 0.562744140625 0.42333984375 0.00927734375 0.0458984375
0 0.656982421875 0.431640625 0.03759765625 0.18359375
0 0.669677734375 0.42724609375 0.04638671875 0.2255859375
0 0.72265625 0.42724609375 0.037109375 0.1806640625
0 0.90087890625 0.42626953125 0.0078125 0.0380859375
0 0.601806640625 0.4208984375 0.01318359375 0.064453125
0 0.92041015625 0.423828125 0.0087890625 0.044921875
0 0.90576171875 0.42529296875 0.0068359375 0.0322265625
0 0.74658203125 0.4248046875 0.0087890625 0.017578125
