0 0.03662109375 0.42724609375 0.0205078125 0.0986328125
0 0.07177734375 0.42578125 0.01953125 0.09375
0 0.05908203125 0.42529296875 0.01953125 0.0966796875
0 0.050048828125 0.42529296875 0.01904296875 0.0947265625
0 0.07421875 0.4287109375 0.01953125 0.09375
0 0.09130859375 0.42431640625 0.0185546875 0.0908203125
0 0.36767578125 0.38671875 0.0068359375 0.033203125
0 0.141845703125 0.39599609375 0.00537109375 0.0263671875
0 0.16259765625 0.3984375 0.005859375 0.029296875
0 0.16943359375 0.3984375 0.005859375 0.029296875
0 0.177734375 0.3994140625 0.0048828125 0.0234375
0 0.37451171875 0.3896484375 0.0068359375 0.033203125
0 0.53466796875 0.44189453125 0.046875 0.2294921875
0 0.470458984375 0.4208984375 0.01513671875 0.076171875
