0 0.57666015625 0.39013671875 0.0107421875 0.0517578125
0 0.397216796875 0.38671875 0.01904296875 0.044921875
0 0.5029296875 0.38330078125 0.0107421875 0.0517578125
0 0.507568359375 0.38427734375 0.01025390625 0.0517578125
0 0.542724609375 0.38671875 0.01025390625 0.048828125
0 0.5205078125 0.39013671875 0.0126953125 0.0634765625
0 0.60302734375 0.390625 0.0107421875 0.05078125
0 0.62939453125 0.39501953125 0.0107421875 0.0517578125
0 0.4775390625 0.408203125 0.0185546875 0.08984375
0 0.6630859375 0.41455078125 0.015625 0.0771484375
