0 0.992431640625 0.4443359375 0.06103515625 0.298828125
0 0.853759765625 0.46240234375 0.06494140625 0.3173828125
0 0.678955078125 0.47216796875 0.05517578125 0.2685546875
0 0.66162109375 0.46728515625 0.0693359375 0.3388671875
0 0.080078125 0.4326171875 0.0234375 0.115234375
0 0.41552734375 0.40625 0.0126953125 0.0625
0 0.4677734375 0.490234375 0.05859375 0.287109375
0 0.40625 0.46826171875 0.060546875 0.2939453125
0 0.354736328125 0.4716796875 0.08251953125 0.40234375
0 0.210693359375 0.490234375 0.09130859375 0.4453125
0 0.84423828125 0.48486328125 0.0771484375 0.3759765625
0 0.888671875 0.515625 0.1318359375 0.64453125
0 0.769287109375 0.46484375 0.06298828125 0.306640625
0 0.791748046875 0.47216796875 0.06982421875 0.3408203125
0 0.505859375 0.49755859375 0.0693359375 0.3388671875
0 0.568359375 0.47216796875 0.087890625 0.4287109375
0 0.9736328125 0.50048828125 0.0478515625 0.2958984375
0 0.975341796875 0.51708984375 0.04443359375 0.4013671875
