0 0.324951171875 0.474609375 0.01904296875 0.091796875
0 0.34326171875 0.466796875 0.017578125 0.0859375
0 0.292236328125 0.4853515625 0.02490234375 0.12109375
0 0.2724609375 0.48583984375 0.0244140625 0.1181640625
0 0.079345703125 0.51513671875 0.04443359375 0.2158203125
0 0.105224609375 0.52099609375 0.04345703125 0.2138671875
0 0.0556640625 0.51025390625 0.0498046875 0.2412109375
0 0.150146484375 0.5185546875 0.04541015625 0.220703125
0 0.664794921875 0.47705078125 0.04052734375 0.1962890625
0 0.67236328125 0.4775390625 0.0478515625 0.234375
0 0.677001953125 0.48974609375 0.05419921875 0.2626953125
0 0.731201171875 0.44775390625 0.03564453125 0.1728515625
0 0.748046875 0.443359375 0.0400390625 0.197265625
0 0.7734375 0.4501953125 0.0419921875 0.205078125
0 0.79248046875 0.44775390625 0.0458984375 0.2255859375
0 0.5654296875 0.44189453125 0.0107421875 0.0537109375
0 0.57421875 0.44384765625 0.01171875 0.0556640625
0 0.570068359375 0.44677734375 0.01025390625 0.0517578125
