0 0.559326171875 0.39208984375 0.00634765625 0.0322265625
0 0.552734375 0.39453125 0.005859375 0.029296875
0 0.587890625 0.392578125 0.005859375 0.02734375
0 0.302001953125 0.40966796875 0.01025390625 0.0498046875
0 0.540283203125 0.396484375 0.00537109375 0.02734375
0 0.54541015625 0.3935546875 0.005859375 0.02734375
0 0.5361328125 0.392578125 0.005859375 0.029296875
0 0.8466796875 0.42919921875 0.0283203125 0.1376953125
0 0.474609375 0.375 0.0048828125 0.0234375
0 0.497802734375 0.3505859375 0.00244140625 0.01171875
0 0.488037109375 0.3603515625 0.00341796875 0.015625
0 0.570556640625 0.39501953125 0.00830078125 0.0400390625
0 0.558349609375 0.4033203125 0.00244140625 0.0078125
0 0.5654296875 0.39501953125 0.0078125 0.0341796875
0 0.57763671875 0.3984375 0.009765625 0.03515625
