0 0.364990234375 0.43701171875 0.02197265625 0.1083984375
0 0.412353515625 0.41796875 0.01123046875 0.0546875
0 0.84033203125 0.4423828125 0.013671875 0.068359375
0 0.86181640625 0.45458984375 0.009765625 0.0458984375
0 0.342529296875 0.4375 0.02099609375 0.1015625
0 0.399658203125 0.41943359375 0.01318359375 0.0654296875
0 0.34423828125 0.4248046875 0.0244140625 0.1171875
0 0.251708984375 0.4365234375 0.02099609375 0.1015625
0 0.9541015625 0.47119140625 0.021484375 0.1044921875
0 0.617919921875 0.4228515625 0.01025390625 0.048828125
