0 0.989501953125 0.37255859375 0.00927734375 0.0458984375
0 0.9365234375 0.4482421875 0.0595703125 0.29296875
0 0.82421875 0.48828125 0.07421875 0.361328125
0 0.892822265625 0.5107421875 0.10791015625 0.525390625
0 0.826171875 0.4873046875 0.0859375 0.419921875
0 0.8662109375 0.52978515625 0.1142578125 0.5556640625
0 0.624267578125 0.45556640625 0.05810546875 0.2841796875
0 0.68212890625 0.47998046875 0.0654296875 0.3173828125
0 0.63916015625 0.4873046875 0.0732421875 0.357421875
0 0.570556640625 0.46728515625 0.06298828125 0.3076171875
0 0.60693359375 0.486328125 0.083984375 0.41015625
0 0.669921875 0.54296875 0.1103515625 0.537109375
0 0.739013671875 0.5625 0.12158203125 0.59375
0 0.468994140625 0.4560546875 0.06591796875 0.322265625
0 0.51220703125 0.46728515625 0.0703125 0.3427734375
0 0.4697265625 0.4814453125 0.0888671875 0.43359375
0 0.4228515625 0.4404296875 0.05859375 0.28515625
0 0.161865234375 0.470703125 0.05810546875 0.28515625
0 0.371826171875 0.4609375 0.06982421875 0.341796875
0 0.431884765625 0.50244140625 0.11767578125 0.5732421875
0 0.145751953125 0.45703125 0.06396484375 0.310546875
0 0.107666015625 0.46923828125 0.07568359375 0.3701171875
0 0.033447265625 0.47509765625 0.08544921875 0.4169921875
0 0.18115234375 0.50732421875 0.0693359375 0.3388671875
0 0.246826171875 0.47412109375 0.09033203125 0.4384765625
0 0.21435546875 0.49169921875 0.05859375 0.2861328125
