0 0.83349609375 0.4091796875 0.021484375 0.10546875
0 0.887451171875 0.39111328125 0.02197265625 0.1083984375
0 0.89794921875 0.4189453125 0.03125 0.150390625
0 0.99365234375 0.3935546875 0.0380859375 0.185546875
0 0.9443359375 0.515625 0.0576171875 0.28125
0 0.54345703125 0.43115234375 0.0302734375 0.1455078125
0 0.518310546875 0.4365234375 0.02880859375 0.140625
0 0.467041015625 0.43603515625 0.01220703125 0.0615234375
0 0.369384765625 0.4345703125 0.01220703125 0.060546875
0 0.3095703125 0.4296875 0.0166015625 0.08203125
0 0.226318359375 0.43212890625 0.02294921875 0.1123046875
0 0.2490234375 0.4423828125 0.041015625 0.19921875
0 0.009765625 0.43896484375 0.013671875 0.1123046875
