0 0.04833984375 0.41748046875 0.0341796875 0.1669921875
0 0.067138671875 0.423828125 0.03173828125 0.15625
0 0.677001953125 0.47119140625 0.06396484375 0.3115234375
0 0.718994140625 0.5029296875 0.08447265625 0.412109375
0 0.353759765625 0.4892578125 0.05517578125 0.26953125
0 0.584716796875 0.46923828125 0.06298828125 0.3056640625
0 0.4267578125 0.4404296875 0.056640625 0.27734375
0 0.426513671875 0.4521484375 0.05419921875 0.265625
0 0.389404296875 0.47998046875 0.05322265625 0.2587890625
0 0.4560546875 0.46044921875 0.0771484375 0.3759765625
0 0.3759765625 0.474609375 0.0703125 0.34375
0 0.34912109375 0.46826171875 0.076171875 0.3720703125
0 0.34033203125 0.4873046875 0.0732421875 0.357421875
0 0.313232421875 0.48876953125 0.08447265625 0.4130859375
0 0.124755859375 0.46240234375 0.07177734375 0.3505859375
0 0.099853515625 0.49658203125 0.11181640625 0.5439453125
0 0.022705078125 0.5673828125 0.02490234375 0.09765625
0 0.013671875 0.49462890625 0.021484375 0.2900390625
0 0.21435546875 0.4462890625 0.0732421875 0.357421875
0 0.208251953125 0.4873046875 0.08837890625 0.431640625
0 0.215087890625 0.5341796875 0.10595703125 0.515625
0 0.487060546875 0.490234375 0.08935546875 0.435546875
0 0.276123046875 0.54931640625 0.11865234375 0.5791015625
0 0.5087890625 0.4990234375 0.1005859375 0.490234375
0 0.466064453125 0.5126953125 0.10693359375 0.521484375
0 0.9482421875 0.49072265625 0.1064453125 0.5185546875
0 0.83935546875 0.45703125 0.0595703125 0.291015625
0 0.854248046875 0.4833984375 0.07275390625 0.357421875
