0 0.807861328125 0.41796875 0.00146484375 0.02734375
0 0.717529296875 0.328125 0.00244140625 0.01171875
0 0.72509765625 0.41259765625 0.017578125 0.0849609375
0 0.739990234375 0.40966796875 0.02001953125 0.0966796875
0 0.49951171875 0.390625 0.0087890625 0.04296875
0 0.49755859375 0.3525390625 0.0029296875 0.0546875
0 0.47021484375 0.39599609375 0.009765625 0.0478515625
0 0.360107421875 0.41259765625 0.01806640625 0.0869140625
0 0.02099609375 0.41064453125 0.015625 0.0751953125
0 0.23046875 0.40478515625 0.0205078125 0.1005859375
0 0.15185546875 0.412109375 0.0185546875 0.08984375
0 0.050048828125 0.36669921875 0.00732421875 0.1708984375
0 0.25341796875 0.40478515625 0.0185546875 0.0908203125
0 0.25439453125 0.41162109375 0.0166015625 0.0810546875
0 0.283447265625 0.40234375 0.02001953125 0.09765625
0 0.277099609375 0.40869140625 0.02001953125 0.0986328125
0 0.2724609375 0.40673828125 0.0205078125 0.0986328125
0 0.2900390625 0.40478515625 0.0185546875 0.0908203125
0 0.290283203125 0.40576171875 0.02099609375 0.1005859375
0 0.30126953125 0.40576171875 0.0205078125 0.1005859375
0 0.316650390625 0.40771484375 0.02001953125 0.0986328125
0 0.3173828125 0.40966796875 0.01953125 0.0947265625
0 0.369140625 0.41064453125 0.0185546875 0.0927734375
0 0.373046875 0.408203125 0.0205078125 0.099609375
0 0.195068359375 0.416015625 0.01220703125 0.08984375
0 0.334228515625 0.40771484375 0.02685546875 0.1005859375
