0 0.6005859375 0.44287109375 0.017578125 0.0849609375
0 0.698974609375 0.49267578125 0.07568359375 0.3701171875
0 0.79736328125 0.49462890625 0.091796875 0.4462890625
0 0.857666015625 0.2900390625 0.01416015625 0.1015625
0 0.875732421875 0.35302734375 0.00048828125 0.0009765625
0 0.880615234375 0.49560546875 0.09912109375 0.4833984375
0 0.009765625 0.4189453125 0.0126953125 0.091796875
0 0.0048828125 0.4638671875 0.0029296875 0.017578125
0 0.014892578125 0.51171875 0.00146484375 0.00390625
0 0.023681640625 0.41943359375 0.00537109375 0.0537109375
