0 0.615234375 0.44287109375 0.0087890625 0.0419921875
0 0.524658203125 0.45654296875 0.02197265625 0.1064453125
0 0.557861328125 0.453125 0.02685546875 0.130859375
0 0.68896484375 0.44775390625 0.0146484375 0.0712890625
0 0.684814453125 0.4599609375 0.02392578125 0.1171875
0 0.77392578125 0.4521484375 0.0244140625 0.119140625
0 0.78955078125 0.45751953125 0.0224609375 0.1083984375
0 0.806640625 0.45654296875 0.0224609375 0.1103515625
0 0.89208984375 0.45849609375 0.0302734375 0.1474609375
0 0.357666015625 0.4375 0.04248046875 0.13671875
0 0.539306640625 0.45068359375 0.02783203125 0.1318359375
0 0.5556640625 0.5009765625 0.0078125 0.03515625
