0 0.55908203125 0.44970703125 0.0068359375 0.0322265625
0 0.553466796875 0.4521484375 0.00634765625 0.029296875
0 0.46533203125 0.4521484375 0.01171875 0.056640625
0 0.45458984375 0.45361328125 0.0107421875 0.0517578125
0 0.442138671875 0.45263671875 0.01025390625 0.0517578125
0 0.426513671875 0.45849609375 0.01416015625 0.0673828125
0 0.4755859375 0.458984375 0.013671875 0.06640625
0 0.488037109375 0.4521484375 0.01513671875 0.07421875
0 0.361083984375 0.45654296875 0.01611328125 0.0791015625
0 0.377197265625 0.4599609375 0.01513671875 0.076171875
