0 0.02685546875 0.45556640625 0.0283203125 0.1376953125
0 0.0634765625 0.4609375 0.02734375 0.1328125
0 0.0927734375 0.4521484375 0.0302734375 0.146484375
0 0.59326171875 0.4287109375 0.0087890625 0.041015625
0 0.60498046875 0.4287109375 0.0087890625 0.04296875
0 0.633544921875 0.42724609375 0.00927734375 0.0439453125
0 0.64794921875 0.4296875 0.0107421875 0.05078125
0 0.783203125 0.42236328125 0.0224609375 0.1103515625
0 0.826904296875 0.4287109375 0.02001953125 0.09765625
0 0.518798828125 0.423828125 0.00341796875 0.017578125
