0 0.115234375 0.466796875 0.0126953125 0.0625
0 0.130859375 0.46533203125 0.0146484375 0.0693359375
0 0.1513671875 0.46240234375 0.013671875 0.0673828125
0 0.163330078125 0.46337890625 0.01318359375 0.0634765625
0 0.287109375 0.44873046875 0.025390625 0.1240234375
0 0.267333984375 0.45751953125 0.02880859375 0.1396484375
0 0.3154296875 0.455078125 0.025390625 0.123046875
0 0.300537109375 0.466796875 0.02685546875 0.130859375
0 0.36474609375 0.45751953125 0.0283203125 0.1376953125
0 0.381103515625 0.455078125 0.02783203125 0.13671875
0 0.515380859375 0.43359375 0.01416015625 0.068359375
0 0.566162109375 0.43017578125 0.01708984375 0.0849609375
0 0.60693359375 0.4228515625 0.0146484375 0.0703125
0 0.992431640625 0.43408203125 0.08740234375 0.4248046875
0 0.91796875 0.466796875 0.0810546875 0.39453125
0 0.3388671875 0.453125 0.0283203125 0.138671875
