0 0.69287109375 0.43408203125 0.01171875 0.0576171875
0 0.7275390625 0.43408203125 0.0107421875 0.0498046875
0 0.73486328125 0.43408203125 0.0107421875 0.0517578125
0 0.865966796875 0.43701171875 0.02099609375 0.1025390625
0 0.88623046875 0.44189453125 0.01953125 0.0947265625
0 0.18212890625 0.44921875 0.0146484375 0.072265625
0 0.201904296875 0.44775390625 0.01513671875 0.0732421875
0 0.404541015625 0.44580078125 0.02685546875 0.0986328125
0 0.615234375 0.4189453125 0.005859375 0.02734375
0 0.62939453125 0.42041015625 0.017578125 0.0244140625
0 0.670166015625 0.41552734375 0.00927734375 0.0341796875
0 0.67822265625 0.41552734375 0.0048828125 0.0341796875
0 0.97021484375 0.42724609375 0.0556640625 0.1103515625
