0 0.843017578125 0.41845703125 0.02294921875 0.1123046875
0 0.958740234375 0.419921875 0.02587890625 0.125
0 0.88330078125 0.41015625 0.0244140625 0.12109375
0 0.870361328125 0.40869140625 0.02783203125 0.1337890625
0 0.910400390625 0.4248046875 0.02392578125 0.115234375
0 0.892822265625 0.41162109375 0.02880859375 0.1396484375
0 0.203125 0.44970703125 0.0322265625 0.1572265625
0 0.156982421875 0.443359375 0.03173828125 0.154296875
0 0.187744140625 0.45458984375 0.03271484375 0.1591796875
0 0.1708984375 0.45654296875 0.03125 0.1513671875
0 0.007080078125 0.43115234375 0.01416015625 0.0712890625
0 0.21923828125 0.39404296875 0.0234375 0.0576171875
