0 0.200927734375 0.51171875 0.01513671875 0.07421875
0 0.197021484375 0.5146484375 0.01416015625 0.0703125
0 0.338623046875 0.5068359375 0.01318359375 0.06640625
0 0.287841796875 0.50390625 0.01318359375 0.064453125
0 0.279052734375 0.50390625 0.01318359375 0.064453125
0 0.45947265625 0.49609375 0.01171875 0.056640625
0 0.52197265625 0.4951171875 0.009765625 0.048828125
0 0.581787109375 0.49951171875 0.01123046875 0.0556640625
0 0.677734375 0.49560546875 0.0087890625 0.0439453125
0 0.693603515625 0.49560546875 0.00927734375 0.0458984375
0 0.61767578125 0.5 0.0107421875 0.052734375
0 0.751220703125 0.48974609375 0.01513671875 0.0732421875
0 0.758056640625 0.4912109375 0.01318359375 0.064453125
0 0.9169921875 0.46484375 0.0244140625 0.119140625
0 0.872802734375 0.46826171875 0.02392578125 0.1181640625
0 0.7978515625 0.48046875 0.0205078125 0.099609375
0 0.955810546875 0.45703125 0.02587890625 0.125
0 0.2412109375 0.5087890625 0.013671875 0.064453125
0 0.333251953125 0.5048828125 0.01318359375 0.0625
0 0.553955078125 0.5009765625 0.01416015625 0.0703125
0 0.8154296875 0.48388671875 0.0146484375 0.0732421875
0 0.498046875 0.47705078125 0.0380859375 0.0283203125
