0 0.666259765625 0.41162109375 0.01123046875 0.0556640625
0 0.359619140625 0.423828125 0.01123046875 0.0546875
0 0.152099609375 0.447265625 0.02197265625 0.107421875
0 0.6259765625 0.41162109375 0.0107421875 0.0537109375
0 0.377685546875 0.41064453125 0.02001953125 0.0322265625
0 0.380615234375 0.42626953125 0.00927734375 0.0009765625
0 0.389404296875 0.40283203125 0.00146484375 0.0009765625
0 0.3896484375 0.42529296875 0.0009765625 0.0009765625
0 0.39990234375 0.39892578125 0.009765625 0.0087890625
0 0.402099609375 0.42431640625 0.00048828125 0.0009765625
0 0.474853515625 0.41650390625 0.02099609375 0.0654296875
0 0.52978515625 0.4150390625 0.0224609375 0.056640625
0 0.786865234375 0.39111328125 0.01123046875 0.0361328125
0 0.803466796875 0.40087890625 0.00439453125 0.0537109375
