0 0.251220703125 0.40771484375 0.00732421875 0.0361328125
0 0.19189453125 0.4169921875 0.01171875 0.05859375
0 0.19873046875 0.41650390625 0.013671875 0.0654296875
0 0.20703125 0.43505859375 0.0185546875 0.0927734375
0 0.5859375 0.4306640625 0.0205078125 0.1015625
0 0.626708984375 0.42236328125 0.01904296875 0.0927734375
0 0.725341796875 0.4150390625 0.02783203125 0.13671875
0 0.708740234375 0.416015625 0.02978515625 0.14453125
0 0.678955078125 0.41796875 0.03173828125 0.154296875
0 0.50634765625 0.390625 0.009765625 0.017578125
