0 0.717041015625 0.44970703125 0.01806640625 0.0869140625
0 0.798095703125 0.43701171875 0.01611328125 0.0791015625
0 0.89697265625 0.43505859375 0.0205078125 0.0986328125
0 0.922119140625 0.43310546875 0.02099609375 0.1025390625
0 0.951416015625 0.43408203125 0.02490234375 0.1201171875
0 0.9033203125 0.45068359375 0.0322265625 0.1591796875
0 0.867431640625 0.455078125 0.03076171875 0.150390625
0 0.636474609375 0.44091796875 0.00341796875 0.0478515625
0 0.6552734375 0.4384765625 0.0244140625 0.0390625
0 0.705810546875 0.43994140625 0.01318359375 0.0556640625
0 0.747314453125 0.447265625 0.01708984375 0.072265625
