0 0.421142578125 0.51806640625 0.01318359375 0.0654296875
0 0.464599609375 0.51171875 0.01318359375 0.064453125
0 0.946044921875 0.48486328125 0.01318359375 0.0634765625
0 0.595947265625 0.51025390625 0.01025390625 0.0498046875
0 0.606201171875 0.51123046875 0.01025390625 0.0498046875
0 0.1767578125 0.51513671875 0.0146484375 0.0712890625
0 0.184814453125 0.5224609375 0.01513671875 0.072265625
0 0.200927734375 0.51708984375 0.01513671875 0.0732421875
0 0.286865234375 0.51123046875 0.01416015625 0.0673828125
0 0.896728515625 0.4677734375 0.02685546875 0.130859375
0 0.875244140625 0.478515625 0.02294921875 0.11328125
0 0.67236328125 0.51904296875 0.076171875 0.3701171875
0 0.548095703125 0.544921875 0.06494140625 0.318359375
0 0.544189453125 0.5166015625 0.08837890625 0.4296875
0 0.49951171875 0.48291015625 0.0322265625 0.0341796875
