0 0.3876953125 0.40966796875 0.0068359375 0.0341796875
0 0.396484375 0.40673828125 0.0068359375 0.0322265625
0 0.406494140625 0.4052734375 0.00439453125 0.029296875
0 0.40966796875 0.40625 0.0029296875 0.025390625
0 0.65673828125 0.4091796875 0.0087890625 0.04296875
0 0.6533203125 0.40771484375 0.009765625 0.0478515625
0 0.6796875 0.4296875 0.01171875 0.056640625
0 0.670654296875 0.435546875 0.01416015625 0.068359375
0 0.5078125 0.44482421875 0.021484375 0.1044921875
0 0.50830078125 0.44970703125 0.01953125 0.0947265625
0 0.526123046875 0.44140625 0.02197265625 0.107421875
0 0.530517578125 0.45751953125 0.01708984375 0.0830078125
0 0.529541015625 0.46435546875 0.01611328125 0.0791015625
0 0.477294921875 0.458984375 0.01806640625 0.087890625
0 0.492431640625 0.447265625 0.02197265625 0.109375
0 0.46044921875 0.4521484375 0.021484375 0.10546875
0 0.44677734375 0.4765625 0.0126953125 0.0625
0 0.572998046875 0.4375 0.02587890625 0.125
0 0.5888671875 0.43701171875 0.009765625 0.0478515625
