0 0.513916015625 0.44873046875 0.00634765625 0.0302734375
0 0.520263671875 0.4541015625 0.00537109375 0.025390625
0 0.525146484375 0.45263671875 0.00634765625 0.0302734375
0 0.533203125 0.45263671875 0.0068359375 0.0322265625
0 0.53759765625 0.45263671875 0.0078125 0.0361328125
0 0.638427734375 0.447265625 0.01806640625 0.08984375
0 0.648681640625 0.4443359375 0.01904296875 0.09375
0 0.665283203125 0.4453125 0.02099609375 0.1015625
0 0.27978515625 0.46533203125 0.0244140625 0.1181640625
0 0.315185546875 0.46923828125 0.02294921875 0.1123046875
0 0.609130859375 0.44921875 0.02294921875 0.111328125
