0 0.415771484375 0.4228515625 0.00439453125 0.021484375
0 0.410400390625 0.42333984375 0.00537109375 0.0263671875
0 0.40673828125 0.42333984375 0.005859375 0.0263671875
0 0.390625 0.42724609375 0.0068359375 0.0322265625
0 0.377685546875 0.42724609375 0.00634765625 0.0322265625
0 0.39501953125 0.42236328125 0.0087890625 0.0439453125
0 0.32373046875 0.443359375 0.0126953125 0.0625
0 0.303466796875 0.43017578125 0.01611328125 0.0791015625
0 0.286865234375 0.4189453125 0.01904296875 0.09375
0 0.21728515625 0.4208984375 0.0185546875 0.091796875
0 0.24072265625 0.4228515625 0.01953125 0.095703125
0 0.057373046875 0.4423828125 0.03466796875 0.169921875
0 0.0107421875 0.431640625 0.037109375 0.181640625
0 0.5302734375 0.43017578125 0.013671875 0.0654296875
0 0.240478515625 0.44580078125 0.01318359375 0.0400390625
0 0.2490234375 0.47705078125 0.0224609375 0.0693359375
0 0.274658203125 0.49072265625 0.01806640625 0.1044921875
0 0.238525390625 0.47412109375 0.07177734375 0.1455078125
0 0.2255859375 0.4873046875 0.02734375 0.125
0 0.27734375 0.4921875 0.046875 0.103515625
0 0.546875 0.4443359375 0.0068359375 0.03515625
0 0.712890625 0.44287109375 0.0341796875 0.1669921875
0 0.77490234375 0.51904296875 0.0234375 0.1123046875
0 0.873779296875 0.45361328125 0.07080078125 0.3466796875
0 0.859130859375 0.51904296875 0.02978515625 0.1533203125
0 0.4443359375 0.42822265625 0.0146484375 0.0302734375
0 0.671142578125 0.41943359375 0.04638671875 0.0478515625
0 0.753173828125 0.42822265625 0.04248046875 0.0478515625
0 0.782958984375 0.42529296875 0.00146484375 0.0107421875
0 0.805908203125 0.43603515625 0.01904296875 0.0908203125
0 0.809326171875 0.490234375 0.00048828125 0.001953125
0 0.809814453125 0.4990234375 0.00048828125 0.001953125
0 0.834716796875 0.4072265625 0.01611328125 0.064453125
