0 0.49560546875 0.43212890625 0.0078125 0.0380859375
0 0.488037109375 0.43359375 0.00830078125 0.041015625
0 0.41357421875 0.4462890625 0.0078125 0.0390625
0 0.437255859375 0.43701171875 0.01318359375 0.0634765625
0 0.449951171875 0.435546875 0.01416015625 0.0703125
0 0.443359375 0.43896484375 0.0166015625 0.0810546875
0 0.468505859375 0.4453125 0.01416015625 0.0703125
0 0.71826171875 0.46044921875 0.013671875 0.0498046875
0 0.705810546875 0.4990234375 0.04052734375 0.126953125
0 0.728759765625 0.49755859375 0.01708984375 0.1318359375
0 0.333984375 0.4541015625 0.064453125 0.314453125
0 0.1318359375 0.46630859375 0.072265625 0.3544921875
0 0.0244140625 0.41650390625 0.04296875 0.1298828125
0 0.189697265625 0.4638671875 0.07373046875 0.359375
