0 0.10302734375 0.43603515625 0.0087890625 0.0244140625
0 0.22509765625 0.44580078125 0.01171875 0.0576171875
0 0.216552734375 0.44384765625 0.01708984375 0.0830078125
0 0.281494140625 0.4365234375 0.01220703125 0.060546875
0 0.447265625 0.43359375 0.0087890625 0.04296875
0 0.514892578125 0.4423828125 0.00927734375 0.044921875
0 0.523681640625 0.43701171875 0.01123046875 0.0556640625
0 0.546630859375 0.43701171875 0.00927734375 0.0458984375
0 0.538330078125 0.4326171875 0.01123046875 0.0546875
0 0.61181640625 0.43896484375 0.0107421875 0.0517578125
0 0.558837890625 0.45556640625 0.04541015625 0.2216796875
0 0.580322265625 0.47119140625 0.04150390625 0.2041015625
0 0.574951171875 0.47802734375 0.04052734375 0.1982421875
0 0.95947265625 0.43701171875 0.0078125 0.0380859375
0 0.926025390625 0.44873046875 0.02685546875 0.1318359375
0 0.902587890625 0.4443359375 0.02685546875 0.130859375
0 0.86181640625 0.4599609375 0.02734375 0.134765625
0 0.871337890625 0.45068359375 0.03369140625 0.1650390625
0 0.832275390625 0.45556640625 0.03857421875 0.1884765625
0 0.773681640625 0.44775390625 0.02880859375 0.1416015625
0 0.652099609375 0.45654296875 0.02978515625 0.1435546875
0 0.670166015625 0.4521484375 0.03076171875 0.15234375
0 0.69189453125 0.4482421875 0.033203125 0.162109375
0 0.679931640625 0.44970703125 0.03173828125 0.1552734375
0 0.706787109375 0.44775390625 0.03466796875 0.1708984375
0 0.6953125 0.45068359375 0.037109375 0.1806640625
0 0.7509765625 0.45361328125 0.0341796875 0.1669921875
0 0.72265625 0.45849609375 0.0380859375 0.1845703125
0 0.787353515625 0.4482421875 0.03466796875 0.16796875
0 0.924560546875 0.4482421875 0.04052734375 0.197265625
0 0.12109375 0.42822265625 0.01953125 0.0439453125
0 0.160888671875 0.4306640625 0.04736328125 0.052734375
0 0.310546875 0.4365234375 0.0478515625 0.060546875
0 0.430908203125 0.43505859375 0.01123046875 0.0498046875
0 0.48876953125 0.4384765625 0.0048828125 0.044921875
0 0.737060546875 0.388671875 0.01806640625 0.041015625
0 0.73681640625 0.48388671875 0.0166015625 0.0888671875
0 0.79638671875 0.53271484375 0.0029296875 0.0029296875
0 0.810791015625 0.4580078125 0.02978515625 0.169921875
0 0.978759765625 0.43798828125 0.01123046875 0.0380859375
