0 0.13134765625 0.41845703125 0.0166015625 0.0810546875
0 0.4794921875 0.43115234375 0.0205078125 0.1005859375
0 0.500732421875 0.4501953125 0.01318359375 0.064453125
0 0.5341796875 0.42919921875 0.0146484375 0.0712890625
0 0.54443359375 0.4326171875 0.013671875 0.068359375
0 0.517578125 0.42919921875 0.021484375 0.1044921875
0 0.6494140625 0.44677734375 0.037109375 0.1806640625
0 0.6806640625 0.4560546875 0.03515625 0.171875
0 0.85107421875 0.44580078125 0.0263671875 0.1279296875
0 0.86083984375 0.44140625 0.02734375 0.1328125
0 0.962158203125 0.44140625 0.03271484375 0.158203125
0 0.95263671875 0.44580078125 0.0302734375 0.1494140625
0 0.4404296875 0.451171875 0.03125 0.154296875
