0 0.5732421875 0.40380859375 0.0107421875 0.0517578125
0 0.485595703125 0.404296875 0.01513671875 0.07421875
0 0.42724609375 0.44921875 0.0576171875 0.283203125
0 0.914306640625 0.44482421875 0.04248046875 0.2080078125
0 0.904052734375 0.4560546875 0.04345703125 0.2109375
0 0.754150390625 0.49462890625 0.06005859375 0.2939453125
0 0.458740234375 0.4052734375 0.01708984375 0.06640625
0 0.544189453125 0.40087890625 0.03857421875 0.0537109375
0 0.6015625 0.408203125 0.0439453125 0.060546875
0 0.626953125 0.40869140625 0.0048828125 0.0458984375
