0 0.0869140625 0.4052734375 0.015625 0.076171875
0 0.16015625 0.412109375 0.01171875 0.056640625
0 0.230712890625 0.392578125 0.01123046875 0.0546875
0 0.257080078125 0.3916015625 0.00927734375 0.046875
0 0.76513671875 0.41064453125 0.05859375 0.2841796875
0 0.8037109375 0.45458984375 0.0361328125 0.1767578125
0 0.841552734375 0.412109375 0.05029296875 0.24609375
0 0.513916015625 0.3740234375 0.00732421875 0.03515625
0 0.553955078125 0.39501953125 0.02099609375 0.1025390625
0 0.58154296875 0.38623046875 0.01953125 0.0947265625
0 0.59716796875 0.38623046875 0.01953125 0.0966796875
0 0.6083984375 0.39013671875 0.021484375 0.1044921875
0 0.60595703125 0.3896484375 0.025390625 0.123046875
0 0.273193359375 0.37548828125 0.00830078125 0.0146484375
