0 0.182373046875 0.431640625 0.03466796875 0.169921875
0 0.20947265625 0.44189453125 0.041015625 0.1982421875
0 0.19580078125 0.43994140625 0.04296875 0.2119140625
0 0.13232421875 0.44384765625 0.04296875 0.2099609375
0 0.115478515625 0.4482421875 0.04150390625 0.201171875
0 0.021240234375 0.45166015625 0.04638671875 0.2255859375
0 0.169921875 0.4658203125 0.0498046875 0.244140625
0 0.382080078125 0.42041015625 0.02685546875 0.1298828125
0 0.366455078125 0.419921875 0.02490234375 0.12109375
0 0.368408203125 0.4150390625 0.03076171875 0.150390625
0 0.43505859375 0.4140625 0.01171875 0.064453125
0 0.421630859375 0.408203125 0.02978515625 0.14453125
0 0.5009765625 0.39697265625 0.01171875 0.0576171875
0 0.51171875 0.39306640625 0.0146484375 0.0712890625
0 0.59521484375 0.38671875 0.0126953125 0.0625
0 0.6162109375 0.3818359375 0.0126953125 0.0625
0 0.62939453125 0.40087890625 0.0166015625 0.0810546875
0 0.7138671875 0.37890625 0.01171875 0.05859375
0 0.704833984375 0.3916015625 0.01904296875 0.091796875
0 0.723876953125 0.396484375 0.01806640625 0.087890625
0 0.7392578125 0.40087890625 0.029296875 0.1435546875
0 0.4892578125 0.42041015625 0.0302734375 0.1455078125
0 0.866943359375 0.375 0.01318359375 0.064453125
0 0.927978515625 0.3701171875 0.01416015625 0.068359375
0 0.837158203125 0.4091796875 0.04736328125 0.228515625
0 0.9013671875 0.39404296875 0.052734375 0.2568359375
0 0.99658203125 0.3779296875 0.0478515625 0.234375
0 0.2587890625 0.4189453125 0.0263671875 0.12890625
