0 0.498779296875 0.40771484375 0.01904296875 0.0927734375
0 0.553955078125 0.3994140625 0.01611328125 0.078125
0 0.61865234375 0.400390625 0.015625 0.076171875
0 0.63232421875 0.41259765625 0.0400390625 0.1962890625
0 0.642333984375 0.423828125 0.03662109375 0.177734375
0 0.655517578125 0.423828125 0.04541015625 0.22265625
0 0.72314453125 0.40966796875 0.044921875 0.2216796875
0 0.68359375 0.42578125 0.0439453125 0.21484375
0 0.709228515625 0.41259765625 0.05029296875 0.2470703125
0 0.276611328125 0.421875 0.01708984375 0.08203125
0 0.253173828125 0.419921875 0.01708984375 0.083984375
0 0.2666015625 0.41943359375 0.0185546875 0.0908203125
0 0.170166015625 0.4296875 0.01904296875 0.091796875
0 0.13037109375 0.42333984375 0.0400390625 0.1943359375
0 0.141357421875 0.44482421875 0.03662109375 0.1787109375
0 0.13916015625 0.44189453125 0.0419921875 0.2060546875
0 0.0380859375 0.42578125 0.03125 0.15234375
0 0.667724609375 0.4111328125 0.03564453125 0.171875
0 0.065673828125 0.4150390625 0.02685546875 0.130859375
