0 0.40087890625 0.41064453125 0.009765625 0.0478515625
0 0.83544921875 0.4111328125 0.0400390625 0.1953125
0 0.761474609375 0.42236328125 0.02978515625 0.1474609375
0 0.790771484375 0.40966796875 0.03466796875 0.1689453125
0 0.847900390625 0.41455078125 0.03955078125 0.1943359375
0 0.840576171875 0.43017578125 0.04052734375 0.1982421875
0 0.915771484375 0.41064453125 0.05224609375 0.2548828125
0 0.93505859375 0.42138671875 0.05078125 0.2470703125
0 0.87548828125 0.4013671875 0.046875 0.23046875
0 0.989501953125 0.35302734375 0.01611328125 0.0771484375
0 0.989501953125 0.4111328125 0.01611328125 0.10546875
0 0.88671875 0.41064453125 0.0439453125 0.2138671875
