0 0.203369140625 0.4287109375 0.01611328125 0.078125
0 0.087890625 0.451171875 0.0146484375 0.08984375
0 0.1572265625 0.46044921875 0.0380859375 0.0947265625
0 0.52734375 0.43212890625 0.03125 0.1533203125
0 0.60302734375 0.4453125 0.044921875 0.154296875
0 0.728515625 0.4384765625 0.0556640625 0.271484375
0 0.70703125 0.43359375 0.0654296875 0.3203125
0 0.9921875 0.42236328125 0.0107421875 0.1572265625
0 0.354736328125 0.42236328125 0.01318359375 0.0654296875
0 0.333984375 0.4296875 0.0185546875 0.08984375
0 0.673828125 0.41845703125 0.0234375 0.0517578125
0 0.778076171875 0.4130859375 0.04736328125 0.060546875
0 0.84619140625 0.38037109375 0.0458984375 0.0400390625
0 0.90185546875 0.38134765625 0.01171875 0.0205078125
0 0.912841796875 0.38525390625 0.00927734375 0.0126953125
0 0.9287109375 0.3818359375 0.021484375 0.01953125
