0 0.523681640625 0.40673828125 0.01025390625 0.0517578125
0 0.5830078125 0.41845703125 0.0107421875 0.0517578125
0 0.55615234375 0.4111328125 0.0078125 0.01953125
0 0.573486328125 0.41650390625 0.01123046875 0.0556640625
0 0.3564453125 0.404296875 0.013671875 0.06640625
0 0.34375 0.408203125 0.013671875 0.06640625
0 0.169189453125 0.3828125 0.00927734375 0.03515625
0 0.08056640625 0.38818359375 0.0126953125 0.0654296875
0 0.162841796875 0.38916015625 0.00537109375 0.0458984375
0 0.150146484375 0.40771484375 0.02197265625 0.0888671875
0 0.072509765625 0.41015625 0.02294921875 0.1015625
0 0.094970703125 0.4052734375 0.03466796875 0.16796875
0 0.130859375 0.40869140625 0.0341796875 0.1669921875
0 0.210693359375 0.40478515625 0.02001953125 0.0966796875
0 0.2421875 0.4013671875 0.0205078125 0.099609375
0 0.228759765625 0.404296875 0.02099609375 0.103515625
0 0.270751953125 0.3994140625 0.02001953125 0.09765625
0 0.2587890625 0.4013671875 0.0205078125 0.099609375
0 0.25634765625 0.41064453125 0.0205078125 0.1005859375
0 0.7041015625 0.42822265625 0.0205078125 0.1005859375
0 0.680419921875 0.4326171875 0.02197265625 0.107421875
0 0.76025390625 0.439453125 0.029296875 0.142578125
0 0.8046875 0.4482421875 0.0302734375 0.1484375
0 0.788818359375 0.44775390625 0.03076171875 0.1513671875
0 0.883056640625 0.44580078125 0.04638671875 0.2255859375
