0 0.5791015625 0.37060546875 0.009765625 0.0498046875
0 0.07373046875 0.36376953125 0.0087890625 0.0439453125
0 0.478759765625 0.3720703125 0.00927734375 0.044921875
0 0.48779296875 0.36962890625 0.009765625 0.0478515625
0 0.393798828125 0.43603515625 0.05126953125 0.2490234375
0 0.278564453125 0.36376953125 0.01123046875 0.0556640625
0 0.41650390625 0.443359375 0.0517578125 0.251953125
0 0.677001953125 0.44287109375 0.07080078125 0.3466796875
0 0.612060546875 0.4375 0.08251953125 0.40234375
0 0.99658203125 0.41162109375 0.0244140625 0.1181640625
0 0.752685546875 0.37548828125 0.01220703125 0.0595703125
0 0.788330078125 0.3662109375 0.01025390625 0.05078125
0 0.734130859375 0.36669921875 0.01025390625 0.0498046875
0 0.267822265625 0.3603515625 0.01318359375 0.04296875
