0 0.037353515625 0.35888671875 0.01220703125 0.0595703125
0 0.027099609375 0.36083984375 0.01318359375 0.0654296875
0 0.212646484375 0.36083984375 0.00732421875 0.0341796875
0 0.24853515625 0.3642578125 0.0068359375 0.03515625
0 0.359375 0.38330078125 0.01953125 0.0966796875
0 0.127197265625 0.361328125 0.01220703125 0.044921875
0 0.176025390625 0.35888671875 0.01416015625 0.0205078125
0 0.22412109375 0.36376953125 0.0107421875 0.0380859375
0 0.269775390625 0.3623046875 0.01416015625 0.033203125
0 0.2919921875 0.36572265625 0.017578125 0.0283203125
0 0.314453125 0.36474609375 0.01171875 0.0205078125
