0 0.010498046875 0.44677734375 0.01513671875 0.0986328125
0 0.052978515625 0.42431640625 0.02490234375 0.1220703125
0 0.0341796875 0.4326171875 0.0234375 0.115234375
0 0.058349609375 0.4208984375 0.02587890625 0.12890625
0 0.1318359375 0.41845703125 0.0224609375 0.1103515625
0 0.180419921875 0.42236328125 0.01708984375 0.0830078125
0 0.175048828125 0.42138671875 0.01708984375 0.0830078125
0 0.249755859375 0.4140625 0.01416015625 0.0703125
0 0.242919921875 0.41796875 0.01416015625 0.068359375
0 0.280517578125 0.4072265625 0.01513671875 0.07421875
0 0.347900390625 0.42041015625 0.04638671875 0.2255859375
0 0.666748046875 0.396484375 0.01123046875 0.0546875
0 0.68359375 0.3935546875 0.013671875 0.06640625
0 0.6904296875 0.39306640625 0.013671875 0.0673828125
0 0.796630859375 0.4052734375 0.02294921875 0.11328125
0 0.093994140625 0.44482421875 0.05322265625 0.0810546875
0 0.3046875 0.41259765625 0.0107421875 0.0615234375
