0 0.649169921875 0.31689453125 0.00439453125 0.0205078125
0 0.653564453125 0.3134765625 0.00244140625 0.013671875
0 0.66796875 0.314453125 0.001953125 0.01171875
0 0.69091796875 0.3193359375 0.00390625 0.01953125
0 0.96435546875 0.3544921875 0.0166015625 0.080078125
0 0.9892578125 0.35546875 0.015625 0.078125
0 0.472900390625 0.3759765625 0.01708984375 0.083984375
0 0.464111328125 0.37548828125 0.02001953125 0.0966796875
0 0.478271484375 0.37744140625 0.02001953125 0.0986328125
0 0.421875 0.373046875 0.0185546875 0.08984375
0 0.44140625 0.37890625 0.0234375 0.115234375
0 0.414794921875 0.3720703125 0.02099609375 0.1015625
0 0.4091796875 0.376953125 0.0205078125 0.099609375
0 0.4013671875 0.37939453125 0.025390625 0.1259765625
0 0.351806640625 0.38525390625 0.02587890625 0.1279296875
0 0.364990234375 0.37744140625 0.03076171875 0.1513671875
0 0.30908203125 0.38330078125 0.02734375 0.1318359375
0 0.316162109375 0.3740234375 0.02880859375 0.140625
0 0.3251953125 0.3916015625 0.0302734375 0.146484375
0 0.33984375 0.3916015625 0.0302734375 0.1484375
0 0.279541015625 0.3896484375 0.02978515625 0.14453125
0 0.279052734375 0.39013671875 0.03564453125 0.1748046875
0 0.221923828125 0.38671875 0.02978515625 0.14453125
0 0.208984375 0.36962890625 0.0283203125 0.1396484375
0 0.199951171875 0.4013671875 0.02685546875 0.130859375
0 0.2236328125 0.40087890625 0.025390625 0.1240234375
0 0.232177734375 0.3984375 0.03173828125 0.15625
0 0.17236328125 0.375 0.0283203125 0.13671875
0 0.167236328125 0.3974609375 0.03369140625 0.162109375
0 0.1884765625 0.3955078125 0.0341796875 0.166015625
0 0.1376953125 0.40185546875 0.029296875 0.1416015625
0 0.122802734375 0.39990234375 0.02978515625 0.1435546875
0 0.08154296875 0.39990234375 0.0302734375 0.1474609375
0 0.095458984375 0.40283203125 0.03271484375 0.1591796875
0 0.021728515625 0.3974609375 0.03369140625 0.1640625
0 0.00390625 0.39892578125 0.0361328125 0.1767578125
0 0.0068359375 0.4248046875 0.0400390625 0.1953125
0 0.042724609375 0.4130859375 0.03955078125 0.19140625
0 0.65478515625 0.330078125 0.005859375 0.029296875
0 0.517822265625 0.3720703125 0.02294921875 0.111328125
0 0.1005859375 0.46337890625 0.01953125 0.0458984375
0 0.379638671875 0.375 0.02197265625 0.115234375
