0 0.0087890625 0.12841796875 0.0126953125 0.0634765625
0 0.0185546875 0.1279296875 0.0146484375 0.0703125
0 0.473876953125 0.3837890625 0.00439453125 0.0234375
0 0.4296875 0.39208984375 0.009765625 0.0478515625
0 0.423095703125 0.38037109375 0.00537109375 0.0263671875
0 0.41455078125 0.3974609375 0.0146484375 0.0703125
0 0.405517578125 0.3984375 0.01318359375 0.064453125
0 0.375244140625 0.3876953125 0.01123046875 0.0546875
0 0.382080078125 0.3984375 0.01416015625 0.0703125
0 0.356201171875 0.3935546875 0.00830078125 0.041015625
0 0.344482421875 0.392578125 0.01318359375 0.064453125
0 0.349609375 0.38818359375 0.0166015625 0.0791015625
0 0.048583984375 0.1259765625 0.01513671875 0.072265625
0 0.072509765625 0.125 0.01513671875 0.072265625
0 0.076904296875 0.1376953125 0.01318359375 0.064453125
0 0.073486328125 0.16064453125 0.01025390625 0.0517578125
0 0.185302734375 0.28759765625 0.01025390625 0.0498046875
0 0.202880859375 0.29638671875 0.00830078125 0.0419921875
0 0.269287109375 0.3212890625 0.01123046875 0.0546875
0 0.268310546875 0.34423828125 0.01318359375 0.0634765625
0 0.25732421875 0.35888671875 0.0107421875 0.0537109375
0 0.31201171875 0.39306640625 0.013671875 0.0654296875
0 0.23974609375 0.39501953125 0.0205078125 0.0986328125
0 0.275390625 0.38818359375 0.0146484375 0.0712890625
0 0.263671875 0.392578125 0.015625 0.076171875
0 0.254150390625 0.38720703125 0.01611328125 0.0791015625
0 0.26123046875 0.39990234375 0.01953125 0.0947265625
0 0.25439453125 0.4013671875 0.0185546875 0.091796875
0 0.274658203125 0.40087890625 0.01806640625 0.0888671875
0 0.337890625 0.4365234375 0.0009765625 0.01171875
0 0.32763671875 0.40966796875 0.0224609375 0.1103515625
0 0.321044921875 0.40576171875 0.02392578125 0.1162109375
0 0.175048828125 0.390625 0.01904296875 0.091796875
0 0.00634765625 0.3916015625 0.021484375 0.10546875
0 0.0556640625 0.3857421875 0.0224609375 0.109375
0 0.04248046875 0.3935546875 0.0234375 0.11328125
0 0.06103515625 0.392578125 0.0234375 0.115234375
0 0.078125 0.38916015625 0.025390625 0.1240234375
0 0.11181640625 0.40380859375 0.0146484375 0.0712890625
0 0.14453125 0.39306640625 0.01953125 0.0927734375
0 0.137451171875 0.390625 0.02001953125 0.09765625
0 0.129150390625 0.3916015625 0.01904296875 0.09375
0 0.16064453125 0.390625 0.01953125 0.09375
0 0.154296875 0.3916015625 0.01953125 0.09375
0 0.198974609375 0.39306640625 0.01904296875 0.0927734375
0 0.28466796875 0.390625 0.0146484375 0.072265625
0 0.2666015625 0.35546875 0.0078125 0.0234375
0 0.280517578125 0.39013671875 0.01513671875 0.0712890625
0 0.306396484375 0.384765625 0.01220703125 0.060546875
0 0.30322265625 0.3623046875 0.0029296875 0.009765625
0 0.30029296875 0.39306640625 0.0146484375 0.0712890625
0 0.307861328125 0.392578125 0.01513671875 0.07421875
0 0.3388671875 0.40966796875 0.0224609375 0.1103515625
