0 0.3896484375 0.43115234375 0.0263671875 0.1298828125
0 0.376220703125 0.41650390625 0.01123046875 0.0556640625
0 0.3857421875 0.43359375 0.0263671875 0.12890625
0 0.411376953125 0.435546875 0.02880859375 0.140625
0 0.335205078125 0.431640625 0.00927734375 0.078125
0 0.344482421875 0.443359375 0.02587890625 0.126953125
0 0.30908203125 0.44677734375 0.021484375 0.1064453125
0 0.32421875 0.44140625 0.0263671875 0.126953125
0 0.27734375 0.44921875 0.021484375 0.10546875
0 0.294189453125 0.44287109375 0.02490234375 0.1201171875
0 0.3037109375 0.43994140625 0.025390625 0.1240234375
0 0.283447265625 0.44482421875 0.02978515625 0.1455078125
0 0.3642578125 0.435546875 0.0302734375 0.146484375
0 0.2568359375 0.42822265625 0.013671875 0.0673828125
0 0.191650390625 0.41552734375 0.01806640625 0.0888671875
0 0.25048828125 0.44873046875 0.0224609375 0.1083984375
0 0.2314453125 0.44140625 0.021484375 0.10546875
0 0.224853515625 0.43994140625 0.02490234375 0.1220703125
0 0.194580078125 0.4287109375 0.02001953125 0.09765625
0 0.18115234375 0.43115234375 0.021484375 0.1044921875
0 0.16357421875 0.443359375 0.0234375 0.115234375
0 0.142822265625 0.41162109375 0.01318359375 0.0634765625
0 0.21484375 0.41796875 0.015625 0.076171875
0 0.207275390625 0.43359375 0.03076171875 0.150390625
0 0.098388671875 0.4248046875 0.01513671875 0.048828125
0 0.086181640625 0.4375 0.02392578125 0.07421875
0 0.8544921875 0.396484375 0.04296875 0.2109375
0 0.850341796875 0.3935546875 0.01904296875 0.080078125
0 0.129638671875 0.4033203125 0.01123046875 0.009765625
0 0.119140625 0.41162109375 0.01171875 0.0185546875
0 0.138671875 0.40185546875 0.0048828125 0.0029296875
0 0.324462890625 0.44775390625 0.02490234375 0.1220703125
0 0.370849609375 0.40576171875 0.00927734375 0.0478515625
0 0.371826171875 0.44189453125 0.00048828125 0.0009765625
0 0.880126953125 0.40771484375 0.01416015625 0.0478515625
0 0.90234375 0.40625 0.0185546875 0.05078125
