0 0.97119140625 0.4111328125 0.0341796875 0.16796875
0 0.60888671875 0.3935546875 0.0107421875 0.052734375
0 0.752197265625 0.392578125 0.01708984375 0.083984375
0 0.913818359375 0.3896484375 0.02880859375 0.140625
0 0.823486328125 0.40771484375 0.03173828125 0.1533203125
0 0.852294921875 0.40185546875 0.01904296875 0.0947265625
0 0.8642578125 0.3935546875 0.0244140625 0.1171875
0 0.885498046875 0.40185546875 0.03076171875 0.1513671875
0 0.940185546875 0.37890625 0.01806640625 0.044921875
0 0.896728515625 0.37744140625 0.03076171875 0.0673828125
0 0.913330078125 0.41162109375 0.04541015625 0.1318359375
0 0.7216796875 0.42919921875 0.0546875 0.2646484375
0 0.797607421875 0.42626953125 0.06884765625 0.3369140625
0 0.6259765625 0.39794921875 0.0107421875 0.0537109375
0 0.55712890625 0.3857421875 0.0087890625 0.04296875
0 0.547119140625 0.3994140625 0.01220703125 0.05859375
0 0.28857421875 0.40283203125 0.0322265625 0.1591796875
0 0.26708984375 0.42236328125 0.0302734375 0.1494140625
0 0.19384765625 0.4052734375 0.0361328125 0.17578125
0 0.1865234375 0.4130859375 0.0341796875 0.16796875
0 0.08544921875 0.36376953125 0.05859375 0.1767578125
0 0.214111328125 0.38818359375 0.03466796875 0.1689453125
0 0.220458984375 0.43310546875 0.03173828125 0.1552734375
0 0.169921875 0.40771484375 0.0380859375 0.1865234375
0 0.03759765625 0.42041015625 0.05078125 0.2470703125
0 0.014892578125 0.4189453125 0.05517578125 0.26953125
0 0.53662109375 0.3916015625 0.01171875 0.056640625
0 0.788330078125 0.48193359375 0.04736328125 0.0771484375
0 0.832763671875 0.48583984375 0.04345703125 0.0693359375
0 0.433837890625 0.39501953125 0.01513671875 0.0751953125
0 0.4638671875 0.408203125 0.0322265625 0.158203125
0 0.314208984375 0.40966796875 0.04833984375 0.2353515625
0 0.41259765625 0.3974609375 0.009765625 0.091796875
