0 0.578125 0.41552734375 0.0078125 0.0361328125
0 0.572998046875 0.41259765625 0.00732421875 0.0341796875
0 0.454833984375 0.41650390625 0.00732421875 0.0361328125
0 0.322509765625 0.427734375 0.01025390625 0.05078125
0 0.313720703125 0.4326171875 0.01220703125 0.060546875
0 0.29736328125 0.42919921875 0.0126953125 0.0615234375
0 0.01806640625 0.4443359375 0.01953125 0.09375
0 0.0048828125 0.44677734375 0.0185546875 0.0927734375
0 0.524658203125 0.4150390625 0.00830078125 0.0390625
0 0.52001953125 0.4169921875 0.0068359375 0.033203125
0 0.515380859375 0.416015625 0.00830078125 0.041015625
0 0.50830078125 0.4189453125 0.005859375 0.029296875
0 0.504150390625 0.41748046875 0.00732421875 0.0361328125
0 0.497802734375 0.41845703125 0.00732421875 0.0361328125
0 0.4931640625 0.41796875 0.0078125 0.0390625
0 0.488525390625 0.41552734375 0.00830078125 0.0400390625
0 0.478271484375 0.41796875 0.00732421875 0.037109375
0 0.474609375 0.4169921875 0.0068359375 0.03515625
0 0.469970703125 0.41748046875 0.00732421875 0.0361328125
0 0.458740234375 0.41748046875 0.00634765625 0.0322265625
0 0.46435546875 0.41796875 0.0068359375 0.033203125
