0 0.534912109375 0.40087890625 0.01025390625 0.0498046875
0 0.589111328125 0.40234375 0.01220703125 0.05859375
0 0.60009765625 0.39990234375 0.0126953125 0.0615234375
0 0.622802734375 0.41064453125 0.02001953125 0.0966796875
0 0.6435546875 0.40625 0.017578125 0.0859375
0 0.611328125 0.4130859375 0.01953125 0.095703125
0 0.64208984375 0.40771484375 0.021484375 0.1064453125
0 0.82470703125 0.43798828125 0.0634765625 0.3076171875
0 0.929443359375 0.431640625 0.04638671875 0.228515625
0 0.992919921875 0.51171875 0.00927734375 0.28515625
0 0.296630859375 0.427734375 0.03369140625 0.1640625
0 0.52685546875 0.40478515625 0.0126953125 0.0634765625
0 0.57958984375 0.3974609375 0.0126953125 0.0625
0 0.888671875 0.4609375 0.0380859375 0.076171875
0 0.46728515625 0.41748046875 0.02734375 0.1337890625
0 0.430908203125 0.41552734375 0.03955078125 0.1923828125
0 0.546875 0.40185546875 0.0107421875 0.0517578125
