0 0.739501953125 0.412109375 0.02685546875 0.130859375
0 0.738037109375 0.41796875 0.02392578125 0.1171875
0 0.75830078125 0.41357421875 0.0234375 0.1142578125
0 0.761474609375 0.416015625 0.02392578125 0.115234375
0 0.773193359375 0.42578125 0.02783203125 0.134765625
0 0.913818359375 0.4130859375 0.02587890625 0.125
0 0.812255859375 0.4130859375 0.02587890625 0.125
0 0.442626953125 0.39013671875 0.00732421875 0.0341796875
0 0.686279296875 0.388671875 0.00634765625 0.029296875
0 0.663818359375 0.4091796875 0.02392578125 0.119140625
0 0.512451171875 0.390625 0.01123046875 0.0546875
0 0.48974609375 0.388671875 0.013671875 0.06640625
0 0.483154296875 0.39306640625 0.01123046875 0.0556640625
0 0.423583984375 0.39501953125 0.01806640625 0.0869140625
0 0.40283203125 0.392578125 0.0185546875 0.08984375
0 0.4169921875 0.39794921875 0.021484375 0.1064453125
0 0.39306640625 0.40234375 0.021484375 0.10546875
0 0.349853515625 0.39794921875 0.02392578125 0.1162109375
0 0.33251953125 0.40185546875 0.0234375 0.1142578125
0 0.272216796875 0.40283203125 0.02783203125 0.1357421875
0 0.260986328125 0.38916015625 0.03076171875 0.1513671875
0 0.2646484375 0.40478515625 0.0283203125 0.1376953125
0 0.2734375 0.39892578125 0.0302734375 0.1474609375
0 0.072265625 0.40283203125 0.044921875 0.2177734375
0 0.121337890625 0.39111328125 0.03076171875 0.1494140625
0 0.0908203125 0.41259765625 0.041015625 0.2001953125
0 0.638671875 0.41064453125 0.025390625 0.1240234375
0 0.474853515625 0.38525390625 0.01318359375 0.0654296875
0 0.363525390625 0.39453125 0.02001953125 0.09765625
