0 0.4248046875 0.41064453125 0.005859375 0.0302734375
0 0.23388671875 0.419921875 0.0107421875 0.052734375
0 0.224365234375 0.42626953125 0.01220703125 0.0595703125
0 0.09423828125 0.50390625 0.095703125 0.46484375
0 0.34619140625 0.490234375 0.072265625 0.3515625
0 0.373779296875 0.494140625 0.07568359375 0.3671875
0 0.4384765625 0.4091796875 0.005859375 0.02734375
0 0.432861328125 0.4091796875 0.00634765625 0.03125
0 0.48193359375 0.41015625 0.0068359375 0.033203125
0 0.48974609375 0.412109375 0.0068359375 0.033203125
0 0.5 0.41015625 0.0078125 0.037109375
0 0.5126953125 0.41162109375 0.0087890625 0.0439453125
0 0.610107421875 0.41845703125 0.01708984375 0.0849609375
0 0.643798828125 0.39990234375 0.01708984375 0.0830078125
0 0.65283203125 0.40576171875 0.0166015625 0.0810546875
0 0.732666015625 0.396484375 0.01806640625 0.087890625
0 0.746337890625 0.4013671875 0.01708984375 0.08203125
0 0.72314453125 0.44921875 0.048828125 0.23828125
0 0.63037109375 0.45703125 0.0615234375 0.30078125
0 0.815673828125 0.40576171875 0.02294921875 0.1103515625
0 0.814208984375 0.43603515625 0.05419921875 0.2646484375
0 0.861083984375 0.4599609375 0.05615234375 0.2734375
