0 0.469482421875 0.33544921875 0.00439453125 0.0224609375
0 0.474609375 0.33251953125 0.00390625 0.0185546875
0 0.478515625 0.3359375 0.00390625 0.01953125
0 0.42724609375 0.357421875 0.005859375 0.029296875
0 0.435546875 0.35400390625 0.0068359375 0.0341796875
0 0.42236328125 0.369140625 0.0126953125 0.0625
0 0.407958984375 0.3720703125 0.01123046875 0.0546875
0 0.511474609375 0.33447265625 0.00537109375 0.0263671875
0 0.51708984375 0.33203125 0.0068359375 0.033203125
0 0.524169921875 0.33642578125 0.00634765625 0.0302734375
0 0.529296875 0.3427734375 0.005859375 0.02734375
0 0.69873046875 0.34716796875 0.015625 0.0771484375
0 0.72119140625 0.3486328125 0.0146484375 0.0703125
0 0.7802734375 0.35009765625 0.015625 0.0751953125
0 0.986572265625 0.34521484375 0.04248046875 0.2080078125
0 0.385986328125 0.40576171875 0.04833984375 0.2333984375
0 0.4833984375 0.3359375 0.00390625 0.01953125
0 0.52392578125 0.361328125 0.0068359375 0.033203125
0 0.657958984375 0.34228515625 0.01318359375 0.0654296875
0 0.8125 0.34130859375 0.0322265625 0.1572265625
0 0.490234375 0.3544921875 0.0048828125 0.0234375
0 0.517822265625 0.3466796875 0.00537109375 0.02734375
