0 0.1845703125 0.4189453125 0.0107421875 0.05078125
0 0.174072265625 0.41796875 0.01220703125 0.060546875
0 0.19775390625 0.4130859375 0.0126953125 0.060546875
0 0.11474609375 0.4169921875 0.0185546875 0.091796875
0 0.110107421875 0.4248046875 0.01708984375 0.083984375
0 0.156005859375 0.42041015625 0.01220703125 0.0595703125
0 0.32421875 0.40283203125 0.0107421875 0.0537109375
0 0.328369140625 0.40234375 0.01025390625 0.05078125
0 0.314208984375 0.408203125 0.01220703125 0.060546875
0 0.294921875 0.40869140625 0.013671875 0.0673828125
0 0.384033203125 0.4091796875 0.01708984375 0.08203125
0 0.387939453125 0.40625 0.01904296875 0.09375
0 0.411376953125 0.40966796875 0.01611328125 0.0791015625
0 0.40234375 0.40869140625 0.017578125 0.0849609375
0 0.431396484375 0.3974609375 0.00830078125 0.041015625
0 0.4423828125 0.3974609375 0.0068359375 0.033203125
0 0.520751953125 0.3984375 0.00830078125 0.0390625
0 0.56591796875 0.40380859375 0.01171875 0.0576171875
0 0.5556640625 0.40283203125 0.0126953125 0.0615234375
0 0.546630859375 0.40185546875 0.01416015625 0.0673828125
0 0.53466796875 0.4169921875 0.017578125 0.083984375
0 0.58203125 0.408203125 0.01171875 0.05859375
0 0.989013671875 0.40478515625 0.02490234375 0.1220703125
0 0.70751953125 0.39990234375 0.017578125 0.0849609375
0 0.72216796875 0.39990234375 0.0166015625 0.0810546875
0 0.741943359375 0.40185546875 0.02001953125 0.0986328125
0 0.39697265625 0.40673828125 0.0166015625 0.0810546875
0 0.334716796875 0.40869140625 0.01904296875 0.0927734375
0 0.01123046875 0.4365234375 0.015625 0.09765625
0 0.039794921875 0.42919921875 0.04443359375 0.1044921875
0 0.364990234375 0.4072265625 0.02978515625 0.06640625
0 0.42138671875 0.40771484375 0.013671875 0.0615234375
0 0.67529296875 0.38720703125 0.005859375 0.0341796875
0 0.691162109375 0.4013671875 0.01806640625 0.1015625
