0 0.565185546875 0.47802734375 0.07958984375 0.3896484375
0 0.631103515625 0.47802734375 0.07470703125 0.3642578125
0 0.607177734375 0.5224609375 0.05908203125 0.2890625
0 0.709716796875 0.47607421875 0.06884765625 0.3349609375
0 0.691650390625 0.4853515625 0.06787109375 0.330078125
0 0.87060546875 0.45361328125 0.0546875 0.2666015625
0 0.8720703125 0.4814453125 0.0615234375 0.30078125
0 0.83447265625 0.47900390625 0.068359375 0.3349609375
0 0.400390625 0.47705078125 0.0751953125 0.3662109375
0 0.39453125 0.4814453125 0.0869140625 0.42578125
0 0.330078125 0.5009765625 0.0869140625 0.423828125
0 0.261962890625 0.49267578125 0.03173828125 0.1552734375
0 0.234619140625 0.4580078125 0.05029296875 0.24609375
0 0.226318359375 0.47705078125 0.08154296875 0.3974609375
0 0.075927734375 0.42919921875 0.06103515625 0.2978515625
0 0.125244140625 0.48974609375 0.03955078125 0.1923828125
0 0.1630859375 0.45751953125 0.0625 0.3037109375
