0 0.557861328125 0.3994140625 0.00634765625 0.03125
0 0.56298828125 0.400390625 0.0048828125 0.0234375
0 0.380859375 0.4111328125 0.0107421875 0.052734375
0 0.368408203125 0.412109375 0.01025390625 0.048828125
0 0.3515625 0.41064453125 0.013671875 0.0673828125
0 0.359375 0.4189453125 0.0146484375 0.0703125
0 0.320556640625 0.41015625 0.01416015625 0.068359375
0 0.2958984375 0.41650390625 0.0146484375 0.0712890625
0 0.19970703125 0.435546875 0.0205078125 0.099609375
0 0.1787109375 0.42724609375 0.0224609375 0.1103515625
0 0.1357421875 0.4248046875 0.021484375 0.10546875
0 0.069580078125 0.43896484375 0.02294921875 0.1123046875
0 0.570068359375 0.40087890625 0.01123046875 0.0537109375
