0 0.55078125 0.39013671875 0.013671875 0.0673828125
0 0.5478515625 0.390625 0.013671875 0.06640625
0 0.59423828125 0.39794921875 0.015625 0.0751953125
0 0.478515625 0.3994140625 0.0205078125 0.1015625
0 0.50048828125 0.39990234375 0.02734375 0.1337890625
0 0.646240234375 0.39306640625 0.02099609375 0.1044921875
0 0.60107421875 0.41015625 0.0244140625 0.119140625
0 0.623779296875 0.4013671875 0.03369140625 0.162109375
0 0.657470703125 0.3828125 0.03662109375 0.1796875
0 0.66943359375 0.38916015625 0.0263671875 0.1279296875
0 0.685302734375 0.38720703125 0.02294921875 0.1123046875
0 0.690673828125 0.39208984375 0.03076171875 0.1513671875
0 0.736328125 0.38818359375 0.0224609375 0.1083984375
0 0.723876953125 0.3837890625 0.03076171875 0.150390625
0 0.711181640625 0.392578125 0.02978515625 0.14453125
0 0.662841796875 0.39013671875 0.03955078125 0.1923828125
0 0.7451171875 0.421875 0.0048828125 0.013671875
0 0.814453125 0.35400390625 0.0107421875 0.0244140625
0 0.808837890625 0.36328125 0.02685546875 0.060546875
0 0.835205078125 0.3642578125 0.02294921875 0.06640625
0 0.851318359375 0.33740234375 0.01123046875 0.0302734375
0 0.86328125 0.3515625 0.0107421875 0.056640625
0 0.848388671875 0.4140625 0.03759765625 0.1796875
0 0.888671875 0.3642578125 0.01171875 0.037109375
0 0.888916015625 0.384765625 0.05419921875 0.134765625
0 0.919677734375 0.35693359375 0.03955078125 0.0869140625
0 0.9462890625 0.35986328125 0.03515625 0.0869140625
0 0.98046875 0.36181640625 0.0341796875 0.1044921875
0 0.7626953125 0.3935546875 0.0546875 0.267578125
0 0.515380859375 0.388671875 0.01220703125 0.05859375
0 0.531494140625 0.3876953125 0.01220703125 0.060546875
