0 0.427734375 0.4423828125 0.0234375 0.11328125
0 0.4091796875 0.4443359375 0.0205078125 0.1015625
0 0.368408203125 0.44677734375 0.03466796875 0.1689453125
0 0.2734375 0.490234375 0.083984375 0.41015625
0 0.234619140625 0.4716796875 0.10107421875 0.4921875
0 0.272705078125 0.509765625 0.09912109375 0.482421875
0 0.450439453125 0.45751953125 0.05224609375 0.2548828125
0 0.47314453125 0.4677734375 0.0498046875 0.240234375
0 0.612060546875 0.44921875 0.08154296875 0.396484375
0 0.55908203125 0.4921875 0.09765625 0.474609375
0 0.512939453125 0.50537109375 0.10302734375 0.5029296875
0 0.704345703125 0.4130859375 0.01904296875 0.09375
0 0.697265625 0.43115234375 0.025390625 0.1259765625
0 0.7265625 0.42626953125 0.0126953125 0.0712890625
0 0.770263671875 0.42431640625 0.02099609375 0.1025390625
0 0.744140625 0.4296875 0.0361328125 0.17578125
0 0.769775390625 0.419921875 0.02685546875 0.130859375
0 0.794677734375 0.435546875 0.05322265625 0.259765625
0 0.674072265625 0.44775390625 0.04638671875 0.2236328125
0 0.8115234375 0.4599609375 0.0771484375 0.376953125
0 0.826416015625 0.46484375 0.08349609375 0.40625
