0 0.477294921875 0.359375 0.00537109375 0.025390625
0 0.49755859375 0.3603515625 0.005859375 0.029296875
0 0.511474609375 0.359375 0.00537109375 0.0234375
0 0.404052734375 0.376953125 0.01025390625 0.048828125
0 0.400390625 0.36572265625 0.0068359375 0.0322265625
0 0.38916015625 0.36962890625 0.0107421875 0.0517578125
0 0.38037109375 0.388671875 0.0126953125 0.060546875
0 0.399658203125 0.400390625 0.01513671875 0.072265625
0 0.390869140625 0.40576171875 0.01904296875 0.0927734375
0 0.418701171875 0.4013671875 0.01416015625 0.068359375
0 0.542724609375 0.361328125 0.00634765625 0.029296875
0 0.54833984375 0.35595703125 0.005859375 0.0283203125
0 0.560546875 0.37158203125 0.005859375 0.0283203125
0 0.56787109375 0.35498046875 0.00390625 0.0205078125
0 0.57080078125 0.375 0.0078125 0.037109375
0 0.581298828125 0.37353515625 0.00927734375 0.0478515625
0 0.588134765625 0.39111328125 0.00244140625 0.0205078125
0 0.591552734375 0.37841796875 0.01123046875 0.0537109375
0 0.59765625 0.37841796875 0.0107421875 0.0517578125
0 0.60693359375 0.384765625 0.0107421875 0.05078125
0 0.564697265625 0.35595703125 0.00537109375 0.0283203125
0 0.622802734375 0.38671875 0.01220703125 0.05859375
0 0.625244140625 0.39208984375 0.01220703125 0.0595703125
0 0.713134765625 0.40087890625 0.01904296875 0.0927734375
0 0.723876953125 0.39404296875 0.01416015625 0.0693359375
0 0.74072265625 0.39697265625 0.0166015625 0.0810546875
0 0.83544921875 0.4228515625 0.033203125 0.162109375
0 0.84716796875 0.42138671875 0.033203125 0.1630859375
0 0.870361328125 0.41357421875 0.02587890625 0.1259765625
0 0.8984375 0.4091796875 0.0224609375 0.109375
0 0.923828125 0.41796875 0.0283203125 0.13671875
0 0.972900390625 0.39453125 0.02783203125 0.13671875
0 0.99169921875 0.39599609375 0.0244140625 0.1201171875
0 0.993896484375 0.46337890625 0.04541015625 0.2216796875
0 0.494140625 0.357421875 0.005859375 0.02734375
0 0.501220703125 0.3603515625 0.00537109375 0.025390625
0 0.4677734375 0.35693359375 0.005859375 0.0302734375
0 0.471923828125 0.3544921875 0.00537109375 0.025390625
0 0.4833984375 0.3603515625 0.005859375 0.02734375
0 0.480224609375 0.35791015625 0.00537109375 0.0244140625
0 0.5576171875 0.36083984375 0.0107421875 0.0341796875
