0 0.5537109375 0.39306640625 0.0029296875 0.0146484375
0 0.462646484375 0.3876953125 0.00244140625 0.01171875
0 0.47998046875 0.39013671875 0.001953125 0.0087890625
0 0.5498046875 0.392578125 0.0029296875 0.013671875
0 0.4833984375 0.3896484375 0.0029296875 0.013671875
0 0.55908203125 0.39013671875 0.005859375 0.0302734375
0 0.572509765625 0.39111328125 0.00634765625 0.0302734375
0 0.5771484375 0.3896484375 0.0068359375 0.03515625
0 0.639404296875 0.39794921875 0.01513671875 0.0732421875
0 0.650390625 0.40234375 0.0166015625 0.080078125
0 0.666259765625 0.3984375 0.01806640625 0.087890625
0 0.690185546875 0.396484375 0.02197265625 0.109375
0 0.774169921875 0.416015625 0.03271484375 0.16015625
0 0.715087890625 0.4033203125 0.02197265625 0.107421875
0 0.875244140625 0.39208984375 0.05126953125 0.2509765625
0 0.93408203125 0.38037109375 0.01953125 0.0673828125
0 0.90625 0.39990234375 0.0576171875 0.2802734375
0 0.974853515625 0.36474609375 0.01708984375 0.0302734375
0 0.994140625 0.35693359375 0.0068359375 0.0283203125
0 0.959228515625 0.38330078125 0.03564453125 0.0869140625
0 0.5009765625 0.3916015625 0.0029296875 0.015625
