0 0.46533203125 0.42822265625 0.0068359375 0.0341796875
0 0.42578125 0.431640625 0.0224609375 0.109375
0 0.487548828125 0.42431640625 0.00634765625 0.0302734375
0 0.556640625 0.42626953125 0.0087890625 0.0419921875
0 0.130859375 0.419921875 0.0380859375 0.185546875
0 0.12548828125 0.4326171875 0.0419921875 0.205078125
0 0.071533203125 0.42236328125 0.02099609375 0.1025390625
0 0.071044921875 0.45263671875 0.02587890625 0.1259765625
0 0.08984375 0.44140625 0.0205078125 0.06640625
0 0.00634765625 0.43408203125 0.0380859375 0.1865234375
0 0.44677734375 0.42138671875 0.0205078125 0.0986328125
0 0.149658203125 0.42822265625 0.02783203125 0.1337890625
0 0.47607421875 0.42919921875 0.0078125 0.0380859375
