0 0.94970703125 0.39892578125 0.0087890625 0.0380859375
0 0.9189453125 0.3896484375 0.0087890625 0.04296875
0 0.73681640625 0.384765625 0.015625 0.076171875
0 0.734130859375 0.3662109375 0.01123046875 0.03125
0 0.683837890625 0.388671875 0.01513671875 0.07421875
0 0.701416015625 0.38232421875 0.01318359375 0.0654296875
0 0.71630859375 0.3779296875 0.0126953125 0.060546875
0 0.71142578125 0.38818359375 0.015625 0.0771484375
0 0.66259765625 0.3779296875 0.0087890625 0.04296875
0 0.622802734375 0.4150390625 0.04052734375 0.197265625
0 0.590087890625 0.41845703125 0.03955078125 0.1943359375
0 0.51123046875 0.39990234375 0.041015625 0.1982421875
0 0.458251953125 0.39697265625 0.04443359375 0.2138671875
0 0.4873046875 0.40869140625 0.0439453125 0.2158203125
0 0.5361328125 0.408203125 0.041015625 0.19921875
0 0.557373046875 0.427734375 0.03759765625 0.18359375
0 0.38525390625 0.41650390625 0.03125 0.1181640625
0 0.1923828125 0.36962890625 0.017578125 0.0400390625
0 0.12646484375 0.365234375 0.01953125 0.044921875
0 0.132080078125 0.38232421875 0.01318359375 0.0986328125
0 0.24755859375 0.4765625 0.021484375 0.080078125
0 0.286376953125 0.4375 0.07666015625 0.373046875
0 0.22119140625 0.43701171875 0.068359375 0.3330078125
0 0.158447265625 0.43359375 0.06689453125 0.326171875
0 0.33447265625 0.447265625 0.087890625 0.4296875
0 0.698974609375 0.38525390625 0.01416015625 0.0693359375
0 0.75927734375 0.39501953125 0.0234375 0.1142578125
