0 0.65673828125 0.3740234375 0.01171875 0.056640625
0 0.681396484375 0.369140625 0.01318359375 0.0625
0 0.690185546875 0.373046875 0.01416015625 0.068359375
0 0.6767578125 0.3701171875 0.013671875 0.06640625
0 0.692626953125 0.3701171875 0.01708984375 0.083984375
0 0.927734375 0.34423828125 0.0205078125 0.0986328125
0 0.918701171875 0.37060546875 0.02490234375 0.1201171875
0 0.984619140625 0.3740234375 0.04833984375 0.236328125
0 0.939208984375 0.3759765625 0.03173828125 0.15625
0 0.761474609375 0.3623046875 0.02490234375 0.12109375
0 0.7841796875 0.369140625 0.0244140625 0.119140625
0 0.7392578125 0.37939453125 0.0283203125 0.1376953125
0 0.728515625 0.3720703125 0.0322265625 0.158203125
0 0.728759765625 0.40869140625 0.01806640625 0.0888671875
0 0.875 0.474609375 0.123046875 0.6015625
0 0.18408203125 0.39453125 0.0341796875 0.166015625
0 0.140625 0.3955078125 0.0341796875 0.166015625
0 0.052978515625 0.4375 0.07568359375 0.369140625
0 0.354736328125 0.43359375 0.08251953125 0.40234375
0 0.273193359375 0.443359375 0.10205078125 0.498046875
0 0.3779296875 0.4833984375 0.0947265625 0.4609375
0 0.594482421875 0.455078125 0.09228515625 0.44921875
0 0.598388671875 0.4921875 0.11474609375 0.55859375
0 0.6201171875 0.5126953125 0.1240234375 0.603515625
0 0.8544921875 0.37939453125 0.05859375 0.2880859375
