0 0.587158203125 0.43359375 0.00732421875 0.03515625
0 0.580322265625 0.43896484375 0.00634765625 0.0302734375
0 0.57568359375 0.43701171875 0.005859375 0.0283203125
0 0.595458984375 0.4326171875 0.00732421875 0.037109375
0 0.6025390625 0.43408203125 0.0078125 0.0361328125
0 0.65673828125 0.43701171875 0.01171875 0.0595703125
0 0.258056640625 0.435546875 0.01611328125 0.076171875
0 0.23681640625 0.43310546875 0.0146484375 0.0712890625
0 0.235595703125 0.439453125 0.01806640625 0.087890625
0 0.225341796875 0.43994140625 0.01611328125 0.0771484375
0 0.2099609375 0.4384765625 0.017578125 0.083984375
0 0.61328125 0.4384765625 0.029296875 0.142578125
0 0.6396484375 0.4375 0.01171875 0.056640625
0 0.646484375 0.44140625 0.02734375 0.1328125
0 0.678466796875 0.43994140625 0.04248046875 0.2080078125
0 0.72314453125 0.42822265625 0.05078125 0.2470703125
0 0.782470703125 0.4345703125 0.04541015625 0.22265625
