0 0.560791015625 0.3720703125 0.00634765625 0.029296875
0 0.605224609375 0.3720703125 0.00439453125 0.021484375
0 0.646484375 0.3662109375 0.0068359375 0.033203125
0 0.65673828125 0.40673828125 0.0234375 0.1142578125
0 0.68994140625 0.3779296875 0.013671875 0.06640625
0 0.704345703125 0.37890625 0.01318359375 0.064453125
0 0.589599609375 0.40966796875 0.02099609375 0.1044921875
0 0.977294921875 0.49853515625 0.12255859375 0.5986328125
0 0.992919921875 0.21044921875 0.00927734375 0.1474609375
0 0.57666015625 0.373046875 0.0068359375 0.03125
0 0.574462890625 0.37353515625 0.00537109375 0.0263671875
0 0.5703125 0.37548828125 0.005859375 0.0283203125
0 0.63525390625 0.37158203125 0.005859375 0.0283203125
0 0.637451171875 0.37158203125 0.00537109375 0.0263671875
