0 0.39501953125 0.408203125 0.0166015625 0.08203125
0 0.1337890625 0.41015625 0.029296875 0.142578125
0 0.133544921875 0.40380859375 0.02001953125 0.0556640625
0 0.146240234375 0.4052734375 0.02001953125 0.052734375
0 0.097412109375 0.4111328125 0.02978515625 0.146484375
0 0.835205078125 0.42431640625 0.01611328125 0.0869140625
0 0.86865234375 0.4033203125 0.03125 0.15234375
0 0.876220703125 0.4052734375 0.03173828125 0.154296875
0 0.61083984375 0.4326171875 0.0546875 0.265625
0 0.578125 0.43408203125 0.0625 0.3056640625
0 0.5673828125 0.3955078125 0.0078125 0.0390625
0 0.26953125 0.421875 0.0546875 0.267578125
