0 0.337890625 0.44091796875 0.0234375 0.1142578125
0 0.54736328125 0.4404296875 0.0224609375 0.109375
0 0.70849609375 0.41943359375 0.013671875 0.0654296875
0 0.701904296875 0.44677734375 0.02001953125 0.0986328125
0 0.689208984375 0.44482421875 0.01904296875 0.0947265625
0 0.677490234375 0.4443359375 0.01904296875 0.09375
0 0.76708984375 0.44140625 0.0263671875 0.10546875
0 0.265625 0.4267578125 0.0234375 0.11328125
0 0.477294921875 0.435546875 0.02001953125 0.099609375
0 0.45947265625 0.4296875 0.01953125 0.095703125
0 0.653564453125 0.43505859375 0.01611328125 0.0791015625
0 0.864990234375 0.44140625 0.01904296875 0.091796875
0 0.524658203125 0.43212890625 0.02685546875 0.1318359375
0 0.515380859375 0.4833984375 0.00732421875 0.025390625
0 0.52001953125 0.431640625 0.009765625 0.021484375
0 0.52197265625 0.4873046875 0.0029296875 0.009765625
0 0.535888671875 0.4072265625 0.00341796875 0.01171875
0 0.53515625 0.44091796875 0.001953125 0.0029296875
0 0.56396484375 0.451171875 0.0205078125 0.083984375
0 0.608154296875 0.44384765625 0.03857421875 0.0966796875
