0 0.0556640625 0.46240234375 0.0146484375 0.0712890625
0 0.018310546875 0.4638671875 0.04052734375 0.197265625
0 0.675537109375 0.4169921875 0.01513671875 0.048828125
0 0.904541015625 0.40380859375 0.01416015625 0.0673828125
0 0.006591796875 0.412109375 0.00634765625 0.04296875
0 0.009765625 0.5068359375 0.0126953125 0.119140625
0 0.02880859375 0.43212890625 0.0126953125 0.0791015625
0 0.032470703125 0.47314453125 0.00048828125 0.0009765625
0 0.03369140625 0.5322265625 0.001953125 0.0078125
0 0.5625 0.419921875 0.0185546875 0.052734375
0 0.597412109375 0.421875 0.01806640625 0.0546875
0 0.631103515625 0.4287109375 0.02001953125 0.05078125
0 0.78271484375 0.40771484375 0.013671875 0.0439453125
