0 0.36376953125 0.40673828125 0.0068359375 0.0341796875
0 0.4482421875 0.41064453125 0.01171875 0.0576171875
0 0.573974609375 0.39453125 0.00537109375 0.02734375
0 0.588623046875 0.40576171875 0.01025390625 0.0517578125
0 0.593994140625 0.40185546875 0.01025390625 0.0478515625
0 0.691162109375 0.44482421875 0.04736328125 0.2294921875
0 0.6328125 0.080078125 0.0078125 0.017578125
0 0.284912109375 0.43798828125 0.03369140625 0.1650390625
0 0.299560546875 0.4375 0.00146484375 0.001953125
0 0.299560546875 0.43505859375 0.00048828125 0.0009765625
0 0.31005859375 0.41552734375 0.0205078125 0.0458984375
0 0.36181640625 0.41943359375 0.01171875 0.0341796875
