0 0.23486328125 0.41552734375 0.015625 0.0771484375
0 0.244873046875 0.4072265625 0.02001953125 0.09765625
0 0.21484375 0.41796875 0.0322265625 0.15625
0 0.008544921875 0.45263671875 0.01123046875 0.0478515625
0 0.05126953125 0.41845703125 0.03515625 0.0927734375
0 0.131103515625 0.4306640625 0.04541015625 0.1171875
0 0.440673828125 0.40234375 0.01318359375 0.064453125
0 0.59375 0.37060546875 0.0146484375 0.0732421875
0 0.6884765625 0.3583984375 0.015625 0.076171875
0 0.700439453125 0.3701171875 0.01513671875 0.07421875
0 0.65771484375 0.40771484375 0.0283203125 0.1376953125
0 0.682861328125 0.40185546875 0.02783203125 0.1357421875
0 0.823974609375 0.41064453125 0.05029296875 0.2470703125
0 0.88720703125 0.4228515625 0.037109375 0.12890625
0 0.91748046875 0.412109375 0.0400390625 0.125
0 0.888671875 0.46923828125 0.0625 0.1396484375
