0 0.664794921875 0.31591796875 0.00439453125 0.0205078125
0 0.89794921875 0.35595703125 0.015625 0.0751953125
0 0.44384765625 0.3681640625 0.01171875 0.056640625
0 0.410888671875 0.36572265625 0.01318359375 0.0634765625
0 0.41796875 0.3681640625 0.013671875 0.06640625
0 0.388671875 0.36669921875 0.0146484375 0.0732421875
0 0.3828125 0.38134765625 0.0244140625 0.1201171875
0 0.367431640625 0.37841796875 0.02880859375 0.1416015625
0 0.009765625 0.3681640625 0.017578125 0.0859375
0 0.003662109375 0.36376953125 0.02001953125 0.0986328125
0 0.144775390625 0.38037109375 0.02685546875 0.1318359375
0 0.21337890625 0.37841796875 0.02734375 0.1337890625
0 0.1767578125 0.376953125 0.0283203125 0.138671875
0 0.187255859375 0.38134765625 0.02685546875 0.1318359375
0 0.20849609375 0.37255859375 0.03125 0.1513671875
0 0.23876953125 0.37744140625 0.029296875 0.1435546875
0 0.272216796875 0.375 0.02783203125 0.134765625
0 0.29150390625 0.3837890625 0.025390625 0.123046875
0 0.278564453125 0.37841796875 0.02880859375 0.1396484375
0 0.73388671875 0.3662109375 0.01953125 0.095703125
0 0.65087890625 0.310546875 0.0029296875 0.015625
0 0.052490234375 0.36962890625 0.02197265625 0.0888671875
0 0.428955078125 0.36376953125 0.01318359375 0.0673828125
0 0.62890625 0.32421875 0.0009765625 0.013671875
0 0.634033203125 0.32666015625 0.00634765625 0.0302734375
