0 0.6640625 0.408203125 0.01953125 0.037109375
0 0.648681640625 0.40771484375 0.01806640625 0.0400390625
0 0.638916015625 0.41357421875 0.02099609375 0.0361328125
0 0.782470703125 0.43115234375 0.01904296875 0.0927734375
0 0.76025390625 0.43896484375 0.0166015625 0.0830078125
0 0.771728515625 0.42919921875 0.02001953125 0.0986328125
0 0.7431640625 0.41650390625 0.0146484375 0.0732421875
0 0.742919921875 0.43359375 0.01708984375 0.083984375
0 0.731201171875 0.43212890625 0.02099609375 0.1044921875
0 0.718994140625 0.4296875 0.02197265625 0.107421875
0 0.6982421875 0.4013671875 0.0166015625 0.048828125
0 0.71240234375 0.43359375 0.0205078125 0.1015625
0 0.557861328125 0.42236328125 0.01123046875 0.0556640625
0 0.482177734375 0.439453125 0.01513671875 0.099609375
0 0.4970703125 0.44091796875 0.0380859375 0.1865234375
0 0.46044921875 0.43408203125 0.0400390625 0.1962890625
0 0.39013671875 0.416015625 0.033203125 0.162109375
0 0.282470703125 0.44580078125 0.03662109375 0.1767578125
0 0.248291015625 0.45703125 0.04052734375 0.197265625
0 0.28125 0.45068359375 0.04296875 0.2099609375
0 0.970947265625 0.4130859375 0.04638671875 0.228515625
