0 0.56298828125 0.390625 0.015625 0.078125
0 0.573974609375 0.3974609375 0.01416015625 0.068359375
0 0.797119140625 0.4462890625 0.02685546875 0.130859375
0 0.066162109375 0.3935546875 0.01806640625 0.087890625
0 0.2138671875 0.412109375 0.015625 0.076171875
0 0.016845703125 0.4267578125 0.02099609375 0.130859375
0 0.034912109375 0.39990234375 0.00537109375 0.0263671875
0 0.474609375 0.3935546875 0.01171875 0.017578125
0 0.547607421875 0.408203125 0.00634765625 0.029296875
0 0.779052734375 0.4384765625 0.02783203125 0.142578125
