0 0.93212890625 0.41845703125 0.03515625 0.1708984375
0 0.899169921875 0.4228515625 0.03271484375 0.16015625
0 0.741455078125 0.40478515625 0.01806640625 0.0869140625
0 0.723876953125 0.408203125 0.01806640625 0.087890625
0 0.65869140625 0.41796875 0.0244140625 0.119140625
0 0.655029296875 0.43359375 0.01708984375 0.083984375
0 0.35791015625 0.416015625 0.0078125 0.037109375
0 0.34912109375 0.41845703125 0.009765625 0.0478515625
0 0.55029296875 0.40771484375 0.0078125 0.0380859375
0 0.544189453125 0.40869140625 0.00830078125 0.0419921875
0 0.557373046875 0.40380859375 0.00830078125 0.0400390625
0 0.48388671875 0.4091796875 0.00390625 0.021484375
