0 0.298095703125 0.41015625 0.01123046875 0.056640625
0 0.27978515625 0.42138671875 0.017578125 0.0849609375
0 0.158447265625 0.41455078125 0.01123046875 0.0576171875
0 0.3056640625 0.41552734375 0.013671875 0.0673828125
0 0.31591796875 0.40625 0.0146484375 0.072265625
0 0.44384765625 0.40869140625 0.0341796875 0.1650390625
0 0.78662109375 0.38818359375 0.0341796875 0.1669921875
0 0.931884765625 0.4150390625 0.07080078125 0.34375
0 0.981689453125 0.39404296875 0.07763671875 0.3798828125
0 0.275634765625 0.3896484375 0.00537109375 0.01171875
0 0.2802734375 0.38134765625 0.0009765625 0.0009765625
0 0.283203125 0.38037109375 0.001953125 0.0009765625
0 0.28564453125 0.40478515625 0.0009765625 0.0029296875
