0 0.15087890625 0.42919921875 0.037109375 0.1806640625
0 0.177978515625 0.41015625 0.04052734375 0.197265625
0 0.162841796875 0.42041015625 0.04248046875 0.2060546875
0 0.284912109375 0.42236328125 0.03564453125 0.1748046875
0 0.2998046875 0.41552734375 0.0439453125 0.2158203125
0 0.311279296875 0.45849609375 0.07568359375 0.3681640625
0 0.486328125 0.3984375 0.0234375 0.11328125
0 0.444091796875 0.43359375 0.07080078125 0.345703125
0 0.45947265625 0.431640625 0.078125 0.3828125
0 0.5205078125 0.42431640625 0.0625 0.3056640625
0 0.562744140625 0.3974609375 0.02001953125 0.09765625
0 0.53076171875 0.4111328125 0.0703125 0.345703125
0 0.58056640625 0.4306640625 0.052734375 0.255859375
0 0.67431640625 0.3798828125 0.01171875 0.05859375
0 0.8134765625 0.39208984375 0.0224609375 0.1103515625
0 0.82666015625 0.3955078125 0.02734375 0.1328125
0 0.802490234375 0.39599609375 0.02392578125 0.1181640625
0 0.7919921875 0.400390625 0.0263671875 0.126953125
0 0.7744140625 0.40478515625 0.0283203125 0.1376953125
0 0.87890625 0.4111328125 0.0517578125 0.25390625
0 0.907958984375 0.412109375 0.05224609375 0.25390625
0 0.636474609375 0.40087890625 0.04052734375 0.1982421875
0 0.0185546875 0.43896484375 0.0302734375 0.2216796875
0 0.72607421875 0.40234375 0.0341796875 0.15234375
