0 0.31103515625 0.45458984375 0.0126953125 0.0615234375
0 0.2138671875 0.47900390625 0.0205078125 0.0888671875
0 0.20263671875 0.4833984375 0.0244140625 0.08203125
0 0.08740234375 0.4697265625 0.0263671875 0.12890625
0 0.046630859375 0.4619140625 0.03369140625 0.162109375
0 0.85009765625 0.4814453125 0.0458984375 0.22265625
0 0.9033203125 0.482421875 0.048828125 0.240234375
0 0.94384765625 0.4912109375 0.048828125 0.23828125
0 0.976318359375 0.50244140625 0.04541015625 0.2216796875
0 0.99609375 0.5009765625 0.0029296875 0.0625
0 0.9833984375 0.525390625 0.009765625 0.046875
