0 0.6240234375 0.39404296875 0.009765625 0.0458984375
0 0.85986328125 0.38916015625 0.03125 0.1533203125
0 0.83251953125 0.39111328125 0.0244140625 0.1181640625
0 0.850341796875 0.40380859375 0.02783203125 0.1357421875
0 0.34130859375 0.39599609375 0.0087890625 0.0419921875
0 0.345703125 0.3974609375 0.009765625 0.046875
0 0.7431640625 0.3974609375 0.0234375 0.115234375
0 0.314208984375 0.3916015625 0.01025390625 0.048828125
0 0.32470703125 0.3935546875 0.009765625 0.048828125
0 0.27294921875 0.4169921875 0.0224609375 0.109375
0 0.15625 0.4111328125 0.0224609375 0.107421875
0 0.1396484375 0.40380859375 0.0224609375 0.1083984375
0 0.1181640625 0.40087890625 0.0224609375 0.1103515625
0 0.06103515625 0.40380859375 0.0341796875 0.1669921875
0 0.550048828125 0.39111328125 0.00634765625 0.0322265625
0 0.631591796875 0.39306640625 0.01123046875 0.0556640625
0 0.593017578125 0.392578125 0.00927734375 0.044921875
0 0.67333984375 0.38671875 0.0146484375 0.072265625
0 0.70556640625 0.4306640625 0.046875 0.23046875
0 0.734375 0.39990234375 0.0263671875 0.1279296875
0 0.74072265625 0.40380859375 0.0078125 0.0478515625
0 0.93310546875 0.4033203125 0.03515625 0.169921875
0 0.985595703125 0.3896484375 0.05224609375 0.255859375
0 0.956787109375 0.427734375 0.05322265625 0.259765625
0 0.990478515625 0.4287109375 0.01416015625 0.205078125
0 0.358154296875 0.39794921875 0.01513671875 0.0751953125
0 0.2822265625 0.40869140625 0.02734375 0.1318359375
0 0.223876953125 0.4091796875 0.04052734375 0.197265625
0 0.334716796875 0.39306640625 0.01025390625 0.0498046875
0 0.544921875 0.38232421875 0.0078125 0.0146484375
