0 0.003662109375 0.408203125 0.00146484375 0.119140625
0 0.0185546875 0.4072265625 0.0224609375 0.109375
0 0.7568359375 0.33203125 0.0078125 0.0390625
0 0.490234375 0.3447265625 0.0087890625 0.04296875
0 0.51708984375 0.34423828125 0.0068359375 0.0322265625
0 0.671142578125 0.3798828125 0.02294921875 0.11328125
0 0.31982421875 0.3671875 0.0146484375 0.052734375
0 0.77880859375 0.3349609375 0.001953125 0.029296875
0 0.791015625 0.33349609375 0.0048828125 0.0322265625
0 0.801513671875 0.330078125 0.01123046875 0.03125
