0 0.677978515625 0.31396484375 0.00341796875 0.0166015625
0 0.716064453125 0.33544921875 0.00732421875 0.0361328125
0 0.70458984375 0.337890625 0.0078125 0.0390625
0 0.69287109375 0.33642578125 0.0068359375 0.0341796875
0 0.8037109375 0.36865234375 0.015625 0.0771484375
0 0.96337890625 0.35498046875 0.0166015625 0.0810546875
0 0.989990234375 0.3564453125 0.01611328125 0.078125
0 0.52783203125 0.36669921875 0.0205078125 0.1005859375
0 0.48046875 0.37353515625 0.021484375 0.1044921875
0 0.453857421875 0.375 0.01904296875 0.09375
0 0.441650390625 0.36962890625 0.02001953125 0.0966796875
0 0.437744140625 0.37451171875 0.02099609375 0.1025390625
0 0.45947265625 0.373046875 0.01953125 0.09765625
0 0.4931640625 0.41748046875 0.0732421875 0.3564453125
0 0.50634765625 0.435546875 0.0751953125 0.365234375
0 0.270751953125 0.376953125 0.02783203125 0.134765625
0 0.2998046875 0.44287109375 0.083984375 0.4111328125
0 0.31982421875 0.4931640625 0.07421875 0.361328125
0 0.64453125 0.43798828125 0.064453125 0.3134765625
0 0.579345703125 0.51513671875 0.07373046875 0.3583984375
0 0.3701171875 0.376953125 0.0283203125 0.138671875
0 0.3857421875 0.3828125 0.025390625 0.123046875
0 0.243408203125 0.37890625 0.02978515625 0.14453125
0 0.221435546875 0.39013671875 0.02197265625 0.1064453125
0 0.197998046875 0.37939453125 0.02490234375 0.1220703125
0 0.171875 0.37841796875 0.02734375 0.1337890625
0 0.20458984375 0.3798828125 0.0263671875 0.126953125
0 0.185791015625 0.38427734375 0.02587890625 0.1259765625
0 0.2158203125 0.373046875 0.03125 0.15234375
0 0.697265625 0.34912109375 0.0068359375 0.0341796875
0 0.279052734375 0.38330078125 0.02294921875 0.1474609375
