0 0.53759765625 0.4384765625 0.037109375 0.1796875
0 0.56591796875 0.36572265625 0.005859375 0.0283203125
0 0.557373046875 0.4326171875 0.03564453125 0.173828125
0 0.57470703125 0.4375 0.0361328125 0.17578125
0 0.6435546875 0.4306640625 0.0322265625 0.158203125
0 0.64501953125 0.44482421875 0.0322265625 0.1572265625
0 0.592529296875 0.44482421875 0.03466796875 0.1689453125
0 0.599853515625 0.44189453125 0.04150390625 0.2041015625
0 0.6240234375 0.44921875 0.0390625 0.19140625
0 0.689453125 0.4482421875 0.03515625 0.171875
0 0.49560546875 0.43701171875 0.0322265625 0.1552734375
0 0.515380859375 0.42822265625 0.03369140625 0.1650390625
0 0.49755859375 0.4443359375 0.033203125 0.1640625
0 0.443115234375 0.4453125 0.03369140625 0.1640625
0 0.469482421875 0.45751953125 0.04248046875 0.2060546875
0 0.38671875 0.43212890625 0.02734375 0.1318359375
0 0.355224609375 0.4365234375 0.03564453125 0.173828125
0 0.237060546875 0.4287109375 0.04541015625 0.220703125
0 0.31298828125 0.43115234375 0.0400390625 0.1943359375
0 0.318359375 0.4326171875 0.0400390625 0.1953125
0 0.339111328125 0.44970703125 0.03857421875 0.1884765625
0 0.372314453125 0.44384765625 0.03955078125 0.1923828125
0 0.356201171875 0.4677734375 0.02880859375 0.140625
0 0.400390625 0.4541015625 0.0400390625 0.1953125
0 0.26953125 0.44091796875 0.041015625 0.2001953125
0 0.28955078125 0.4404296875 0.0380859375 0.185546875
0 0.21240234375 0.4326171875 0.041015625 0.201171875
0 0.223876953125 0.43798828125 0.04150390625 0.2021484375
0 0.25341796875 0.43505859375 0.04296875 0.2099609375
0 0.28515625 0.46142578125 0.04296875 0.2099609375
0 0.19140625 0.43896484375 0.0341796875 0.1669921875
0 0.142333984375 0.43994140625 0.04248046875 0.2080078125
0 0.1162109375 0.44775390625 0.0380859375 0.1865234375
0 0.170654296875 0.4443359375 0.03857421875 0.1875
0 0.13671875 0.44970703125 0.041015625 0.2001953125
0 0.155517578125 0.45556640625 0.04541015625 0.2236328125
0 0.031494140625 0.43212890625 0.03466796875 0.1689453125
0 0.003662109375 0.43212890625 0.04638671875 0.2275390625
0 0.0302734375 0.4423828125 0.0419921875 0.205078125
0 0.0166015625 0.4384765625 0.044921875 0.21875
0 0.066162109375 0.4482421875 0.04443359375 0.21484375
0 0.1015625 0.43896484375 0.044921875 0.2177734375
0 0.137939453125 0.4794921875 0.04052734375 0.197265625
0 0.41064453125 0.40625 0.0205078125 0.099609375
0 0.66943359375 0.5078125 0.0205078125 0.04296875
0 0.19873046875 0.501953125 0.0205078125 0.0390625
0 0.329345703125 0.451171875 0.04541015625 0.208984375
0 0.467041015625 0.5185546875 0.01806640625 0.07421875
0 0.478759765625 0.3798828125 0.02880859375 0.11328125
0 0.488037109375 0.494140625 0.02392578125 0.111328125
0 0.477294921875 0.47216796875 0.00048828125 0.0009765625
