0 0.269287109375 0.42333984375 0.01123046875 0.0361328125
0 0.03271484375 0.45361328125 0.029296875 0.1435546875
0 0.568603515625 0.3984375 0.01220703125 0.05859375
0 0.584716796875 0.39208984375 0.01416015625 0.0693359375
0 0.59033203125 0.39404296875 0.0126953125 0.0615234375
0 0.59765625 0.38916015625 0.013671875 0.0654296875
0 0.60986328125 0.38818359375 0.01171875 0.0576171875
0 0.605224609375 0.38818359375 0.01416015625 0.0693359375
0 0.615966796875 0.3857421875 0.01318359375 0.0625
0 0.660400390625 0.373046875 0.01025390625 0.048828125
0 0.6552734375 0.36962890625 0.009765625 0.0478515625
0 0.6689453125 0.37353515625 0.0146484375 0.0732421875
0 0.701416015625 0.34912109375 0.01025390625 0.0283203125
0 0.69482421875 0.36474609375 0.01171875 0.0439453125
0 0.685791015625 0.36083984375 0.01318359375 0.0341796875
0 0.718017578125 0.35888671875 0.00830078125 0.0478515625
0 0.71044921875 0.35693359375 0.01953125 0.0302734375
0 0.562255859375 0.376953125 0.00537109375 0.01171875
0 0.5546875 0.39111328125 0.0126953125 0.0615234375
0 0.74951171875 0.37353515625 0.0166015625 0.0810546875
0 0.74658203125 0.37939453125 0.0166015625 0.0810546875
0 0.728515625 0.373046875 0.0205078125 0.099609375
0 0.767822265625 0.3701171875 0.01806640625 0.087890625
0 0.783447265625 0.38134765625 0.02099609375 0.1025390625
0 0.80419921875 0.38232421875 0.0205078125 0.1005859375
0 0.515380859375 0.39453125 0.01416015625 0.068359375
0 0.90283203125 0.36181640625 0.048828125 0.2392578125
0 0.982421875 0.359375 0.046875 0.228515625
0 0.40185546875 0.4013671875 0.0078125 0.0390625
