0 0.894775390625 0.37841796875 0.02001953125 0.0986328125
0 0.40478515625 0.4033203125 0.017578125 0.087890625
0 0.406982421875 0.4033203125 0.01708984375 0.083984375
0 0.414306640625 0.40771484375 0.01904296875 0.0927734375
0 0.395263671875 0.408203125 0.02001953125 0.09765625
0 0.39111328125 0.38525390625 0.0078125 0.0439453125
0 0.086181640625 0.4130859375 0.07080078125 0.345703125
0 0.056640625 0.45263671875 0.060546875 0.2939453125
0 0.14208984375 0.44580078125 0.08203125 0.3994140625
0 0.232666015625 0.443359375 0.08154296875 0.3984375
0 0.346435546875 0.4697265625 0.08447265625 0.412109375
0 0.332275390625 0.4560546875 0.09521484375 0.46484375
0 0.471435546875 0.4736328125 0.11376953125 0.556640625
0 0.521728515625 0.51318359375 0.11083984375 0.5419921875
0 0.698974609375 0.4462890625 0.07470703125 0.36328125
0 0.76611328125 0.52099609375 0.044921875 0.2197265625
0 0.943359375 0.36962890625 0.017578125 0.0869140625
0 0.93115234375 0.38330078125 0.0205078125 0.1005859375
0 0.544189453125 0.38623046875 0.00634765625 0.0322265625
0 0.555419921875 0.3828125 0.00634765625 0.03125
