0 0.87060546875 0.3779296875 0.0078125 0.0390625
0 0.84326171875 0.37890625 0.0087890625 0.044921875
0 0.833740234375 0.37841796875 0.00830078125 0.0400390625
0 0.826904296875 0.38037109375 0.00732421875 0.0341796875
0 0.83935546875 0.38134765625 0.0068359375 0.0322265625
0 0.8623046875 0.3798828125 0.005859375 0.029296875
0 0.812255859375 0.3798828125 0.00732421875 0.03515625
0 0.802001953125 0.39453125 0.00927734375 0.046875
0 0.768310546875 0.3828125 0.00927734375 0.046875
0 0.491455078125 0.39892578125 0.00634765625 0.0322265625
0 0.501708984375 0.4013671875 0.00732421875 0.03515625
0 0.478759765625 0.4033203125 0.00634765625 0.029296875
0 0.45654296875 0.40185546875 0.005859375 0.0283203125
0 0.451904296875 0.40283203125 0.00732421875 0.0361328125
0 0.458740234375 0.404296875 0.00732421875 0.03515625
0 0.466552734375 0.40478515625 0.00732421875 0.0361328125
0 0.471435546875 0.39794921875 0.00927734375 0.0458984375
0 0.432861328125 0.4091796875 0.01025390625 0.05078125
0 0.44287109375 0.4091796875 0.009765625 0.048828125
0 0.397705078125 0.41064453125 0.01220703125 0.0595703125
0 0.387939453125 0.41259765625 0.01123046875 0.0537109375
0 0.36767578125 0.41455078125 0.0146484375 0.0712890625
0 0.301513671875 0.41845703125 0.01416015625 0.0673828125
0 0.135986328125 0.404296875 0.01025390625 0.048828125
0 0.52880859375 0.40478515625 0.009765625 0.0478515625
0 0.54296875 0.40966796875 0.01953125 0.0966796875
0 0.557373046875 0.41162109375 0.01806640625 0.0888671875
0 0.574951171875 0.41162109375 0.01904296875 0.0947265625
0 0.427734375 0.40966796875 0.0126953125 0.0615234375
0 0.115478515625 0.427734375 0.02880859375 0.140625
0 0.055419921875 0.408203125 0.02685546875 0.1328125
0 0.125 0.43994140625 0.0244140625 0.1181640625
0 0.0576171875 0.45556640625 0.01953125 0.0966796875
