0 0.40283203125 0.39990234375 0.009765625 0.0458984375
0 0.393798828125 0.40771484375 0.01513671875 0.0732421875
0 0.38720703125 0.40380859375 0.0146484375 0.0712890625
0 0.389404296875 0.41015625 0.01513671875 0.07421875
0 0.715576171875 0.41748046875 0.01904296875 0.0927734375
0 0.7724609375 0.4189453125 0.021484375 0.10546875
0 0.78466796875 0.41455078125 0.041015625 0.2001953125
0 0.818603515625 0.42578125 0.03759765625 0.18359375
0 0.608642578125 0.3974609375 0.00634765625 0.03125
0 0.57373046875 0.41455078125 0.0263671875 0.1298828125
0 0.621826171875 0.40380859375 0.02001953125 0.0966796875
