0 0.466796875 0.38818359375 0.01171875 0.0556640625
0 0.460693359375 0.39111328125 0.01025390625 0.0498046875
0 0.808349609375 0.39697265625 0.03369140625 0.1650390625
0 0.85791015625 0.404296875 0.0439453125 0.212890625
0 0.978271484375 0.40234375 0.05224609375 0.255859375
0 0.283203125 0.396484375 0.05078125 0.24609375
0 0.2646484375 0.40869140625 0.052734375 0.2568359375
0 0.250244140625 0.41162109375 0.05224609375 0.2548828125
0 0.284423828125 0.4208984375 0.04931640625 0.240234375
0 0.380859375 0.4228515625 0.0419921875 0.203125
0 0.3486328125 0.4228515625 0.0439453125 0.21484375
0 0.33056640625 0.4296875 0.04296875 0.208984375
0 0.323486328125 0.41064453125 0.06005859375 0.2919921875
0 0.513427734375 0.380859375 0.01025390625 0.015625
