0 0.486083984375 0.421875 0.00634765625 0.029296875
0 0.493408203125 0.421875 0.00634765625 0.03125
0 0.479736328125 0.42138671875 0.00634765625 0.0322265625
0 0.500732421875 0.42041015625 0.00830078125 0.0419921875
0 0.511962890625 0.421875 0.01123046875 0.0546875
0 0.520751953125 0.423828125 0.01025390625 0.05078125
0 0.531005859375 0.4208984375 0.01025390625 0.048828125
0 0.589599609375 0.43359375 0.01513671875 0.076171875
0 0.617431640625 0.43017578125 0.01806640625 0.0888671875
0 0.6416015625 0.42919921875 0.0185546875 0.0908203125
0 0.771728515625 0.44677734375 0.04345703125 0.2099609375
0 0.82080078125 0.44140625 0.0458984375 0.224609375
0 0.8408203125 0.4326171875 0.052734375 0.255859375
0 0.193603515625 0.43359375 0.01708984375 0.08203125
0 0.1796875 0.43505859375 0.0166015625 0.0810546875
