0 0.05712890625 0.43994140625 0.0478515625 0.2353515625
0 0.41162109375 0.4189453125 0.0322265625 0.15625
0 0.745849609375 0.42529296875 0.03076171875 0.1494140625
0 0.793701171875 0.4267578125 0.03271484375 0.158203125
0 0.8974609375 0.42578125 0.033203125 0.1640625
0 0.914794921875 0.4248046875 0.03076171875 0.150390625
0 0.56298828125 0.41748046875 0.0126953125 0.0634765625
0 0.465087890625 0.3994140625 0.01416015625 0.068359375
0 0.501220703125 0.40673828125 0.04638671875 0.0380859375
0 0.544921875 0.408203125 0.009765625 0.0390625
