0 0.134765625 0.37060546875 0.0166015625 0.0830078125
0 0.1396484375 0.37451171875 0.017578125 0.0869140625
0 0.12646484375 0.3798828125 0.0224609375 0.109375
0 0.097900390625 0.392578125 0.02783203125 0.134765625
0 0.074951171875 0.375 0.02685546875 0.1328125
0 0.254150390625 0.38916015625 0.00634765625 0.0302734375
0 0.2138671875 0.37646484375 0.0185546875 0.0908203125
0 0.2373046875 0.38330078125 0.021484375 0.1044921875
0 0.258056640625 0.388671875 0.00537109375 0.02734375
0 0.232177734375 0.3828125 0.02099609375 0.103515625
0 0.24609375 0.384765625 0.025390625 0.123046875
0 0.2255859375 0.3798828125 0.02734375 0.1328125
0 0.26123046875 0.388671875 0.005859375 0.029296875
0 0.384521484375 0.392578125 0.00830078125 0.041015625
0 0.3349609375 0.390625 0.0078125 0.037109375
0 0.341552734375 0.3896484375 0.00830078125 0.0390625
0 0.354248046875 0.38720703125 0.00830078125 0.0400390625
0 0.352783203125 0.3876953125 0.00634765625 0.03125
0 0.356689453125 0.38916015625 0.00732421875 0.0361328125
0 0.34716796875 0.384765625 0.0078125 0.0390625
0 0.3701171875 0.39208984375 0.0078125 0.0380859375
0 0.400390625 0.39111328125 0.009765625 0.0478515625
0 0.5576171875 0.37060546875 0.001953125 0.0048828125
0 0.56640625 0.39404296875 0.0146484375 0.0712890625
0 0.5625 0.39599609375 0.0126953125 0.0615234375
0 0.5537109375 0.39794921875 0.0166015625 0.0830078125
0 0.5849609375 0.39453125 0.0146484375 0.0703125
0 0.572509765625 0.3974609375 0.01904296875 0.09375
0 0.607177734375 0.39892578125 0.01611328125 0.0771484375
0 0.59912109375 0.39892578125 0.0205078125 0.1005859375
0 0.6259765625 0.39794921875 0.015625 0.0771484375
0 0.641845703125 0.39599609375 0.02587890625 0.1279296875
0 0.665283203125 0.39453125 0.01708984375 0.0859375
0 0.656005859375 0.39599609375 0.02490234375 0.1201171875
0 0.686767578125 0.39892578125 0.02001953125 0.0986328125
0 0.74658203125 0.3994140625 0.021484375 0.10546875
0 0.935791015625 0.40966796875 0.02001953125 0.1005859375
0 0.95166015625 0.4033203125 0.0263671875 0.12890625
0 0.8251953125 0.40234375 0.0234375 0.11328125
0 0.9150390625 0.40673828125 0.025390625 0.1240234375
0 0.75634765625 0.41064453125 0.0322265625 0.1572265625
0 0.490234375 0.36279296875 0.0400390625 0.0419921875
