0 0.1279296875 0.4443359375 0.0498046875 0.2421875
0 0.51220703125 0.44189453125 0.0478515625 0.2353515625
0 0.4853515625 0.447265625 0.048828125 0.23828125
0 0.720458984375 0.46875 0.05322265625 0.2578125
0 0.86083984375 0.46630859375 0.0693359375 0.3369140625
0 0.88232421875 0.4619140625 0.080078125 0.390625
0 0.834228515625 0.47900390625 0.07373046875 0.3583984375
0 0.811767578125 0.46826171875 0.08935546875 0.4345703125
0 0.998046875 0.48046875 0.060546875 0.294921875
0 0.980224609375 0.48779296875 0.03466796875 0.3486328125
