0 0.626220703125 0.40966796875 0.00634765625 0.0302734375
0 0.653564453125 0.41064453125 0.00439453125 0.0185546875
0 0.506591796875 0.40283203125 0.00732421875 0.0361328125
0 0.488037109375 0.40283203125 0.00927734375 0.0458984375
0 0.47802734375 0.40771484375 0.0078125 0.0380859375
0 0.420654296875 0.4140625 0.00927734375 0.044921875
0 0.410400390625 0.42041015625 0.02001953125 0.0986328125
0 0.390625 0.41552734375 0.0185546875 0.0908203125
0 0.318359375 0.43896484375 0.033203125 0.1611328125
0 0.306640625 0.4453125 0.03515625 0.171875
0 0.274658203125 0.44482421875 0.03369140625 0.1650390625
0 0.276123046875 0.458984375 0.02783203125 0.13671875
0 0.206298828125 0.421875 0.01708984375 0.083984375
0 0.22509765625 0.44775390625 0.0341796875 0.1669921875
0 0.23779296875 0.443359375 0.0361328125 0.17578125
0 0.190185546875 0.43798828125 0.03466796875 0.1708984375
0 0.1962890625 0.44873046875 0.033203125 0.1630859375
0 0.16357421875 0.44140625 0.03515625 0.171875
0 0.1796875 0.44384765625 0.03515625 0.1708984375
0 0.15185546875 0.44775390625 0.0478515625 0.2333984375
0 0.138671875 0.45849609375 0.046875 0.2294921875
0 0.796142578125 0.40380859375 0.01025390625 0.0498046875
0 0.80322265625 0.39990234375 0.0087890625 0.0439453125
0 0.766357421875 0.4130859375 0.00830078125 0.041015625
0 0.814697265625 0.41259765625 0.01806640625 0.0888671875
0 0.8466796875 0.4140625 0.0166015625 0.08203125
0 0.881103515625 0.40185546875 0.01611328125 0.0771484375
0 0.887939453125 0.40478515625 0.01318359375 0.0654296875
0 0.8984375 0.4013671875 0.013671875 0.068359375
0 0.905517578125 0.39892578125 0.01220703125 0.0576171875
0 0.9169921875 0.3916015625 0.0126953125 0.0625
0 0.904052734375 0.41064453125 0.01904296875 0.0947265625
0 0.921142578125 0.4189453125 0.02294921875 0.111328125
0 0.635986328125 0.41064453125 0.00537109375 0.0263671875
0 0.12548828125 0.4404296875 0.0390625 0.19140625
0 0.630615234375 0.41357421875 0.00732421875 0.0263671875
0 0.644775390625 0.4111328125 0.00927734375 0.02734375
