0 0.88720703125 0.396484375 0.017578125 0.087890625
0 0.076171875 0.43408203125 0.009765625 0.0458984375
0 0.102294921875 0.41015625 0.02099609375 0.1015625
0 0.09326171875 0.42041015625 0.015625 0.0771484375
0 0.109619140625 0.4150390625 0.01806640625 0.08984375
0 0.06005859375 0.419921875 0.01953125 0.095703125
0 0.05810546875 0.42431640625 0.0166015625 0.0830078125
0 0.9541015625 0.6669921875 0.03515625 0.064453125
0 0.989990234375 0.39208984375 0.04833984375 0.2353515625
0 0.902099609375 0.46142578125 0.09423828125 0.4619140625
0 0.943115234375 0.49658203125 0.10791015625 0.5263671875
0 0.9423828125 0.47998046875 0.1240234375 0.6044921875
0 0.771240234375 0.4794921875 0.14208984375 0.693359375
0 0.56298828125 0.421875 0.08203125 0.3984375
0 0.57861328125 0.45751953125 0.0732421875 0.3564453125
0 0.509765625 0.45556640625 0.1162109375 0.5654296875
