0 0.9931640625 0.40380859375 0.0087890625 0.0869140625
0 0.9501953125 0.36962890625 0.0078125 0.0400390625
0 0.95849609375 0.40234375 0.0244140625 0.119140625
0 0.8935546875 0.3662109375 0.0107421875 0.052734375
0 0.748291015625 0.37646484375 0.01025390625 0.0498046875
0 0.757080078125 0.36279296875 0.00927734375 0.0263671875
0 0.67822265625 0.37158203125 0.0146484375 0.0712890625
0 0.68408203125 0.37255859375 0.013671875 0.0654296875
0 0.69189453125 0.37451171875 0.0146484375 0.0732421875
0 0.66796875 0.37353515625 0.0166015625 0.0810546875
0 0.368408203125 0.38134765625 0.02294921875 0.1123046875
