0 0.406494140625 0.4013671875 0.01025390625 0.048828125
0 0.3974609375 0.4033203125 0.009765625 0.048828125
0 0.42041015625 0.41455078125 0.01171875 0.0576171875
0 0.339599609375 0.404296875 0.01318359375 0.064453125
0 0.330078125 0.40966796875 0.0146484375 0.0712890625
0 0.276611328125 0.41064453125 0.01416015625 0.0693359375
0 0.26416015625 0.41552734375 0.0166015625 0.0810546875
0 0.24853515625 0.408203125 0.017578125 0.087890625
0 0.759033203125 0.41162109375 0.02197265625 0.1064453125
0 0.867431640625 0.3466796875 0.00146484375 0.009765625
0 0.870361328125 0.39306640625 0.02197265625 0.1083984375
