0 0.79638671875 0.42822265625 0.0283203125 0.1396484375
0 0.775634765625 0.41650390625 0.03466796875 0.1689453125
0 0.801513671875 0.43115234375 0.03369140625 0.1650390625
0 0.846435546875 0.44189453125 0.05517578125 0.2685546875
0 0.91796875 0.4404296875 0.052734375 0.2578125
0 0.959228515625 0.48291015625 0.03466796875 0.1708984375
0 0.27880859375 0.43017578125 0.01171875 0.0556640625
0 0.23193359375 0.42822265625 0.0146484375 0.0712890625
0 0.09228515625 0.44677734375 0.025390625 0.1240234375
0 0.518310546875 0.42431640625 0.01220703125 0.0595703125
0 0.5048828125 0.42578125 0.01171875 0.056640625
