0 0.345947265625 0.388671875 0.02685546875 0.12890625
0 0.304931640625 0.38916015625 0.02783203125 0.1357421875
0 0.25537109375 0.40087890625 0.03515625 0.1708984375
0 0.336669921875 0.3896484375 0.03759765625 0.18359375
0 0.403076171875 0.38623046875 0.03662109375 0.1787109375
0 0.28564453125 0.39697265625 0.037109375 0.1826171875
0 0.77392578125 0.3798828125 0.0224609375 0.109375
0 0.888916015625 0.38818359375 0.01806640625 0.0869140625
0 0.911865234375 0.3828125 0.02001953125 0.09765625
0 0.821044921875 0.42431640625 0.03662109375 0.1298828125
0 0.928466796875 0.4091796875 0.03857421875 0.189453125
0 0.384765625 0.37646484375 0.0126953125 0.0615234375
0 0.598388671875 0.3798828125 0.03271484375 0.16015625
