0 0.11962890625 0.388671875 0.017578125 0.0859375
0 0.195068359375 0.38818359375 0.01416015625 0.0693359375
0 0.229248046875 0.251953125 0.00732421875 0.03515625
0 0.31005859375 0.38623046875 0.0126953125 0.0615234375
0 0.322021484375 0.39013671875 0.01123046875 0.0556640625
0 0.373046875 0.38671875 0.0107421875 0.052734375
0 0.363525390625 0.38671875 0.00927734375 0.044921875
0 0.4453125 0.388671875 0.0078125 0.0390625
0 0.450927734375 0.38916015625 0.00927734375 0.0458984375
0 0.455322265625 0.3935546875 0.00927734375 0.044921875
0 0.495849609375 0.396484375 0.01123046875 0.0546875
0 0.507080078125 0.40380859375 0.01416015625 0.0693359375
0 0.54150390625 0.40576171875 0.0126953125 0.0615234375
0 0.526611328125 0.40087890625 0.01611328125 0.0771484375
0 0.428466796875 0.4013671875 0.01513671875 0.07421875
0 0.043212890625 0.16845703125 0.01123046875 0.0146484375
0 0.089599609375 0.1728515625 0.02880859375 0.0234375
0 0.11767578125 0.173828125 0.01171875 0.025390625
0 0.147216796875 0.3857421875 0.04443359375 0.08203125
0 0.159423828125 0.2099609375 0.02392578125 0.017578125
0 0.157958984375 0.1796875 0.02001953125 0.017578125
0 0.179443359375 0.38916015625 0.00634765625 0.0732421875
0 0.197265625 0.21142578125 0.0029296875 0.0185546875
0 0.2119140625 0.203125 0.0146484375 0.056640625
0 0.22314453125 0.388671875 0.017578125 0.068359375
0 0.21875 0.4208984375 0.0009765625 0.00390625
0 0.265380859375 0.28271484375 0.01611328125 0.0341796875
0 0.3828125 0.39208984375 0.0087890625 0.0634765625
0 0.392578125 0.39453125 0.0078125 0.068359375
0 0.408447265625 0.39404296875 0.01416015625 0.0712890625
0 0.423095703125 0.3828125 0.01025390625 0.041015625
0 0.51904296875 0.3798828125 0.0078125 0.0234375
0 0.537109375 0.37841796875 0.0126953125 0.0205078125
0 0.5546875 0.38525390625 0.0087890625 0.0224609375
0 0.563720703125 0.37548828125 0.00732421875 0.0029296875
