0 0.583740234375 0.42138671875 0.01416015625 0.0693359375
0 0.010009765625 0.3837890625 0.01416015625 0.068359375
0 0.036865234375 0.44775390625 0.04150390625 0.2021484375
0 0.029052734375 0.47265625 0.05810546875 0.283203125
0 0.669677734375 0.40478515625 0.02001953125 0.0966796875
0 0.70166015625 0.423828125 0.0341796875 0.16796875
0 0.721435546875 0.4091796875 0.03369140625 0.1640625
0 0.777099609375 0.40625 0.04248046875 0.20703125
0 0.788330078125 0.4208984375 0.05712890625 0.279296875
0 0.828125 0.42578125 0.052734375 0.255859375
0 0.8828125 0.404296875 0.060546875 0.296875
0 0.421142578125 0.4296875 0.01416015625 0.068359375
0 0.130615234375 0.4384765625 0.16357421875 0.15625
0 0.236572265625 0.4345703125 0.03955078125 0.1015625
0 0.247314453125 0.44775390625 0.00341796875 0.0087890625
0 0.2724609375 0.3994140625 0.0146484375 0.033203125
0 0.69189453125 0.38623046875 0.01171875 0.0732421875
0 0.693359375 0.4423828125 0.0029296875 0.01171875
0 0.712158203125 0.3994140625 0.01416015625 0.103515625
0 0.7109375 0.439453125 0.001953125 0.017578125
0 0.711669921875 0.42724609375 0.00048828125 0.0009765625
0 0.736572265625 0.35595703125 0.00927734375 0.0185546875
0 0.739013671875 0.38623046875 0.00439453125 0.0126953125
0 0.757080078125 0.38623046875 0.00732421875 0.0595703125
0 0.918701171875 0.326171875 0.03857421875 0.072265625
