0 0.520751953125 0.40478515625 0.01123046875 0.0537109375
0 0.5849609375 0.3974609375 0.0107421875 0.05078125
0 0.5927734375 0.4013671875 0.0107421875 0.052734375
0 0.604248046875 0.3984375 0.01025390625 0.05078125
0 0.6005859375 0.39892578125 0.01171875 0.0576171875
0 0.63037109375 0.40625 0.017578125 0.0859375
0 0.492431640625 0.3974609375 0.01708984375 0.083984375
0 0.402587890625 0.40771484375 0.01513671875 0.0732421875
0 0.338623046875 0.42041015625 0.02197265625 0.1064453125
0 0.27734375 0.40771484375 0.0146484375 0.0712890625
0 0.256103515625 0.40771484375 0.01416015625 0.0693359375
0 0.26123046875 0.4091796875 0.015625 0.076171875
0 0.47802734375 0.421875 0.0087890625 0.041015625
