0 0.480224609375 0.333984375 0.01220703125 0.05859375
0 0.473388671875 0.3359375 0.01123046875 0.052734375
0 0.494140625 0.3330078125 0.01171875 0.056640625
0 0.501708984375 0.32958984375 0.01318359375 0.0634765625
0 0.3115234375 0.33642578125 0.0068359375 0.0341796875
0 0.318359375 0.33544921875 0.0087890625 0.0419921875
0 0.343017578125 0.33544921875 0.00830078125 0.0419921875
0 0.351806640625 0.3349609375 0.01025390625 0.048828125
0 0.368408203125 0.33349609375 0.00830078125 0.0419921875
0 0.36083984375 0.3369140625 0.0078125 0.0390625
0 0.397216796875 0.33544921875 0.01220703125 0.0595703125
0 0.58935546875 0.33935546875 0.0224609375 0.1083984375
0 0.579345703125 0.3447265625 0.02197265625 0.107421875
0 0.6025390625 0.3525390625 0.0224609375 0.111328125
0 0.835205078125 0.380859375 0.03076171875 0.150390625
0 0.807861328125 0.35693359375 0.04150390625 0.2021484375
0 0.957763671875 0.37255859375 0.03759765625 0.1845703125
0 0.9892578125 0.37158203125 0.029296875 0.1435546875
0 0.96875 0.369140625 0.0400390625 0.1953125
0 0.955810546875 0.3671875 0.04345703125 0.2109375
0 0.048095703125 0.34912109375 0.01220703125 0.0322265625
0 0.010009765625 0.35009765625 0.01123046875 0.0380859375
0 0.020751953125 0.349609375 0.01416015625 0.037109375
0 0.413818359375 0.37109375 0.03271484375 0.16015625
0 0.394775390625 0.3916015625 0.05322265625 0.259765625
