0 0.62841796875 0.39208984375 0.0126953125 0.0615234375
0 0.473876953125 0.38037109375 0.00341796875 0.0146484375
0 0.25927734375 0.4287109375 0.01171875 0.056640625
0 0.3251953125 0.40283203125 0.013671875 0.0654296875
0 0.276123046875 0.41357421875 0.02099609375 0.1025390625
0 0.206298828125 0.41748046875 0.02392578125 0.1162109375
0 0.22265625 0.42529296875 0.0205078125 0.1005859375
0 0.240478515625 0.41943359375 0.02001953125 0.0986328125
0 0.51806640625 0.38427734375 0.0068359375 0.0341796875
0 0.341552734375 0.38671875 0.01220703125 0.017578125
