0 0.02587890625 0.42529296875 0.0166015625 0.0810546875
0 0.07373046875 0.4130859375 0.0234375 0.115234375
0 0.49072265625 0.39501953125 0.013671875 0.0654296875
0 0.52880859375 0.38623046875 0.0107421875 0.0517578125
0 0.5634765625 0.3955078125 0.0205078125 0.09765625
0 0.60693359375 0.39599609375 0.021484375 0.1044921875
0 0.781005859375 0.3896484375 0.03759765625 0.18359375
0 0.74462890625 0.4140625 0.044921875 0.21875
0 0.761474609375 0.39453125 0.05810546875 0.283203125
0 0.845703125 0.35595703125 0.015625 0.0751953125
0 0.887939453125 0.38525390625 0.04736328125 0.2294921875
0 0.8837890625 0.40673828125 0.0478515625 0.2353515625
