0 0.6689453125 0.38818359375 0.0234375 0.1142578125
0 0.684814453125 0.39208984375 0.02099609375 0.1025390625
0 0.640625 0.392578125 0.021484375 0.10546875
0 0.604736328125 0.39892578125 0.02001953125 0.0966796875
0 0.530517578125 0.3984375 0.02197265625 0.107421875
0 0.496337890625 0.38818359375 0.00537109375 0.0283203125
0 0.51611328125 0.3896484375 0.005859375 0.033203125
0 0.591796875 0.39697265625 0.0185546875 0.0361328125
0 0.59814453125 0.3662109375 0.0029296875 0.015625
0 0.609130859375 0.36279296875 0.01025390625 0.0322265625
0 0.614013671875 0.396484375 0.00048828125 0.00390625
