0 0.91845703125 0.392578125 0.01953125 0.095703125
0 0.90673828125 0.39013671875 0.0185546875 0.0927734375
0 0.189697265625 0.40576171875 0.01025390625 0.0498046875
0 0.73486328125 0.40185546875 0.0439453125 0.2138671875
0 0.260986328125 0.4013671875 0.01123046875 0.0390625
0 0.295166015625 0.39990234375 0.00927734375 0.0400390625
0 0.3046875 0.39990234375 0.009765625 0.0400390625
0 0.3154296875 0.39599609375 0.00390625 0.0361328125
0 0.323974609375 0.39599609375 0.00732421875 0.0380859375
0 0.341796875 0.3955078125 0.009765625 0.0390625
0 0.37353515625 0.38818359375 0.01953125 0.0361328125
0 0.392578125 0.39453125 0.001953125 0.009765625
0 0.418212890625 0.39013671875 0.04248046875 0.0341796875
0 0.443115234375 0.3876953125 0.00341796875 0.03125
0 0.456298828125 0.388671875 0.01025390625 0.03125
0 0.470458984375 0.3837890625 0.01318359375 0.03125
0 0.48291015625 0.38427734375 0.0087890625 0.0302734375
0 0.489990234375 0.38720703125 0.00244140625 0.0283203125
0 0.5224609375 0.38525390625 0.052734375 0.0361328125
