0 0.102783203125 0.451171875 0.03369140625 0.1640625
0 0.16748046875 0.4658203125 0.0244140625 0.12109375
0 0.3056640625 0.435546875 0.0302734375 0.1484375
0 0.4501953125 0.4736328125 0.0693359375 0.337890625
0 0.38818359375 0.49169921875 0.06640625 0.3251953125
0 0.541748046875 0.4560546875 0.05029296875 0.24609375
0 0.659423828125 0.40869140625 0.02197265625 0.1064453125
0 0.6728515625 0.40234375 0.025390625 0.123046875
0 0.536376953125 0.51171875 0.05615234375 0.2734375
0 0.616943359375 0.46142578125 0.04931640625 0.2412109375
0 0.583984375 0.45703125 0.078125 0.37890625
0 0.669921875 0.5048828125 0.064453125 0.314453125
0 0.634765625 0.47900390625 0.078125 0.3818359375
0 0.79248046875 0.40478515625 0.0224609375 0.1083984375
0 0.803955078125 0.39453125 0.02490234375 0.123046875
0 0.75390625 0.43994140625 0.056640625 0.2763671875
0 0.740478515625 0.46142578125 0.05224609375 0.2548828125
0 0.88818359375 0.41162109375 0.033203125 0.0810546875
0 0.783447265625 0.46337890625 0.05126953125 0.2490234375
0 0.94287109375 0.3955078125 0.1025390625 0.5
0 0.22412109375 0.44140625 0.0302734375 0.1484375
