0 0.181640625 0.46923828125 0.0126953125 0.0634765625
0 0.171142578125 0.47119140625 0.01318359375 0.0634765625
0 0.491455078125 0.44384765625 0.00537109375 0.0283203125
0 0.486328125 0.4404296875 0.0068359375 0.033203125
0 0.013916015625 0.5 0.02587890625 0.126953125
0 0.525634765625 0.44580078125 0.00439453125 0.0224609375
0 0.553955078125 0.43603515625 0.00830078125 0.0400390625
0 0.656982421875 0.43017578125 0.01220703125 0.0595703125
0 0.6630859375 0.4296875 0.0126953125 0.0625
0 0.651611328125 0.4345703125 0.01318359375 0.064453125
0 0.409912109375 0.4482421875 0.00244140625 0.01171875
