0 0.827392578125 0.369140625 0.03173828125 0.15625
0 0.86083984375 0.37939453125 0.0302734375 0.1474609375
0 0.8173828125 0.3154296875 0.0166015625 0.044921875
0 0.204345703125 0.4052734375 0.01904296875 0.091796875
0 0.21044921875 0.4111328125 0.017578125 0.0859375
0 0.996337890625 0.392578125 0.09326171875 0.455078125
0 0.60986328125 0.39111328125 0.0185546875 0.0908203125
0 0.62060546875 0.390625 0.021484375 0.103515625
0 0.63623046875 0.39111328125 0.0224609375 0.1103515625
0 0.6474609375 0.3955078125 0.0283203125 0.13671875
0 0.566650390625 0.3896484375 0.01025390625 0.05078125
0 0.572998046875 0.3857421875 0.01123046875 0.052734375
0 0.583251953125 0.3935546875 0.01220703125 0.060546875
0 0.406005859375 0.38671875 0.00634765625 0.03125
0 0.15234375 0.40087890625 0.03515625 0.0302734375
