0 0.71044921875 0.443359375 0.0107421875 0.052734375
0 0.7216796875 0.443359375 0.0107421875 0.052734375
0 0.739990234375 0.455078125 0.02294921875 0.111328125
0 0.755615234375 0.45166015625 0.02392578125 0.1162109375
0 0.9970703125 0.4345703125 0.044921875 0.220703125
0 0.632568359375 0.45947265625 0.03271484375 0.1611328125
0 0.6513671875 0.45947265625 0.03125 0.1533203125
0 0.6640625 0.46142578125 0.0322265625 0.1572265625
0 0.649169921875 0.462890625 0.03173828125 0.15625
0 0.171142578125 0.47265625 0.01611328125 0.078125
0 0.16015625 0.4677734375 0.021484375 0.103515625
0 0.210205078125 0.47412109375 0.01318359375 0.0634765625
0 0.1962890625 0.4755859375 0.0146484375 0.072265625
0 0.217041015625 0.458984375 0.02587890625 0.125
0 0.421630859375 0.42724609375 0.00537109375 0.0166015625
0 0.4267578125 0.46240234375 0.017578125 0.0869140625
