0 0.7958984375 0.39111328125 0.0244140625 0.1201171875
0 0.41650390625 0.42138671875 0.017578125 0.0869140625
0 0.7177734375 0.38623046875 0.01953125 0.0966796875
0 0.6640625 0.40087890625 0.0263671875 0.1298828125
0 0.7294921875 0.39306640625 0.029296875 0.1416015625
0 0.7568359375 0.40185546875 0.03125 0.1513671875
0 0.634765625 0.4111328125 0.0263671875 0.12890625
0 0.40625 0.42041015625 0.0185546875 0.0888671875
0 0.3359375 0.4208984375 0.01953125 0.095703125
0 0.3271484375 0.421875 0.0205078125 0.099609375
0 0.487060546875 0.40869140625 0.02001953125 0.0966796875
0 0.431640625 0.40625 0.01953125 0.095703125
0 0.61376953125 0.41943359375 0.0390625 0.1904296875
