0 0.35595703125 0.41650390625 0.009765625 0.0498046875
0 0.54443359375 0.39892578125 0.009765625 0.0458984375
0 0.493896484375 0.41845703125 0.01611328125 0.0771484375
0 0.53173828125 0.41943359375 0.0166015625 0.0810546875
0 0.5546875 0.41650390625 0.0185546875 0.0908203125
0 0.6044921875 0.42236328125 0.0322265625 0.1572265625
0 0.6630859375 0.44580078125 0.0771484375 0.3759765625
0 0.773681640625 0.4501953125 0.09423828125 0.4609375
0 0.556640625 0.41552734375 0.01953125 0.0947265625
0 0.34765625 0.4072265625 0.0126953125 0.060546875
0 0.451171875 0.4658203125 0.0703125 0.34375
