0 0.80419921875 0.38916015625 0.0322265625 0.1552734375
0 0.912353515625 0.37158203125 0.03076171875 0.1513671875
0 0.92236328125 0.3798828125 0.0302734375 0.1484375
0 0.119873046875 0.44677734375 0.00634765625 0.0302734375
0 0.044677734375 0.453125 0.00927734375 0.044921875
0 0.21044921875 0.43798828125 0.0029296875 0.0146484375
0 0.656005859375 0.396484375 0.02392578125 0.1171875
0 0.666015625 0.38671875 0.02734375 0.1328125
0 0.6953125 0.40283203125 0.0361328125 0.1787109375
0 0.673828125 0.40380859375 0.041015625 0.1982421875
