0 0.953857421875 0.42041015625 0.03076171875 0.1513671875
0 0.67041015625 0.45458984375 0.009765625 0.0478515625
0 0.681396484375 0.46875 0.01318359375 0.064453125
0 0.68994140625 0.4697265625 0.013671875 0.064453125
0 0.6962890625 0.46728515625 0.0126953125 0.0634765625
0 0.642822265625 0.4755859375 0.02001953125 0.09765625
0 0.660888671875 0.4736328125 0.02197265625 0.107421875
0 0.841552734375 0.453125 0.02587890625 0.126953125
0 0.837890625 0.44580078125 0.0244140625 0.0966796875
0 0.803955078125 0.4482421875 0.02294921875 0.0703125
0 0.971923828125 0.435546875 0.03173828125 0.154296875
0 0.907470703125 0.4404296875 0.02587890625 0.125
0 0.921630859375 0.44677734375 0.02783203125 0.1357421875
0 0.982421875 0.4150390625 0.0302734375 0.0625
0 0.902099609375 0.45166015625 0.02294921875 0.1123046875
0 0.707763671875 0.466796875 0.01611328125 0.078125
0 0.7119140625 0.46728515625 0.0166015625 0.0791015625
0 0.593505859375 0.49267578125 0.05419921875 0.2646484375
0 0.558837890625 0.49169921875 0.05419921875 0.2666015625
0 0.38134765625 0.48828125 0.025390625 0.123046875
0 0.36328125 0.4853515625 0.021484375 0.103515625
0 0.356689453125 0.4873046875 0.01806640625 0.087890625
0 0.352294921875 0.49365234375 0.02099609375 0.1005859375
0 0.366455078125 0.5 0.02197265625 0.10546875
0 0.3232421875 0.47412109375 0.021484375 0.1064453125
0 0.32080078125 0.4921875 0.025390625 0.123046875
0 0.3134765625 0.490234375 0.02734375 0.1328125
0 0.28955078125 0.490234375 0.0302734375 0.146484375
0 0.3037109375 0.490234375 0.0302734375 0.146484375
0 0.2607421875 0.4873046875 0.0283203125 0.138671875
0 0.279052734375 0.4921875 0.02978515625 0.146484375
0 0.17529296875 0.46484375 0.021484375 0.10546875
0 0.1796875 0.46484375 0.025390625 0.05859375
0 0.16162109375 0.470703125 0.0224609375 0.056640625
0 0.218994140625 0.46142578125 0.02001953125 0.0517578125
0 0.75537109375 0.47119140625 0.05859375 0.2861328125
0 0.7685546875 0.46533203125 0.0654296875 0.3193359375
0 0.626708984375 0.4697265625 0.01416015625 0.0703125
0 0.660888671875 0.486328125 0.00927734375 0.017578125
0 0.650146484375 0.4873046875 0.00732421875 0.01953125
