0 0.248779296875 0.404296875 0.00830078125 0.0390625
0 0.40869140625 0.3974609375 0.0078125 0.0390625
0 0.48291015625 0.40625 0.0166015625 0.08203125
0 0.4921875 0.41259765625 0.017578125 0.0869140625
0 0.51416015625 0.42236328125 0.041015625 0.1982421875
0 0.584716796875 0.41796875 0.02783203125 0.13671875
0 0.657958984375 0.4306640625 0.03662109375 0.177734375
0 0.62548828125 0.42626953125 0.0400390625 0.1962890625
0 0.664794921875 0.43408203125 0.05517578125 0.2685546875
0 0.36669921875 0.396484375 0.0078125 0.0390625
0 0.3701171875 0.396484375 0.0078125 0.0390625
0 0.39013671875 0.39794921875 0.0078125 0.0380859375
0 0.38916015625 0.3984375 0.005859375 0.037109375
0 0.38916015625 0.3974609375 0.0087890625 0.04296875
0 0.370849609375 0.41357421875 0.00048828125 0.0009765625
0 0.371826171875 0.40869140625 0.00048828125 0.0009765625
0 0.372802734375 0.41162109375 0.00048828125 0.0009765625
0 0.373291015625 0.41357421875 0.00048828125 0.0009765625
