0 0.649658203125 0.43896484375 0.03271484375 0.1611328125
0 0.65087890625 0.45068359375 0.0576171875 0.2822265625
0 0.68603515625 0.3515625 0.0068359375 0.033203125
0 0.699951171875 0.41162109375 0.04052734375 0.1982421875
0 0.7421875 0.4228515625 0.03125 0.15234375
0 0.732421875 0.4296875 0.0576171875 0.283203125
0 0.679931640625 0.458984375 0.06201171875 0.302734375
0 0.838623046875 0.43505859375 0.03564453125 0.1748046875
0 0.83447265625 0.42919921875 0.0517578125 0.2509765625
0 0.908203125 0.42236328125 0.0615234375 0.2998046875
0 0.7958984375 0.4453125 0.080078125 0.390625
0 0.80126953125 0.455078125 0.099609375 0.48828125
0 0.874755859375 0.41748046875 0.10888671875 0.5302734375
0 0.5263671875 0.40966796875 0.01171875 0.0576171875
0 0.532470703125 0.42138671875 0.01708984375 0.0830078125
0 0.369873046875 0.40380859375 0.01123046875 0.0556640625
0 0.366943359375 0.41650390625 0.01025390625 0.0498046875
0 0.376220703125 0.4169921875 0.01416015625 0.0703125
0 0.377197265625 0.41943359375 0.01513671875 0.0732421875
0 0.37890625 0.43505859375 0.009765625 0.0458984375
0 0.405029296875 0.41064453125 0.01904296875 0.0927734375
0 0.4033203125 0.412109375 0.01953125 0.095703125
0 0.3896484375 0.41162109375 0.017578125 0.0869140625
0 0.580078125 0.45654296875 0.0517578125 0.2509765625
0 0.465576171875 0.408203125 0.01318359375 0.064453125
