0 0.853271484375 0.39990234375 0.01123046875 0.0537109375
0 0.85986328125 0.40087890625 0.01171875 0.0576171875
0 0.86962890625 0.39501953125 0.015625 0.0771484375
0 0.8876953125 0.3984375 0.0146484375 0.072265625
0 0.6748046875 0.41357421875 0.005859375 0.0302734375
0 0.665771484375 0.4111328125 0.00732421875 0.03515625
0 0.962158203125 0.39697265625 0.02587890625 0.1259765625
0 0.92724609375 0.4365234375 0.0546875 0.267578125
0 0.98779296875 0.43505859375 0.044921875 0.2177734375
0 0.996337890625 0.43408203125 0.05810546875 0.2841796875
0 0.762939453125 0.443359375 0.04443359375 0.216796875
0 0.826171875 0.4375 0.0458984375 0.22265625
0 0.712890625 0.44287109375 0.0615234375 0.2998046875
0 0.616455078125 0.41943359375 0.02587890625 0.1279296875
0 0.595458984375 0.42431640625 0.02294921875 0.1103515625
0 0.615234375 0.44384765625 0.0146484375 0.0712890625
0 0.612060546875 0.42431640625 0.03076171875 0.1513671875
0 0.631103515625 0.455078125 0.05908203125 0.287109375
0 0.569091796875 0.439453125 0.04345703125 0.212890625
0 0.533447265625 0.439453125 0.04541015625 0.220703125
0 0.506103515625 0.43603515625 0.05224609375 0.2529296875
0 0.45751953125 0.42919921875 0.0234375 0.1123046875
0 0.050537109375 0.44677734375 0.02783203125 0.1357421875
0 0.075439453125 0.4453125 0.02880859375 0.140625
0 0.131103515625 0.4521484375 0.02392578125 0.1171875
0 0.376220703125 0.435546875 0.02392578125 0.1171875
0 0.19482421875 0.4501953125 0.0244140625 0.119140625
0 0.23046875 0.4326171875 0.029296875 0.14453125
0 0.3203125 0.4697265625 0.0361328125 0.17578125
0 0.29150390625 0.474609375 0.0341796875 0.166015625
0 0.280029296875 0.46875 0.04345703125 0.2109375
0 0.38525390625 0.44287109375 0.0400390625 0.1962890625
0 0.8037109375 0.40087890625 0.0107421875 0.0517578125
0 0.898681640625 0.38671875 0.01806640625 0.08984375
0 0.894287109375 0.38671875 0.01708984375 0.08203125
