0 0.128662109375 0.37890625 0.01220703125 0.060546875
0 0.138916015625 0.38525390625 0.01025390625 0.0517578125
0 0.157470703125 0.37841796875 0.01123046875 0.0537109375
0 0.62060546875 0.390625 0.0126953125 0.060546875
0 0.675048828125 0.3974609375 0.00927734375 0.044921875
0 0.365966796875 0.38671875 0.01220703125 0.05859375
0 0.375 0.390625 0.0126953125 0.060546875
0 0.0732421875 0.38037109375 0.015625 0.0615234375
0 0.2109375 0.38427734375 0.0224609375 0.0537109375
0 0.2412109375 0.37890625 0.0224609375 0.04296875
0 0.278564453125 0.37744140625 0.02783203125 0.0400390625
