0 0.369384765625 0.41259765625 0.02587890625 0.1279296875
0 0.56494140625 0.42138671875 0.0546875 0.2666015625
0 0.599853515625 0.4296875 0.06396484375 0.3125
0 0.65283203125 0.4326171875 0.064453125 0.314453125
0 0.765625 0.4013671875 0.017578125 0.0859375
0 0.84521484375 0.42724609375 0.029296875 0.1435546875
0 0.78466796875 0.41943359375 0.0302734375 0.1494140625
0 0.79345703125 0.40625 0.052734375 0.255859375
0 0.94482421875 0.41796875 0.029296875 0.142578125
0 0.91796875 0.416015625 0.0341796875 0.16796875
0 0.900390625 0.4169921875 0.0341796875 0.16796875
0 0.996826171875 0.419921875 0.03271484375 0.16015625
0 0.59716796875 0.5380859375 0.00390625 0.01171875
0 0.6240234375 0.45263671875 0.02734375 0.1806640625
0 0.64404296875 0.31982421875 0.0126953125 0.0283203125
0 0.641357421875 0.5400390625 0.00439453125 0.04296875
0 0.677001953125 0.5087890625 0.02392578125 0.12109375
0 0.677490234375 0.4365234375 0.00439453125 0.021484375
0 0.693603515625 0.33642578125 0.02685546875 0.0322265625
