0 0.656494140625 0.3994140625 0.02587890625 0.126953125
0 0.686767578125 0.4052734375 0.02294921875 0.111328125
0 0.72998046875 0.3994140625 0.0419921875 0.205078125
0 0.4091796875 0.41259765625 0.0380859375 0.1845703125
0 0.4306640625 0.4033203125 0.044921875 0.21875
0 0.162353515625 0.3994140625 0.02685546875 0.130859375
0 0.111572265625 0.4013671875 0.02587890625 0.125
0 0.135498046875 0.3935546875 0.02880859375 0.140625
0 0.287109375 0.41650390625 0.0546875 0.2666015625
0 0.30615234375 0.42138671875 0.056640625 0.2763671875
0 0.38720703125 0.42333984375 0.0595703125 0.2900390625
0 0.482421875 0.4189453125 0.064453125 0.3125
0 0.5634765625 0.41357421875 0.0498046875 0.2412109375
0 0.602294921875 0.4111328125 0.04833984375 0.236328125
0 0.6259765625 0.439453125 0.0556640625 0.271484375
0 0.803955078125 0.439453125 0.04345703125 0.212890625
0 0.79150390625 0.4296875 0.0478515625 0.232421875
0 0.73583984375 0.44677734375 0.0400390625 0.1962890625
0 0.847412109375 0.4052734375 0.03662109375 0.177734375
0 0.902099609375 0.41357421875 0.03271484375 0.1591796875
0 0.9267578125 0.4296875 0.03125 0.15234375
