0 0.896728515625 0.3349609375 0.00927734375 0.046875
0 0.583251953125 0.3564453125 0.01123046875 0.0546875
0 0.57666015625 0.36083984375 0.0107421875 0.0517578125
0 0.59619140625 0.36376953125 0.0107421875 0.0517578125
0 0.4326171875 0.375 0.013671875 0.06640625
0 0.52880859375 0.36572265625 0.01171875 0.0576171875
0 0.547607421875 0.3642578125 0.00927734375 0.044921875
0 0.5380859375 0.36083984375 0.009765625 0.0478515625
0 0.545166015625 0.369140625 0.01123046875 0.0546875
0 0.531494140625 0.3681640625 0.01123046875 0.056640625
0 0.536865234375 0.36962890625 0.01123046875 0.0537109375
0 0.521240234375 0.36474609375 0.01123046875 0.0537109375
0 0.52392578125 0.36767578125 0.0107421875 0.0517578125
0 0.49609375 0.3583984375 0.0048828125 0.01953125
0 0.5078125 0.36669921875 0.01171875 0.0576171875
0 0.51513671875 0.3662109375 0.0107421875 0.052734375
0 0.50048828125 0.3681640625 0.0126953125 0.0625
0 0.489990234375 0.36767578125 0.01220703125 0.0595703125
0 0.908935546875 0.33984375 0.00927734375 0.044921875
0 0.59228515625 0.35791015625 0.0068359375 0.0341796875
0 0.375244140625 0.38671875 0.02001953125 0.09765625
