0 0.339111328125 0.40625 0.01513671875 0.07421875
0 0.534912109375 0.3818359375 0.00244140625 0.01171875
0 0.29931640625 0.39111328125 0.0146484375 0.0712890625
0 0.5380859375 0.40283203125 0.0078125 0.0380859375
0 0.348876953125 0.39697265625 0.01416015625 0.0693359375
0 0.280029296875 0.39111328125 0.01513671875 0.0732421875
0 0.37548828125 0.38623046875 0.009765625 0.0107421875
0 0.04296875 0.384765625 0.0205078125 0.1015625
0 0.993408203125 0.3857421875 0.02880859375 0.142578125
0 0.767822265625 0.3974609375 0.01513671875 0.07421875
0 0.78125 0.388671875 0.0146484375 0.0703125
0 0.211669921875 0.44384765625 0.04248046875 0.2080078125
0 0.35986328125 0.3955078125 0.0029296875 0.017578125
0 0.368896484375 0.38525390625 0.00439453125 0.0166015625
