0 0.17578125 0.41015625 0.0224609375 0.109375
0 0.486328125 0.3955078125 0.01953125 0.095703125
0 0.496337890625 0.40283203125 0.02001953125 0.0986328125
0 0.584716796875 0.40185546875 0.03564453125 0.1728515625
0 0.630859375 0.412109375 0.0166015625 0.08203125
0 0.666748046875 0.4208984375 0.05126953125 0.25
0 0.733642578125 0.42919921875 0.05029296875 0.2470703125
0 0.884765625 0.4453125 0.0537109375 0.26171875
0 0.953857421875 0.44384765625 0.05517578125 0.2685546875
0 0.404541015625 0.3984375 0.01318359375 0.05859375
0 0.52490234375 0.4150390625 0.0205078125 0.08203125
0 0.6162109375 0.4189453125 0.03125 0.181640625
0 0.64892578125 0.4345703125 0.009765625 0.10546875
0 0.722412109375 0.4052734375 0.00927734375 0.05859375
0 0.723876953125 0.45361328125 0.00634765625 0.0322265625
0 0.7529296875 0.44091796875 0.0009765625 0.0087890625
0 0.76123046875 0.39013671875 0.013671875 0.0908203125
0 0.76171875 0.4677734375 0.01171875 0.02734375
0 0.93212890625 0.37890625 0.013671875 0.0234375
