0 0.506103515625 0.4033203125 0.00537109375 0.02734375
0 0.499755859375 0.40087890625 0.00634765625 0.0302734375
0 0.515869140625 0.4033203125 0.00634765625 0.03125
0 0.400634765625 0.412109375 0.01513671875 0.07421875
0 0.37060546875 0.41455078125 0.0146484375 0.0712890625
0 0.3544921875 0.40771484375 0.009765625 0.0478515625
0 0.337646484375 0.40625 0.01025390625 0.05078125
0 0.340576171875 0.41064453125 0.00927734375 0.0439453125
0 0.322509765625 0.40771484375 0.00927734375 0.0458984375
0 0.135498046875 0.427734375 0.05810546875 0.283203125
0 0.149658203125 0.45263671875 0.05322265625 0.2607421875
0 0.64501953125 0.3974609375 0.00390625 0.01953125
0 0.714599609375 0.44775390625 0.07958984375 0.3876953125
0 0.438720703125 0.43115234375 0.07373046875 0.3583984375
0 0.439208984375 0.4609375 0.07177734375 0.3515625
0 0.23828125 0.447265625 0.0595703125 0.291015625
0 0.27099609375 0.4326171875 0.068359375 0.333984375
0 0.303955078125 0.431640625 0.07373046875 0.357421875
0 0.535400390625 0.3994140625 0.00732421875 0.037109375
0 0.571044921875 0.408203125 0.01708984375 0.083984375
0 0.58349609375 0.412109375 0.017578125 0.0859375
0 0.61181640625 0.455078125 0.0693359375 0.33984375
0 0.509765625 0.40869140625 0.0048828125 0.0224609375
0 0.50830078125 0.39404296875 0.00390625 0.0205078125
0 0.407958984375 0.4052734375 0.00732421875 0.03515625
0 0.542236328125 0.40185546875 0.00927734375 0.0439453125
