0 0.6787109375 0.3896484375 0.005859375 0.02734375
0 0.684326171875 0.38720703125 0.00537109375 0.0263671875
0 0.695556640625 0.40771484375 0.01416015625 0.0673828125
0 0.638671875 0.38623046875 0.0068359375 0.0341796875
0 0.644775390625 0.41064453125 0.01513671875 0.0712890625
0 0.660400390625 0.41064453125 0.01318359375 0.0634765625
0 0.55517578125 0.3955078125 0.0078125 0.037109375
0 0.552734375 0.39501953125 0.0078125 0.0380859375
0 0.829345703125 0.38037109375 0.00537109375 0.0263671875
0 0.824462890625 0.38134765625 0.00634765625 0.0322265625
0 0.811767578125 0.376953125 0.00732421875 0.03515625
0 0.81396484375 0.37548828125 0.0068359375 0.0322265625
0 0.804443359375 0.37939453125 0.00732421875 0.0341796875
0 0.81884765625 0.37939453125 0.0087890625 0.0419921875
0 0.80859375 0.40087890625 0.01171875 0.0595703125
0 0.71923828125 0.44970703125 0.08203125 0.4013671875
0 0.744140625 0.474609375 0.0849609375 0.4140625
0 0.506591796875 0.40087890625 0.00634765625 0.0302734375
0 0.49365234375 0.400390625 0.0068359375 0.033203125
0 0.433837890625 0.404296875 0.00634765625 0.03125
0 0.4384765625 0.40185546875 0.005859375 0.0302734375
0 0.443115234375 0.404296875 0.00537109375 0.02734375
0 0.44921875 0.41455078125 0.01171875 0.0576171875
0 0.36865234375 0.41162109375 0.0166015625 0.0791015625
0 0.358642578125 0.42333984375 0.01123046875 0.0556640625
0 0.3408203125 0.42236328125 0.013671875 0.0654296875
0 0.322265625 0.41455078125 0.0234375 0.1162109375
0 0.29833984375 0.41357421875 0.0244140625 0.1201171875
0 0.260009765625 0.4189453125 0.01025390625 0.048828125
0 0.14453125 0.41748046875 0.0126953125 0.0634765625
0 0.472900390625 0.44677734375 0.07373046875 0.3583984375
0 0.265380859375 0.42041015625 0.01416015625 0.0693359375
0 0.22265625 0.4091796875 0.0185546875 0.091796875
0 0.06787109375 0.4013671875 0.0263671875 0.12890625
0 0.0517578125 0.45654296875 0.0205078125 0.0986328125
