0 0.495849609375 0.3818359375 0.00341796875 0.015625
0 0.348876953125 0.42138671875 0.01123046875 0.0537109375
0 0.106201171875 0.443359375 0.02001953125 0.09765625
0 0.617431640625 0.396484375 0.01025390625 0.052734375
0 0.6025390625 0.3994140625 0.009765625 0.048828125
0 0.645751953125 0.39794921875 0.01220703125 0.0595703125
0 0.66015625 0.388671875 0.013671875 0.06640625
0 0.65478515625 0.40673828125 0.021484375 0.1044921875
0 0.70703125 0.39697265625 0.0224609375 0.1123046875
0 0.690673828125 0.400390625 0.02197265625 0.10546875
0 0.489013671875 0.4052734375 0.00927734375 0.044921875
0 0.603759765625 0.37060546875 0.00341796875 0.0126953125
0 0.6103515625 0.375 0.005859375 0.017578125
