0 0.448486328125 0.40087890625 0.00048828125 0.0048828125
0 0.447021484375 0.40478515625 0.00537109375 0.0263671875
0 0.451171875 0.4033203125 0.005859375 0.029296875
0 0.4580078125 0.40283203125 0.005859375 0.0283203125
0 0.481201171875 0.40869140625 0.00439453125 0.0224609375
0 0.673583984375 0.38671875 0.02587890625 0.126953125
0 0.697265625 0.3828125 0.02734375 0.1328125
0 0.73828125 0.37744140625 0.02734375 0.1318359375
0 0.76171875 0.37744140625 0.025390625 0.1259765625
0 0.955078125 0.36474609375 0.025390625 0.1240234375
0 0.38623046875 0.412109375 0.00390625 0.017578125
0 0.37109375 0.40869140625 0.005859375 0.0302734375
0 0.36474609375 0.41259765625 0.0068359375 0.0322265625
0 0.215576171875 0.4365234375 0.01220703125 0.060546875
0 0.1748046875 0.43017578125 0.01171875 0.0576171875
0 0.197509765625 0.4365234375 0.01220703125 0.05859375
0 0.14453125 0.4521484375 0.0185546875 0.091796875
0 0.11181640625 0.44677734375 0.0166015625 0.0830078125
0 0.068359375 0.45361328125 0.0244140625 0.1201171875
0 0.430419921875 0.47509765625 0.08056640625 0.3935546875
0 0.01123046875 0.4443359375 0.0166015625 0.0625
0 0.379150390625 0.41650390625 0.01220703125 0.0283203125
