0 0.378173828125 0.39794921875 0.00732421875 0.0361328125
0 0.3955078125 0.40771484375 0.0126953125 0.0615234375
0 0.406005859375 0.40087890625 0.01318359375 0.0654296875
0 0.63134765625 0.400390625 0.0107421875 0.052734375
0 0.65087890625 0.4033203125 0.01171875 0.056640625
0 0.68603515625 0.41357421875 0.013671875 0.0654296875
0 0.67724609375 0.4072265625 0.0185546875 0.087890625
0 0.66357421875 0.41162109375 0.0166015625 0.0810546875
0 0.7607421875 0.4091796875 0.01953125 0.09765625
0 0.748779296875 0.41357421875 0.02197265625 0.1064453125
0 0.76123046875 0.40673828125 0.0234375 0.1162109375
0 0.505126953125 0.416015625 0.02978515625 0.14453125
