0 0.6923828125 0.39208984375 0.013671875 0.0673828125
0 0.7587890625 0.3955078125 0.0166015625 0.080078125
0 0.38525390625 0.3916015625 0.0078125 0.037109375
0 0.462158203125 0.400390625 0.01025390625 0.048828125
0 0.489990234375 0.4267578125 0.02880859375 0.140625
0 0.43359375 0.40966796875 0.01171875 0.0556640625
0 0.314208984375 0.3955078125 0.01513671875 0.07421875
0 0.59716796875 0.4052734375 0.013671875 0.06640625
0 0.44140625 0.39990234375 0.009765625 0.0478515625
0 0.3486328125 0.3798828125 0.0087890625 0.013671875
