0 0.06884765625 0.4326171875 0.0185546875 0.08984375
0 0.158447265625 0.42724609375 0.02099609375 0.1025390625
0 0.140625 0.421875 0.029296875 0.140625
0 0.14794921875 0.4326171875 0.03515625 0.171875
0 0.200439453125 0.43896484375 0.03564453125 0.1728515625
0 0.373291015625 0.4130859375 0.02099609375 0.1015625
0 0.493896484375 0.4169921875 0.02099609375 0.103515625
0 0.6083984375 0.40087890625 0.0126953125 0.0595703125
0 0.62158203125 0.4033203125 0.0087890625 0.04296875
0 0.9921875 0.37548828125 0.0107421875 0.0283203125
0 0.038330078125 0.42236328125 0.02197265625 0.1083984375
0 0.1416015625 0.43017578125 0.0283203125 0.1357421875
0 0.32958984375 0.41064453125 0.0205078125 0.1025390625
0 0.597900390625 0.4091796875 0.02001953125 0.115234375
0 0.915771484375 0.390625 0.00537109375 0.0625
0 0.93115234375 0.3916015625 0.0126953125 0.060546875
0 0.946044921875 0.39306640625 0.01416015625 0.0751953125
0 0.956787109375 0.37548828125 0.00341796875 0.0302734375
