0 0.296875 0.4267578125 0.0078125 0.0390625
0 0.11376953125 0.44384765625 0.017578125 0.0869140625
0 0.13232421875 0.439453125 0.0205078125 0.1015625
0 0.31396484375 0.42578125 0.0146484375 0.0703125
0 0.30712890625 0.43115234375 0.0166015625 0.0791015625
0 0.607666015625 0.400390625 0.01220703125 0.05859375
0 0.884033203125 0.46875 0.07568359375 0.369140625
0 0.1611328125 0.42529296875 0.0126953125 0.0615234375
0 0.470458984375 0.40869140625 0.02001953125 0.0966796875
0 0.2724609375 0.38671875 0.0107421875 0.0234375
