0 0.140625 0.4150390625 0.0234375 0.115234375
0 0.15380859375 0.41162109375 0.029296875 0.1416015625
0 0.134033203125 0.41796875 0.02392578125 0.1171875
0 0.114013671875 0.4189453125 0.02197265625 0.107421875
0 0.06591796875 0.4208984375 0.0234375 0.115234375
0 0.0810546875 0.42138671875 0.0263671875 0.1298828125
0 0.04736328125 0.42236328125 0.0244140625 0.1201171875
0 0.0595703125 0.41064453125 0.0322265625 0.1572265625
0 0.25830078125 0.41357421875 0.0234375 0.1142578125
0 0.244873046875 0.4169921875 0.02294921875 0.111328125
0 0.232666015625 0.40380859375 0.02490234375 0.1201171875
0 0.20849609375 0.4169921875 0.0263671875 0.12890625
0 0.192138671875 0.41650390625 0.02587890625 0.1259765625
0 0.226318359375 0.41943359375 0.03564453125 0.1748046875
0 0.3369140625 0.41357421875 0.013671875 0.0654296875
0 0.343017578125 0.41796875 0.02099609375 0.103515625
0 0.453857421875 0.39404296875 0.01318359375 0.0654296875
0 0.446533203125 0.4052734375 0.00830078125 0.0390625
0 0.439208984375 0.3955078125 0.01025390625 0.05078125
0 0.433837890625 0.3857421875 0.01318359375 0.02734375
0 0.4951171875 0.400390625 0.015625 0.076171875
0 0.49853515625 0.41259765625 0.0244140625 0.1201171875
0 0.544189453125 0.4169921875 0.01904296875 0.09375
0 0.534912109375 0.40625 0.01513671875 0.07421875
0 0.5380859375 0.41259765625 0.0224609375 0.1103515625
0 0.521484375 0.4150390625 0.017578125 0.0859375
0 0.60302734375 0.4169921875 0.0224609375 0.109375
0 0.7099609375 0.40576171875 0.0205078125 0.1005859375
0 0.69775390625 0.3974609375 0.01953125 0.095703125
0 0.66552734375 0.4140625 0.0244140625 0.1171875
0 0.788818359375 0.400390625 0.02490234375 0.12109375
0 0.798095703125 0.41259765625 0.02197265625 0.1064453125
0 0.835205078125 0.4130859375 0.02880859375 0.140625
0 0.82958984375 0.42041015625 0.0283203125 0.1376953125
0 0.86865234375 0.474609375 0.037109375 0.1796875
0 0.886962890625 0.4345703125 0.05322265625 0.259765625
0 0.896240234375 0.4287109375 0.05908203125 0.287109375
0 0.484619140625 0.3974609375 0.01220703125 0.060546875
0 0.560302734375 0.39990234375 0.01318359375 0.0634765625
0 0.81591796875 0.49267578125 0.052734375 0.1044921875
