0 0.41748046875 0.40771484375 0.017578125 0.0869140625
0 0.431884765625 0.419921875 0.01123046875 0.056640625
0 0.44677734375 0.4052734375 0.0185546875 0.08984375
0 0.472412109375 0.396484375 0.02001953125 0.09765625
0 0.464111328125 0.40185546875 0.02099609375 0.1025390625
0 0.45361328125 0.40673828125 0.0185546875 0.0888671875
0 0.49267578125 0.40966796875 0.015625 0.0751953125
0 0.4833984375 0.40087890625 0.0205078125 0.0986328125
0 0.554443359375 0.396484375 0.02197265625 0.107421875
0 0.534912109375 0.39990234375 0.01904296875 0.0927734375
0 0.7041015625 0.39697265625 0.0185546875 0.0908203125
0 0.600341796875 0.40283203125 0.01904296875 0.0927734375
0 0.6298828125 0.40283203125 0.0185546875 0.0888671875
0 0.692626953125 0.39599609375 0.02001953125 0.0966796875
0 0.01611328125 0.42236328125 0.017578125 0.0869140625
0 0.038818359375 0.43603515625 0.01220703125 0.0595703125
0 0.5498046875 0.40380859375 0.0205078125 0.1005859375
0 0.65771484375 0.38916015625 0.01953125 0.0947265625
0 0.66162109375 0.39111328125 0.0244140625 0.1201171875
0 0.820068359375 0.39208984375 0.02587890625 0.1259765625
0 0.913818359375 0.39306640625 0.02294921875 0.1142578125
0 0.994140625 0.3876953125 0.025390625 0.123046875
0 0.158203125 0.408203125 0.0166015625 0.080078125
