0 0.711181640625 0.40625 0.01025390625 0.05078125
0 0.630615234375 0.412109375 0.00927734375 0.046875
0 0.525390625 0.4091796875 0.005859375 0.029296875
0 0.49169921875 0.40673828125 0.009765625 0.0498046875
0 0.44189453125 0.435546875 0.01953125 0.095703125
0 0.360595703125 0.43017578125 0.01806640625 0.0888671875
0 0.41796875 0.43603515625 0.0263671875 0.1025390625
0 0.390380859375 0.42724609375 0.04345703125 0.1025390625
0 0.476806640625 0.4443359375 0.04345703125 0.107421875
0 0.537109375 0.39501953125 0.0078125 0.0166015625
0 0.67822265625 0.41650390625 0.017578125 0.0361328125
0 0.696044921875 0.41552734375 0.01220703125 0.0302734375
