0 0.52978515625 0.39990234375 0.0107421875 0.0498046875
0 0.544677734375 0.3916015625 0.00634765625 0.03125
0 0.54931640625 0.40087890625 0.0068359375 0.0322265625
0 0.7001953125 0.41064453125 0.0283203125 0.1376953125
0 0.715576171875 0.40771484375 0.02978515625 0.1455078125
0 0.487060546875 0.3955078125 0.00634765625 0.03125
0 0.4833984375 0.3955078125 0.0068359375 0.03515625
0 0.46142578125 0.3994140625 0.005859375 0.02734375
0 0.452880859375 0.39404296875 0.00537109375 0.0263671875
0 0.44482421875 0.39599609375 0.005859375 0.0283203125
0 0.399169921875 0.396484375 0.00830078125 0.041015625
0 0.39306640625 0.39599609375 0.009765625 0.0458984375
0 0.37646484375 0.39892578125 0.01171875 0.0556640625
0 0.362060546875 0.40380859375 0.01123046875 0.0556640625
0 0.1171875 0.40185546875 0.025390625 0.1220703125
0 0.08349609375 0.40478515625 0.025390625 0.1240234375
0 0.527099609375 0.39306640625 0.00634765625 0.0302734375
