0 0.652099609375 0.43701171875 0.03564453125 0.1748046875
0 0.68017578125 0.4267578125 0.0400390625 0.1953125
0 0.921142578125 0.39599609375 0.03369140625 0.1630859375
0 0.450927734375 0.40966796875 0.00732421875 0.0341796875
0 0.43798828125 0.4072265625 0.0068359375 0.033203125
0 0.32421875 0.4228515625 0.015625 0.076171875
0 0.61669921875 0.4052734375 0.0078125 0.0390625
0 0.6201171875 0.4033203125 0.009765625 0.046875
0 0.623046875 0.40625 0.009765625 0.048828125
0 0.63427734375 0.40576171875 0.015625 0.0751953125
0 0.665771484375 0.4052734375 0.02783203125 0.13671875
0 0.420166015625 0.412109375 0.00830078125 0.01953125
