0 0.572509765625 0.39794921875 0.00634765625 0.0322265625
0 0.51318359375 0.40087890625 0.0068359375 0.0322265625
0 0.50634765625 0.40283203125 0.005859375 0.0283203125
0 0.37890625 0.40771484375 0.009765625 0.0478515625
0 0.372314453125 0.40576171875 0.01025390625 0.0498046875
0 0.721435546875 0.39697265625 0.02001953125 0.0966796875
0 0.747314453125 0.39794921875 0.01904296875 0.0927734375
0 0.774169921875 0.40234375 0.01904296875 0.09375
0 0.890869140625 0.40234375 0.02978515625 0.14453125
0 0.531982421875 0.4052734375 0.01220703125 0.025390625
