0 0.751953125 0.4033203125 0.01953125 0.09375
0 0.885986328125 0.37646484375 0.02490234375 0.1201171875
0 0.954345703125 0.39208984375 0.02783203125 0.1376953125
0 0.99560546875 0.4169921875 0.0478515625 0.232421875
0 0.536376953125 0.38916015625 0.01025390625 0.0517578125
0 0.51611328125 0.39453125 0.0068359375 0.033203125
0 0.50390625 0.396484375 0.005859375 0.029296875
0 0.482177734375 0.39208984375 0.00927734375 0.0439453125
0 0.4697265625 0.3916015625 0.0078125 0.0390625
0 0.475341796875 0.39501953125 0.00830078125 0.0400390625
0 0.4638671875 0.3896484375 0.0078125 0.0390625
0 0.4580078125 0.3935546875 0.0087890625 0.04296875
0 0.450439453125 0.3935546875 0.00927734375 0.044921875
0 0.44482421875 0.39892578125 0.00390625 0.0283203125
0 0.434326171875 0.39404296875 0.00927734375 0.0458984375
0 0.439453125 0.39404296875 0.009765625 0.0478515625
0 0.427490234375 0.39306640625 0.00927734375 0.0458984375
0 0.430419921875 0.392578125 0.00927734375 0.046875
0 0.42041015625 0.396484375 0.0087890625 0.04296875
0 0.411376953125 0.39404296875 0.00927734375 0.0458984375
0 0.407470703125 0.392578125 0.00927734375 0.044921875
0 0.3603515625 0.3955078125 0.0107421875 0.05078125
0 0.367431640625 0.3974609375 0.01025390625 0.048828125
0 0.353271484375 0.3935546875 0.01123046875 0.056640625
0 0.340087890625 0.39501953125 0.01220703125 0.0595703125
0 0.3330078125 0.39599609375 0.01171875 0.0576171875
0 0.315185546875 0.38916015625 0.01025390625 0.0498046875
0 0.30615234375 0.392578125 0.01171875 0.056640625
0 0.31201171875 0.39404296875 0.01171875 0.0556640625
0 0.3203125 0.3935546875 0.01171875 0.05859375
0 0.28173828125 0.39208984375 0.01171875 0.0576171875
0 0.289306640625 0.3935546875 0.01318359375 0.064453125
0 0.276123046875 0.392578125 0.01318359375 0.06640625
0 0.23095703125 0.39306640625 0.0126953125 0.0615234375
0 0.240966796875 0.3935546875 0.01220703125 0.05859375
0 0.101318359375 0.3974609375 0.01416015625 0.0703125
0 0.4951171875 0.39404296875 0.0068359375 0.0341796875
0 0.609375 0.3759765625 0.0244140625 0.12109375
