0 0.56005859375 0.38818359375 0.0048828125 0.0224609375
0 0.514892578125 0.39501953125 0.00341796875 0.0185546875
0 0.2880859375 0.40966796875 0.01171875 0.0556640625
0 0.267822265625 0.40673828125 0.01220703125 0.0595703125
0 0.278564453125 0.4072265625 0.01220703125 0.05859375
0 0.1396484375 0.41943359375 0.015625 0.0771484375
0 0.064208984375 0.44873046875 0.06982421875 0.3408203125
0 0.03515625 0.45947265625 0.0732421875 0.3564453125
0 0.34521484375 0.4775390625 0.107421875 0.5234375
0 0.4150390625 0.4501953125 0.11328125 0.552734375
0 0.621337890625 0.396484375 0.01513671875 0.07421875
0 0.940185546875 0.43603515625 0.04736328125 0.2333984375
0 0.941162109375 0.42919921875 0.05517578125 0.2705078125
0 0.6337890625 0.45703125 0.0654296875 0.318359375
0 0.65673828125 0.45654296875 0.0693359375 0.3369140625
0 0.5302734375 0.40234375 0.005859375 0.02734375
0 0.5341796875 0.40185546875 0.0048828125 0.0263671875
0 0.52587890625 0.40087890625 0.005859375 0.0283203125
0 0.518310546875 0.39111328125 0.00439453125 0.0205078125
0 0.5146484375 0.39208984375 0.0029296875 0.0146484375
0 0.54541015625 0.3955078125 0.0048828125 0.025390625
0 0.551513671875 0.3974609375 0.00732421875 0.03515625
0 0.71484375 0.38427734375 0.0146484375 0.0380859375
0 0.706298828125 0.3857421875 0.01708984375 0.033203125
