0 0.168212890625 0.42724609375 0.00439453125 0.0205078125
0 0.12548828125 0.42138671875 0.0068359375 0.0341796875
0 0.133056640625 0.42333984375 0.00634765625 0.0302734375
0 0.44384765625 0.4248046875 0.00390625 0.017578125
0 0.470458984375 0.41162109375 0.00927734375 0.0439453125
0 0.47998046875 0.41845703125 0.005859375 0.0283203125
0 0.486328125 0.41943359375 0.005859375 0.0283203125
0 0.592529296875 0.4091796875 0.01220703125 0.05859375
0 0.609375 0.40966796875 0.0107421875 0.0517578125
0 0.603515625 0.41162109375 0.0107421875 0.0537109375
0 0.61767578125 0.4091796875 0.01171875 0.056640625
0 0.620849609375 0.40576171875 0.01513671875 0.0732421875
0 0.6337890625 0.4091796875 0.0126953125 0.0625
0 0.74267578125 0.40185546875 0.0146484375 0.0712890625
0 0.875244140625 0.39990234375 0.02392578125 0.1162109375
0 0.907470703125 0.39501953125 0.02392578125 0.1162109375
0 0.673583984375 0.4599609375 0.04638671875 0.2265625
0 0.695068359375 0.45947265625 0.04931640625 0.2412109375
0 0.45263671875 0.4140625 0.009765625 0.046875
0 0.758056640625 0.38720703125 0.01318359375 0.0654296875
0 0.795654296875 0.38671875 0.01611328125 0.080078125
0 0.11865234375 0.419921875 0.01171875 0.03515625
