0 0.5830078125 0.396484375 0.005859375 0.029296875
0 0.587158203125 0.4013671875 0.00537109375 0.025390625
0 0.59423828125 0.40087890625 0.005859375 0.0283203125
0 0.60400390625 0.39501953125 0.00390625 0.0205078125
0 0.9677734375 0.39111328125 0.009765625 0.0478515625
0 0.93359375 0.3974609375 0.015625 0.076171875
0 0.79736328125 0.39453125 0.0048828125 0.025390625
0 0.99560546875 0.37646484375 0.00390625 0.0205078125
0 0.978271484375 0.39404296875 0.01025390625 0.0498046875
0 0.808837890625 0.3896484375 0.00634765625 0.033203125
0 0.578369140625 0.404296875 0.00732421875 0.03515625
0 0.704833984375 0.3935546875 0.02294921875 0.025390625
0 0.91748046875 0.375 0.025390625 0.013671875
0 0.98779296875 0.37744140625 0.0107421875 0.0205078125
