0 0.788330078125 0.3564453125 0.01025390625 0.05078125
0 0.875244140625 0.35498046875 0.02099609375 0.1025390625
0 0.93310546875 0.361328125 0.0224609375 0.109375
0 0.8974609375 0.35791015625 0.0244140625 0.1181640625
0 0.968994140625 0.35693359375 0.02685546875 0.1298828125
0 0.904296875 0.36376953125 0.0283203125 0.1376953125
0 0.999267578125 0.35498046875 0.05419921875 0.2646484375
0 0.25390625 0.38818359375 0.0166015625 0.0810546875
0 0.589111328125 0.4267578125 0.08349609375 0.40625
0 0.55078125 0.45849609375 0.07421875 0.3623046875
0 0.241455078125 0.396484375 0.01416015625 0.068359375
0 0.269775390625 0.3876953125 0.01416015625 0.068359375
0 0.328857421875 0.45263671875 0.08349609375 0.4072265625
0 0.384521484375 0.4404296875 0.09423828125 0.458984375
0 0.497314453125 0.3603515625 0.01708984375 0.017578125
