0 0.802490234375 0.38134765625 0.01708984375 0.0849609375
0 0.795654296875 0.38330078125 0.02001953125 0.0966796875
0 0.774658203125 0.39404296875 0.00830078125 0.0537109375
0 0.826416015625 0.37890625 0.02001953125 0.099609375
0 0.203857421875 0.37109375 0.00732421875 0.03515625
0 0.081298828125 0.37451171875 0.01416015625 0.0712890625
0 0.0771484375 0.376953125 0.01953125 0.095703125
0 0.184814453125 0.37353515625 0.00927734375 0.0439453125
0 0.0966796875 0.38134765625 0.01953125 0.0947265625
0 0.114013671875 0.37744140625 0.01611328125 0.0791015625
0 0.175048828125 0.3798828125 0.01025390625 0.05078125
0 0.046875 0.38330078125 0.017578125 0.0849609375
0 0.000732421875 0.3876953125 0.02685546875 0.1328125
0 0.312744140625 0.37841796875 0.00634765625 0.0302734375
0 0.4853515625 0.38427734375 0.0068359375 0.0322265625
0 0.476806640625 0.38671875 0.00537109375 0.02734375
0 0.458251953125 0.384765625 0.00732421875 0.033203125
0 0.467041015625 0.38330078125 0.00732421875 0.0361328125
0 0.463134765625 0.3828125 0.00732421875 0.03515625
0 0.62890625 0.37890625 0.0087890625 0.04296875
0 0.640869140625 0.37060546875 0.00927734375 0.0439453125
0 0.637939453125 0.3759765625 0.00927734375 0.046875
0 0.66455078125 0.3759765625 0.0087890625 0.04296875
0 0.75244140625 0.40234375 0.0107421875 0.080078125
0 0.761962890625 0.3759765625 0.00927734375 0.03125
0 0.853271484375 0.38720703125 0.02099609375 0.1005859375
0 0.328369140625 0.43994140625 0.07470703125 0.3623046875
0 0.427001953125 0.46337890625 0.10888671875 0.5302734375
