0 0.4873046875 0.38720703125 0.0224609375 0.0751953125
0 0.458251953125 0.39404296875 0.02001953125 0.0966796875
0 0.468994140625 0.38134765625 0.02392578125 0.1181640625
0 0.528076171875 0.37939453125 0.01904296875 0.0927734375
0 0.545166015625 0.37744140625 0.02099609375 0.1025390625
0 0.572265625 0.38330078125 0.01171875 0.0576171875
0 0.56396484375 0.37548828125 0.015625 0.0751953125
0 0.614501953125 0.376953125 0.02490234375 0.12109375
0 0.65576171875 0.38671875 0.0244140625 0.12109375
0 0.704345703125 0.38818359375 0.02587890625 0.1240234375
0 0.717041015625 0.40380859375 0.01904296875 0.0947265625
0 0.7783203125 0.41357421875 0.03125 0.1533203125
0 0.0078125 0.376953125 0.0166015625 0.08203125
0 0.088623046875 0.3779296875 0.01123046875 0.056640625
0 0.0810546875 0.3740234375 0.01171875 0.056640625
0 0.875732421875 0.3935546875 0.03076171875 0.1484375
0 0.733642578125 0.384765625 0.02685546875 0.130859375
0 0.44775390625 0.3896484375 0.0205078125 0.1015625
0 0.8779296875 0.39208984375 0.029296875 0.1435546875
