0 0.65087890625 0.37353515625 0.0107421875 0.0517578125
0 0.65869140625 0.37646484375 0.009765625 0.0478515625
0 0.6669921875 0.3642578125 0.01171875 0.056640625
0 0.665283203125 0.37060546875 0.01220703125 0.0595703125
0 0.60400390625 0.3701171875 0.013671875 0.06640625
0 0.571533203125 0.36767578125 0.01416015625 0.0693359375
0 0.5556640625 0.3896484375 0.0390625 0.189453125
0 0.5869140625 0.38671875 0.0439453125 0.21484375
0 0.6201171875 0.39013671875 0.0390625 0.1904296875
0 0.690673828125 0.37548828125 0.03955078125 0.1923828125
0 0.719482421875 0.3779296875 0.04052734375 0.19921875
0 0.865234375 0.3779296875 0.0400390625 0.1953125
0 0.885009765625 0.380859375 0.04052734375 0.197265625
0 0.4541015625 0.38134765625 0.02734375 0.1337890625
0 0.44140625 0.3720703125 0.03125 0.15234375
0 0.42724609375 0.38037109375 0.03125 0.1513671875
0 0.458251953125 0.36962890625 0.03564453125 0.1728515625
0 0.381103515625 0.38134765625 0.02978515625 0.1455078125
0 0.4013671875 0.375 0.03125 0.154296875
0 0.169921875 0.39208984375 0.0107421875 0.0537109375
0 0.182861328125 0.39013671875 0.01220703125 0.0576171875
0 0.32080078125 0.38232421875 0.0087890625 0.0322265625
0 0.067138671875 0.39501953125 0.01123046875 0.0556640625
0 0.030517578125 0.3955078125 0.01123046875 0.0546875
0 0.03857421875 0.39697265625 0.0107421875 0.0517578125
0 0.098876953125 0.3857421875 0.04443359375 0.216796875
0 0.007080078125 0.40283203125 0.03955078125 0.1943359375
0 0.6474609375 0.36962890625 0.0068359375 0.0673828125
