0 0.4501953125 0.3935546875 0.0078125 0.0390625
0 0.423095703125 0.3935546875 0.00830078125 0.041015625
0 0.4033203125 0.39599609375 0.009765625 0.0478515625
0 0.396240234375 0.39404296875 0.01123046875 0.0537109375
0 0.41064453125 0.39013671875 0.01171875 0.0576171875
0 0.8271484375 0.40771484375 0.0224609375 0.1083984375
0 0.850830078125 0.3984375 0.02294921875 0.11328125
0 0.357421875 0.39501953125 0.029296875 0.1435546875
0 0.483642578125 0.39892578125 0.00732421875 0.0361328125
0 0.13330078125 0.35595703125 0.0146484375 0.0712890625
0 0.874267578125 0.40283203125 0.02490234375 0.1220703125
0 0.479248046875 0.39111328125 0.00537109375 0.0185546875
0 0.491455078125 0.3955078125 0.00830078125 0.009765625
0 0.533935546875 0.3916015625 0.01123046875 0.009765625
0 0.83984375 0.3857421875 0.0068359375 0.015625
