0 0.871337890625 0.37060546875 0.01318359375 0.0634765625
0 0.916015625 0.353515625 0.0166015625 0.08203125
0 0.89697265625 0.3583984375 0.0166015625 0.080078125
0 0.88232421875 0.40869140625 0.02734375 0.1357421875
0 0.286865234375 0.39306640625 0.00732421875 0.0341796875
0 0.727294921875 0.38037109375 0.00927734375 0.0458984375
0 0.66455078125 0.36865234375 0.0078125 0.0380859375
0 0.630859375 0.35400390625 0.0048828125 0.0244140625
0 0.65380859375 0.36181640625 0.0048828125 0.0224609375
0 0.658203125 0.36279296875 0.0048828125 0.0224609375
0 0.619873046875 0.36474609375 0.00732421875 0.0361328125
0 0.53857421875 0.41015625 0.0234375 0.11328125
0 0.564453125 0.40576171875 0.0224609375 0.1103515625
0 0.575439453125 0.40283203125 0.02685546875 0.1318359375
0 0.47412109375 0.4013671875 0.0048828125 0.0234375
0 0.603515625 0.4111328125 0.021484375 0.10546875
0 0.61767578125 0.412109375 0.0205078125 0.099609375
0 0.639404296875 0.40673828125 0.02392578125 0.1181640625
0 0.61474609375 0.43408203125 0.013671875 0.0654296875
0 0.62548828125 0.404296875 0.0224609375 0.111328125
0 0.8291015625 0.38037109375 0.009765625 0.0478515625
0 0.838134765625 0.376953125 0.01123046875 0.056640625
0 0.819091796875 0.3740234375 0.01220703125 0.060546875
0 0.793701171875 0.3818359375 0.00927734375 0.044921875
0 0.786865234375 0.376953125 0.01123046875 0.0546875
0 0.781005859375 0.37255859375 0.01318359375 0.0634765625
0 0.802490234375 0.3701171875 0.01416015625 0.0703125
0 0.801025390625 0.37353515625 0.01318359375 0.0634765625
0 0.690185546875 0.36376953125 0.00244140625 0.0146484375
0 0.81982421875 0.37060546875 0.013671875 0.0673828125
0 0.810791015625 0.369140625 0.01416015625 0.068359375
0 0.847900390625 0.3798828125 0.01025390625 0.05078125
0 0.677001953125 0.369140625 0.00830078125 0.0390625
0 0.85498046875 0.36962890625 0.0146484375 0.0712890625
0 0.865966796875 0.36767578125 0.01513671875 0.0732421875
0 0.671875 0.4091796875 0.0234375 0.11328125
0 0.68359375 0.36767578125 0.0126953125 0.0615234375
0 0.682373046875 0.40185546875 0.01806640625 0.0888671875
0 0.676513671875 0.4111328125 0.02197265625 0.10546875
0 0.697509765625 0.35693359375 0.00927734375 0.0458984375
0 0.70361328125 0.35546875 0.0107421875 0.052734375
0 0.716064453125 0.36083984375 0.00927734375 0.0439453125
0 0.710205078125 0.36376953125 0.01123046875 0.0556640625
0 0.71484375 0.40625 0.0244140625 0.1171875
0 0.704345703125 0.40673828125 0.02392578125 0.1162109375
0 0.6943359375 0.400390625 0.0224609375 0.107421875
0 0.64990234375 0.35546875 0.0048828125 0.0234375
0 0.672119140625 0.35595703125 0.00439453125 0.0205078125
