0 0.9931640625 0.45654296875 0.044921875 0.2197265625
0 0.7802734375 0.41357421875 0.03515625 0.1708984375
0 0.76611328125 0.4091796875 0.0380859375 0.1875
0 0.688232421875 0.40283203125 0.03369140625 0.1650390625
0 0.660400390625 0.388671875 0.03076171875 0.150390625
0 0.66650390625 0.41650390625 0.0322265625 0.1572265625
0 0.6748046875 0.4248046875 0.033203125 0.162109375
0 0.302001953125 0.34423828125 0.00439453125 0.0087890625
0 0.4384765625 0.36181640625 0.0166015625 0.0810546875
0 0.466796875 0.3740234375 0.0244140625 0.119140625
0 0.454345703125 0.3701171875 0.02099609375 0.103515625
0 0.51513671875 0.40185546875 0.0341796875 0.1669921875
0 0.49072265625 0.3955078125 0.0361328125 0.17578125
0 0.411865234375 0.37646484375 0.01708984375 0.0830078125
0 0.373779296875 0.36376953125 0.01806640625 0.0869140625
0 0.383544921875 0.36572265625 0.02392578125 0.1162109375
0 0.40087890625 0.36669921875 0.021484375 0.1044921875
0 0.352783203125 0.37353515625 0.02001953125 0.0986328125
0 0.305419921875 0.36279296875 0.03955078125 0.0537109375
0 0.015869140625 0.337890625 0.01220703125 0.05859375
0 0.1318359375 0.34228515625 0.013671875 0.0673828125
0 0.057373046875 0.33642578125 0.01220703125 0.0595703125
0 0.031494140625 0.33837890625 0.01025390625 0.0517578125
0 0.25537109375 0.349609375 0.0166015625 0.08203125
