0 0.869140625 0.3955078125 0.005859375 0.029296875
0 0.847412109375 0.40380859375 0.00830078125 0.0380859375
0 0.839599609375 0.3994140625 0.00927734375 0.04296875
0 0.699951171875 0.41650390625 0.01123046875 0.0556640625
0 0.603515625 0.41845703125 0.009765625 0.0478515625
0 0.5341796875 0.421875 0.01171875 0.056640625
0 0.51318359375 0.42431640625 0.0126953125 0.0634765625
0 0.4833984375 0.42578125 0.0126953125 0.0625
0 0.46728515625 0.42626953125 0.01171875 0.0576171875
0 0.452392578125 0.42822265625 0.01220703125 0.0595703125
0 0.436767578125 0.4296875 0.01220703125 0.05859375
0 0.6884765625 0.42333984375 0.0244140625 0.1201171875
0 0.733154296875 0.49658203125 0.09521484375 0.4638671875
0 0.892578125 0.5107421875 0.1142578125 0.556640625
0 0.397216796875 0.4287109375 0.01416015625 0.068359375
0 0.385009765625 0.4345703125 0.01318359375 0.064453125
0 0.338623046875 0.43310546875 0.01416015625 0.0693359375
0 0.323974609375 0.4306640625 0.01611328125 0.078125
0 0.30224609375 0.43359375 0.015625 0.076171875
0 0.069580078125 0.439453125 0.01708984375 0.08203125
0 0.220458984375 0.4306640625 0.02197265625 0.109375
0 0.109130859375 0.45458984375 0.01318359375 0.0654296875
0 0.2646484375 0.5712890625 0.140625 0.685546875
0 0.41357421875 0.4287109375 0.013671875 0.068359375
