0 0.119873046875 0.3974609375 0.00732421875 0.037109375
0 0.044677734375 0.4052734375 0.00927734375 0.046875
0 0.52294921875 0.39111328125 0.009765625 0.0478515625
0 0.5048828125 0.38916015625 0.0087890625 0.0419921875
0 0.555908203125 0.39208984375 0.01220703125 0.0595703125
0 0.6103515625 0.41162109375 0.0048828125 0.0205078125
0 0.5849609375 0.40185546875 0.015625 0.0751953125
0 0.60205078125 0.3955078125 0.0146484375 0.072265625
0 0.6171875 0.40283203125 0.015625 0.0771484375
0 0.714111328125 0.404296875 0.02197265625 0.107421875
0 0.67236328125 0.40185546875 0.0166015625 0.0810546875
0 0.65234375 0.4052734375 0.021484375 0.103515625
0 0.663330078125 0.40966796875 0.02783203125 0.1376953125
0 0.7060546875 0.3935546875 0.0166015625 0.080078125
0 0.698974609375 0.40576171875 0.02001953125 0.0986328125
0 0.7236328125 0.4013671875 0.029296875 0.14453125
0 0.678955078125 0.4130859375 0.02294921875 0.111328125
0 0.74365234375 0.40185546875 0.0263671875 0.1279296875
0 0.772216796875 0.38623046875 0.03076171875 0.1494140625
0 0.76513671875 0.39453125 0.044921875 0.220703125
0 0.801025390625 0.40869140625 0.01708984375 0.1455078125
0 0.806640625 0.400390625 0.0341796875 0.16796875
0 0.807861328125 0.39794921875 0.04052734375 0.1962890625
0 0.97021484375 0.41748046875 0.0478515625 0.2333984375
