0 0.63671875 0.404296875 0.013671875 0.06640625
0 0.439208984375 0.21923828125 0.01318359375 0.0634765625
0 0.459228515625 0.22314453125 0.01220703125 0.0615234375
0 0.489013671875 0.2255859375 0.01220703125 0.060546875
0 0.49853515625 0.2265625 0.0126953125 0.0625
0 0.525146484375 0.22900390625 0.01220703125 0.0595703125
0 0.54052734375 0.23388671875 0.0107421875 0.0537109375
0 0.548583984375 0.2314453125 0.01123046875 0.056640625
0 0.556884765625 0.236328125 0.01025390625 0.05078125
0 0.30712890625 0.2080078125 0.013671875 0.06640625
0 0.3779296875 0.392578125 0.0107421875 0.052734375
0 0.392333984375 0.38525390625 0.00927734375 0.0458984375
0 0.42041015625 0.38671875 0.00390625 0.01953125
0 0.456298828125 0.39111328125 0.00732421875 0.0361328125
0 0.44970703125 0.39306640625 0.0107421875 0.0537109375
0 0.461669921875 0.39599609375 0.01025390625 0.0498046875
0 0.476318359375 0.40283203125 0.01318359375 0.0634765625
0 0.487060546875 0.40087890625 0.01318359375 0.0654296875
0 0.53857421875 0.4140625 0.0263671875 0.126953125
0 0.517333984375 0.412109375 0.02685546875 0.130859375
0 0.186767578125 0.38330078125 0.02001953125 0.0986328125
0 0.243896484375 0.3955078125 0.01708984375 0.083984375
0 0.26171875 0.40380859375 0.021484375 0.1064453125
0 0.275390625 0.41162109375 0.0205078125 0.1005859375
0 0.745849609375 0.4462890625 0.05029296875 0.24609375
0 0.730224609375 0.44189453125 0.05419921875 0.2646484375
0 0.6962890625 0.4375 0.056640625 0.275390625
0 0.256103515625 0.39013671875 0.01025390625 0.0458984375
0 0.26123046875 0.4296875 0.00390625 0.021484375
0 0.270263671875 0.42919921875 0.00341796875 0.0244140625
0 0.271240234375 0.37353515625 0.00439453125 0.0068359375
