0 0.1259765625 0.45751953125 0.0087890625 0.0439453125
0 0.134521484375 0.45556640625 0.00634765625 0.0302734375
0 0.19189453125 0.44287109375 0.0078125 0.0380859375
0 0.19580078125 0.447265625 0.0078125 0.0390625
0 0.20556640625 0.44775390625 0.0068359375 0.0322265625
0 0.200439453125 0.43896484375 0.00634765625 0.0146484375
0 0.222900390625 0.44677734375 0.00634765625 0.0322265625
0 0.22705078125 0.4443359375 0.0078125 0.037109375
0 0.282958984375 0.44189453125 0.01318359375 0.0634765625
0 0.523193359375 0.42626953125 0.01806640625 0.0869140625
0 0.535400390625 0.42626953125 0.01611328125 0.0791015625
0 0.710205078125 0.4169921875 0.02001953125 0.095703125
0 0.868896484375 0.41650390625 0.01318359375 0.0615234375
0 0.876220703125 0.4111328125 0.01025390625 0.05078125
0 0.872802734375 0.42041015625 0.00732421875 0.0283203125
0 0.881103515625 0.4169921875 0.01416015625 0.068359375
0 0.97216796875 0.44921875 0.0654296875 0.318359375
0 0.988525390625 0.5712890625 0.01806640625 0.119140625
0 0.99658203125 0.4580078125 0.0771484375 0.375
0 0.92041015625 0.43505859375 0.0458984375 0.2236328125
0 0.904052734375 0.443359375 0.04638671875 0.2265625
0 0.73583984375 0.44580078125 0.056640625 0.2783203125
0 0.81884765625 0.45068359375 0.048828125 0.2373046875
0 0.859130859375 0.447265625 0.04833984375 0.236328125
0 0.78759765625 0.4501953125 0.0595703125 0.291015625
0 0.75341796875 0.458984375 0.0556640625 0.271484375
0 0.728515625 0.44287109375 0.0615234375 0.3017578125
0 0.750244140625 0.46142578125 0.06494140625 0.3173828125
0 0.81884765625 0.47216796875 0.08203125 0.3994140625
0 0.85205078125 0.54052734375 0.0810546875 0.3955078125
0 0.58154296875 0.44580078125 0.0361328125 0.1767578125
0 0.6181640625 0.44921875 0.052734375 0.255859375
0 0.6396484375 0.447265625 0.0576171875 0.28125
0 0.55322265625 0.4453125 0.04296875 0.2109375
0 0.502197265625 0.4755859375 0.05419921875 0.263671875
0 0.4970703125 0.458984375 0.064453125 0.31640625
0 0.57373046875 0.4794921875 0.0830078125 0.40625
0 0.61962890625 0.5634765625 0.0673828125 0.328125
0 0.331298828125 0.46484375 0.04150390625 0.203125
0 0.398193359375 0.4755859375 0.05224609375 0.255859375
0 0.411865234375 0.44921875 0.06591796875 0.3203125
0 0.2626953125 0.47216796875 0.0439453125 0.2138671875
0 0.03662109375 0.46728515625 0.009765625 0.0498046875
0 0.023193359375 0.46630859375 0.01220703125 0.0576171875
0 0.031005859375 0.46337890625 0.01220703125 0.0595703125
0 0.05419921875 0.46337890625 0.0107421875 0.0517578125
0 0.044921875 0.46630859375 0.0107421875 0.0537109375
0 0.164794921875 0.45263671875 0.03466796875 0.1689453125
0 0.29541015625 0.43701171875 0.013671875 0.0673828125
0 0.13037109375 0.4580078125 0.0078125 0.037109375
0 0.94482421875 0.42822265625 0.041015625 0.2001953125
0 0.957275390625 0.42431640625 0.04345703125 0.2119140625
0 0.958251953125 0.447265625 0.04541015625 0.22265625
0 0.087646484375 0.46826171875 0.03076171875 0.1494140625
0 0.07421875 0.466796875 0.0322265625 0.158203125
0 0.178466796875 0.458984375 0.02783203125 0.13671875
