0 0.28857421875 0.4296875 0.0087890625 0.04296875
0 0.06396484375 0.462890625 0.005859375 0.029296875
0 0.292724609375 0.4248046875 0.01025390625 0.048828125
0 0.166259765625 0.44677734375 0.00927734375 0.0458984375
0 0.178466796875 0.44873046875 0.02099609375 0.1025390625
0 0.186767578125 0.44873046875 0.02099609375 0.1025390625
0 0.230224609375 0.43505859375 0.02197265625 0.1064453125
0 0.236328125 0.4443359375 0.0185546875 0.091796875
0 0.37841796875 0.4208984375 0.0185546875 0.091796875
0 0.384033203125 0.423828125 0.01708984375 0.0859375
0 0.8310546875 0.39794921875 0.0595703125 0.2919921875
0 0.91943359375 0.39111328125 0.056640625 0.2783203125
0 0.968017578125 0.42041015625 0.04345703125 0.2119140625
0 0.8720703125 0.44580078125 0.0380859375 0.1865234375
0 0.982666015625 0.40869140625 0.06103515625 0.2978515625
0 0.303955078125 0.42578125 0.00341796875 0.005859375
0 0.057373046875 0.4638671875 0.00830078125 0.017578125
0 0.053955078125 0.47509765625 0.00048828125 0.0009765625
0 0.057861328125 0.47705078125 0.00439453125 0.0048828125
