0 0.540283203125 0.4033203125 0.01123046875 0.0546875
0 0.627197265625 0.41650390625 0.01806640625 0.0869140625
0 0.556884765625 0.40966796875 0.01220703125 0.0595703125
0 0.552001953125 0.40576171875 0.01220703125 0.0595703125
0 0.5634765625 0.408203125 0.01171875 0.056640625
0 0.5546875 0.4091796875 0.01171875 0.05859375
0 0.597900390625 0.40869140625 0.01318359375 0.0634765625
0 0.658935546875 0.39990234375 0.01611328125 0.0791015625
0 0.687255859375 0.40966796875 0.01904296875 0.0927734375
0 0.671630859375 0.4091796875 0.02783203125 0.134765625
0 0.6484375 0.4072265625 0.021484375 0.103515625
0 0.737060546875 0.40234375 0.03076171875 0.150390625
0 0.71044921875 0.42041015625 0.033203125 0.1611328125
0 0.8291015625 0.404296875 0.0263671875 0.12890625
0 0.806640625 0.40087890625 0.025390625 0.1240234375
0 0.7724609375 0.404296875 0.037109375 0.18359375
0 0.94384765625 0.3876953125 0.02734375 0.1328125
0 0.948974609375 0.40185546875 0.02197265625 0.0810546875
0 0.989990234375 0.3662109375 0.01123046875 0.0234375
