0 0.105224609375 0.44873046875 0.00537109375 0.0263671875
0 0.126708984375 0.45751953125 0.00830078125 0.0400390625
0 0.09423828125 0.46484375 0.009765625 0.046875
0 0.08056640625 0.46142578125 0.0107421875 0.0537109375
0 0.065185546875 0.47021484375 0.03759765625 0.1806640625
0 0.025390625 0.47314453125 0.03515625 0.1708984375
0 0.006591796875 0.51171875 0.09130859375 0.4453125
0 0.526123046875 0.427734375 0.01806640625 0.087890625
0 0.332275390625 0.4599609375 0.05810546875 0.28515625
0 0.260009765625 0.4658203125 0.03466796875 0.169921875
0 0.281005859375 0.4697265625 0.03173828125 0.154296875
0 0.1796875 0.458984375 0.02734375 0.134765625
0 0.166015625 0.45458984375 0.0341796875 0.1669921875
0 0.2080078125 0.46533203125 0.0400390625 0.1943359375
0 0.22265625 0.4814453125 0.0625 0.302734375
0 0.866455078125 0.42578125 0.00830078125 0.0390625
0 0.869384765625 0.4248046875 0.00341796875 0.025390625
0 0.871337890625 0.42333984375 0.00439453125 0.0283203125
0 0.873291015625 0.4208984375 0.01220703125 0.03125
0 0.94677734375 0.42724609375 0.046875 0.2275390625
0 0.96484375 0.4365234375 0.0478515625 0.234375
0 0.99755859375 0.4345703125 0.0517578125 0.251953125
0 0.900634765625 0.40185546875 0.02001953125 0.0986328125
0 0.89697265625 0.44677734375 0.048828125 0.2392578125
0 0.93408203125 0.43505859375 0.060546875 0.2958984375
0 0.77685546875 0.4189453125 0.0087890625 0.033203125
0 0.7666015625 0.4033203125 0.0078125 0.01953125
0 0.77099609375 0.4208984375 0.0107421875 0.03125
0 0.70947265625 0.4169921875 0.0185546875 0.091796875
0 0.728271484375 0.421875 0.01708984375 0.083984375
0 0.7919921875 0.43701171875 0.0380859375 0.1845703125
0 0.794677734375 0.44091796875 0.03759765625 0.1845703125
0 0.831787109375 0.45263671875 0.06494140625 0.3173828125
0 0.844970703125 0.46044921875 0.06298828125 0.3056640625
0 0.536376953125 0.42822265625 0.01708984375 0.0830078125
0 0.559814453125 0.443359375 0.04345703125 0.212890625
0 0.608642578125 0.43359375 0.04150390625 0.201171875
0 0.560302734375 0.451171875 0.04638671875 0.2265625
0 0.57861328125 0.453125 0.0478515625 0.232421875
0 0.633544921875 0.4365234375 0.03759765625 0.18359375
0 0.65478515625 0.447265625 0.037109375 0.181640625
0 0.666015625 0.44921875 0.0390625 0.19140625
0 0.661865234375 0.44384765625 0.04345703125 0.2119140625
0 0.6298828125 0.439453125 0.0458984375 0.22265625
0 0.601318359375 0.45458984375 0.06494140625 0.3173828125
0 0.599365234375 0.47998046875 0.08251953125 0.4013671875
0 0.511474609375 0.43017578125 0.01611328125 0.0791015625
0 0.50390625 0.46728515625 0.037109375 0.1806640625
0 0.482421875 0.44482421875 0.044921875 0.2197265625
0 0.49462890625 0.45263671875 0.0458984375 0.2236328125
0 0.447998046875 0.47216796875 0.06787109375 0.3310546875
0 0.452880859375 0.45751953125 0.07666015625 0.3720703125
0 0.445068359375 0.47998046875 0.06787109375 0.3310546875
0 0.385986328125 0.490234375 0.07373046875 0.359375
0 0.436767578125 0.49853515625 0.08837890625 0.4306640625
0 0.424072265625 0.49853515625 0.09423828125 0.4599609375
0 0.317138671875 0.47021484375 0.09228515625 0.4501953125
0 0.7080078125 0.43310546875 0.0400390625 0.1943359375
