0 0.35400390625 0.390625 0.001953125 0.009765625
0 0.356201171875 0.39404296875 0.00244140625 0.0107421875
0 0.322265625 0.23046875 0.0107421875 0.052734375
0 0.547607421875 0.39501953125 0.00537109375 0.0263671875
0 0.216064453125 0.2373046875 0.01025390625 0.048828125
0 0.551513671875 0.3955078125 0.00439453125 0.0234375
0 0.24755859375 0.236328125 0.0107421875 0.05078125
0 0.28369140625 0.232421875 0.01171875 0.0546875
0 0.221435546875 0.234375 0.01123046875 0.056640625
0 0.25439453125 0.23486328125 0.0107421875 0.0517578125
0 0.5556640625 0.39404296875 0.0048828125 0.0224609375
0 0.322265625 0.2255859375 0.013671875 0.06640625
0 0.365966796875 0.23193359375 0.01025390625 0.0498046875
0 0.400634765625 0.22900390625 0.01123046875 0.0556640625
0 0.340576171875 0.23583984375 0.01025390625 0.0498046875
0 0.40673828125 0.22998046875 0.01171875 0.0576171875
0 0.461669921875 0.22900390625 0.01025390625 0.0498046875
0 0.468505859375 0.22509765625 0.01220703125 0.0595703125
0 0.53466796875 0.22705078125 0.0107421875 0.0517578125
0 0.456787109375 0.232421875 0.00927734375 0.046875
0 0.478271484375 0.2265625 0.01220703125 0.05859375
0 0.492431640625 0.2275390625 0.01123046875 0.056640625
0 0.506591796875 0.224609375 0.01220703125 0.05859375
0 0.432861328125 0.232421875 0.01123046875 0.0546875
0 0.55859375 0.39306640625 0.0048828125 0.0244140625
0 0.57470703125 0.2294921875 0.0087890625 0.04296875
0 0.589599609375 0.22998046875 0.01025390625 0.0498046875
0 0.6064453125 0.22705078125 0.0107421875 0.0517578125
0 0.6142578125 0.22705078125 0.0107421875 0.0537109375
0 0.621337890625 0.228515625 0.00927734375 0.046875
0 0.656982421875 0.23193359375 0.01025390625 0.0478515625
0 0.625732421875 0.22998046875 0.01025390625 0.0498046875
0 0.564208984375 0.2255859375 0.01123046875 0.0546875
0 0.647705078125 0.23388671875 0.00927734375 0.0458984375
0 0.544189453125 0.2255859375 0.01220703125 0.05859375
0 0.563232421875 0.39306640625 0.00439453125 0.0224609375
0 0.296142578125 0.23681640625 0.01025390625 0.0498046875
0 0.1640625 0.23974609375 0.01171875 0.0576171875
0 0.583740234375 0.39501953125 0.00537109375 0.0263671875
0 0.635498046875 0.390625 0.00732421875 0.03515625
0 0.642822265625 0.39013671875 0.00732421875 0.0361328125
0 0.69189453125 0.388671875 0.0078125 0.0390625
0 0.706787109375 0.39013671875 0.00927734375 0.0458984375
0 0.67431640625 0.38720703125 0.0078125 0.0380859375
0 0.3505859375 0.4150390625 0.0048828125 0.025390625
0 0.59521484375 0.31884765625 0.005859375 0.0166015625
0 0.612060546875 0.302734375 0.00634765625 0.013671875
