0 0.00634765625 0.37353515625 0.0205078125 0.0986328125
0 0.7734375 0.42138671875 0.0380859375 0.1845703125
0 0.557373046875 0.3662109375 0.00439453125 0.0234375
0 0.5478515625 0.3779296875 0.009765625 0.048828125
0 0.4599609375 0.37841796875 0.009765625 0.0478515625
0 0.449462890625 0.3779296875 0.01025390625 0.048828125
0 0.611572265625 0.38037109375 0.00927734375 0.0458984375
0 0.510986328125 0.3896484375 0.01904296875 0.09375
0 0.533447265625 0.39990234375 0.02294921875 0.1103515625
0 0.593505859375 0.37646484375 0.01025390625 0.0517578125
0 0.605712890625 0.38134765625 0.01025390625 0.0498046875
0 0.567138671875 0.3759765625 0.00927734375 0.044921875
