0 0.64013671875 0.39404296875 0.005859375 0.0283203125
0 0.695068359375 0.39599609375 0.01123046875 0.0556640625
0 0.714599609375 0.39892578125 0.01025390625 0.0498046875
0 0.7392578125 0.38623046875 0.009765625 0.0498046875
0 0.748046875 0.38427734375 0.013671875 0.0654296875
0 0.814453125 0.38427734375 0.0205078125 0.0986328125
0 0.7685546875 0.35302734375 0.0361328125 0.1591796875
0 0.806884765625 0.388671875 0.07861328125 0.21484375
0 0.196044921875 0.41259765625 0.00927734375 0.0439453125
0 0.37060546875 0.40234375 0.0048828125 0.025390625
0 0.3154296875 0.404296875 0.0068359375 0.033203125
0 0.3095703125 0.4052734375 0.005859375 0.029296875
0 0.193603515625 0.4140625 0.00830078125 0.0390625
0 0.201416015625 0.41259765625 0.00927734375 0.0458984375
0 0.180908203125 0.4228515625 0.01513671875 0.07421875
0 0.151123046875 0.4287109375 0.01416015625 0.0703125
0 0.134765625 0.427734375 0.0146484375 0.072265625
0 0.091064453125 0.42431640625 0.01220703125 0.0595703125
0 0.0849609375 0.427734375 0.013671875 0.06640625
0 0.046875 0.4287109375 0.013671875 0.06640625
0 0.145751953125 0.40673828125 0.01318359375 0.0341796875
0 0.142822265625 0.45849609375 0.00048828125 0.0009765625
0 0.17431640625 0.4052734375 0.0068359375 0.0234375
0 0.5888671875 0.39501953125 0.0068359375 0.0439453125
0 0.593017578125 0.41552734375 0.00146484375 0.0029296875
0 0.649169921875 0.39208984375 0.00927734375 0.0283203125
0 0.700439453125 0.38525390625 0.00732421875 0.0068359375
0 0.70361328125 0.39697265625 0.013671875 0.0205078125
0 0.728515625 0.37548828125 0.0078125 0.0166015625
