0 0.438720703125 0.40185546875 0.01318359375 0.0634765625
0 0.624755859375 0.40087890625 0.02197265625 0.1064453125
0 0.774169921875 0.3935546875 0.02978515625 0.146484375
0 0.80224609375 0.4013671875 0.029296875 0.14453125
0 0.920654296875 0.392578125 0.04345703125 0.212890625
0 0.94140625 0.3798828125 0.048828125 0.236328125
0 0.972900390625 0.384765625 0.05126953125 0.25
0 0.993408203125 0.3515625 0.00830078125 0.12109375
0 0.2119140625 0.40869140625 0.0126953125 0.0205078125
0 0.230712890625 0.4306640625 0.01220703125 0.05859375
0 0.195068359375 0.41650390625 0.02001953125 0.0986328125
0 0.236572265625 0.431640625 0.02587890625 0.126953125
0 0.179443359375 0.4208984375 0.02978515625 0.14453125
0 0.1923828125 0.4248046875 0.025390625 0.123046875
0 0.15673828125 0.42626953125 0.0244140625 0.1181640625
0 0.134521484375 0.4208984375 0.02783203125 0.13671875
0 0.596435546875 0.42333984375 0.04052734375 0.1982421875
