0 0.176513671875 0.4111328125 0.01318359375 0.064453125
0 0.19970703125 0.40869140625 0.013671875 0.0673828125
0 0.193359375 0.408203125 0.0146484375 0.0703125
0 0.18359375 0.41357421875 0.0126953125 0.0615234375
0 0.277099609375 0.41552734375 0.01513671875 0.0751953125
0 0.2861328125 0.41357421875 0.015625 0.0771484375
0 0.457763671875 0.39892578125 0.01611328125 0.0791015625
0 0.450927734375 0.39794921875 0.01708984375 0.0849609375
0 0.5205078125 0.40185546875 0.0185546875 0.0908203125
0 0.37353515625 0.400390625 0.0185546875 0.08984375
0 0.53173828125 0.40576171875 0.017578125 0.0849609375
0 0.55859375 0.40234375 0.0166015625 0.080078125
0 0.578369140625 0.39697265625 0.01806640625 0.0888671875
0 0.57080078125 0.39404296875 0.01953125 0.0966796875
0 0.614013671875 0.39453125 0.01806640625 0.087890625
0 0.64306640625 0.392578125 0.0166015625 0.08203125
0 0.657958984375 0.38818359375 0.01904296875 0.0908203125
0 0.387451171875 0.439453125 0.06787109375 0.33203125
0 0.423828125 0.45361328125 0.0673828125 0.3291015625
0 0.337158203125 0.43115234375 0.08154296875 0.3955078125
0 0.251953125 0.48388671875 0.072265625 0.3544921875
0 0.007080078125 0.47021484375 0.05810546875 0.2841796875
0 0.7353515625 0.484375 0.0986328125 0.482421875
