0 0.050048828125 0.35498046875 0.00634765625 0.0302734375
0 0.085205078125 0.361328125 0.00537109375 0.025390625
0 0.090087890625 0.3603515625 0.00634765625 0.03125
0 0.09375 0.35986328125 0.0087890625 0.0419921875
0 0.0712890625 0.39697265625 0.0146484375 0.0693359375
0 0.264892578125 0.38916015625 0.01318359375 0.0654296875
0 0.2880859375 0.3876953125 0.01171875 0.05859375
0 0.29541015625 0.3916015625 0.01171875 0.05859375
0 0.124755859375 0.3935546875 0.01513671875 0.07421875
0 0.13623046875 0.39404296875 0.0146484375 0.0712890625
0 0.140380859375 0.404296875 0.01513671875 0.07421875
0 0.159423828125 0.392578125 0.01318359375 0.064453125
0 0.171630859375 0.39013671875 0.01318359375 0.0634765625
0 0.182373046875 0.3916015625 0.01416015625 0.0703125
0 0.164306640625 0.40869140625 0.01513671875 0.0732421875
0 0.97216796875 0.4599609375 0.10546875 0.515625
0 0.487060546875 0.40625 0.02490234375 0.123046875
0 0.518798828125 0.40673828125 0.02587890625 0.1279296875
0 0.510498046875 0.40576171875 0.02587890625 0.1279296875
0 0.48486328125 0.43310546875 0.0166015625 0.0830078125
0 0.56591796875 0.4375 0.0654296875 0.3203125
0 0.5478515625 0.44140625 0.07421875 0.361328125
0 0.6181640625 0.46826171875 0.10546875 0.5146484375
0 0.6650390625 0.478515625 0.1083984375 0.52734375
0 0.454345703125 0.40087890625 0.02294921875 0.1123046875
0 0.300537109375 0.40185546875 0.02001953125 0.0966796875
0 0.408203125 0.52001953125 0.1474609375 0.7177734375
0 0.404296875 0.56005859375 0.150390625 0.7333984375
0 0.710205078125 0.38916015625 0.02783203125 0.1337890625
0 0.349609375 0.39892578125 0.046875 0.2275390625
