0 0.568115234375 0.39794921875 0.00439453125 0.0205078125
0 0.74658203125 0.39306640625 0.013671875 0.0673828125
0 0.731201171875 0.39697265625 0.01416015625 0.0693359375
0 0.722412109375 0.39794921875 0.01025390625 0.0517578125
0 0.71826171875 0.3984375 0.0146484375 0.072265625
0 0.74267578125 0.39892578125 0.017578125 0.0830078125
0 0.39990234375 0.41748046875 0.0283203125 0.1376953125
0 0.708984375 0.39990234375 0.009765625 0.0458984375
0 0.737548828125 0.39208984375 0.01123046875 0.0537109375
0 0.59130859375 0.39990234375 0.0078125 0.0205078125
