0 0.521484375 0.4189453125 0.0146484375 0.072265625
0 0.532958984375 0.42333984375 0.01220703125 0.0595703125
0 0.55126953125 0.4296875 0.0166015625 0.080078125
0 0.54345703125 0.4306640625 0.017578125 0.0859375
0 0.746337890625 0.53515625 0.13525390625 0.66015625
0 0.802978515625 0.78759765625 0.01416015625 0.0322265625
0 0.451416015625 0.74169921875 0.00634765625 0.0283203125
0 0.822021484375 0.5224609375 0.15380859375 0.75
0 0.326904296875 0.638671875 0.00732421875 0.107421875
0 0.368408203125 0.51416015625 0.10400390625 0.5068359375
0 0.357666015625 0.53564453125 0.11083984375 0.5419921875
0 0.44287109375 0.521484375 0.15625 0.76171875
0 0.418701171875 0.57373046875 0.16845703125 0.8212890625
0 0.134033203125 0.51953125 0.10595703125 0.517578125
0 0.072265625 0.51953125 0.1181640625 0.576171875
0 0.562744140625 0.421875 0.01611328125 0.078125
