0 0.089599609375 0.45849609375 0.08056640625 0.3916015625
0 0.14306640625 0.47998046875 0.076171875 0.3701171875
0 0.7978515625 0.10107421875 0.017578125 0.0849609375
0 0.8095703125 0.06787109375 0.025390625 0.0712890625
0 0.8251953125 0.06396484375 0.015625 0.0771484375
0 0.7822265625 0.4833984375 0.0830078125 0.404296875
0 0.758544921875 0.4951171875 0.09814453125 0.4765625
0 0.502685546875 0.27734375 0.00732421875 0.037109375
0 0.521728515625 0.27880859375 0.00732421875 0.0361328125
0 0.531494140625 0.27880859375 0.00732421875 0.0361328125
0 0.549560546875 0.283203125 0.00439453125 0.021484375
0 0.458251953125 0.46142578125 0.08056640625 0.3916015625
0 0.488525390625 0.4873046875 0.07958984375 0.388671875
0 0.43505859375 0.4697265625 0.0908203125 0.443359375
0 0.267822265625 0.4658203125 0.07763671875 0.376953125
0 0.372802734375 0.4736328125 0.07080078125 0.345703125
0 0.27734375 0.48046875 0.0810546875 0.396484375
0 0.58984375 0.51318359375 0.0712890625 0.3486328125
0 0.584716796875 0.4658203125 0.12353515625 0.6015625
0 0.338623046875 0.47705078125 0.11474609375 0.5595703125
0 0.175048828125 0.29150390625 0.00537109375 0.0263671875
