0 0.8310546875 0.39892578125 0.013671875 0.0654296875
0 0.861083984375 0.40625 0.01513671875 0.07421875
0 0.852783203125 0.40380859375 0.01611328125 0.0791015625
0 0.843505859375 0.40185546875 0.01708984375 0.0830078125
0 0.89111328125 0.400390625 0.0166015625 0.080078125
0 0.871826171875 0.3955078125 0.01904296875 0.09375
0 0.898681640625 0.3935546875 0.01904296875 0.09375
0 0.910400390625 0.392578125 0.01806640625 0.087890625
0 0.935302734375 0.39306640625 0.01416015625 0.0673828125
0 0.920654296875 0.392578125 0.01904296875 0.09375
0 0.980224609375 0.38720703125 0.01513671875 0.0732421875
0 0.995849609375 0.38720703125 0.01416015625 0.0693359375
0 0.393798828125 0.42724609375 0.00537109375 0.0263671875
0 0.82666015625 0.39990234375 0.0146484375 0.0712890625
