0 0.754638671875 0.40576171875 0.01513671875 0.0751953125
0 0.539306640625 0.3798828125 0.00732421875 0.03515625
0 0.526123046875 0.3857421875 0.00830078125 0.0390625
0 0.49365234375 0.38037109375 0.0107421875 0.0517578125
0 0.47314453125 0.38232421875 0.01171875 0.0595703125
0 0.3427734375 0.39453125 0.025390625 0.123046875
0 0.355224609375 0.40771484375 0.02978515625 0.1455078125
0 0.303955078125 0.38818359375 0.02685546875 0.1298828125
0 0.299072265625 0.41796875 0.03369140625 0.1640625
0 0.26708984375 0.39599609375 0.0341796875 0.1689453125
0 0.22509765625 0.41748046875 0.0380859375 0.1865234375
0 0.222412109375 0.4716796875 0.02001953125 0.095703125
0 0.62939453125 0.41650390625 0.0419921875 0.2060546875
0 0.761474609375 0.4140625 0.02587890625 0.125
0 0.939453125 0.40771484375 0.0537109375 0.2607421875
0 0.21142578125 0.41064453125 0.04296875 0.2080078125
