0 0.156005859375 0.36376953125 0.00732421875 0.0341796875
0 0.282958984375 0.39013671875 0.00634765625 0.0322265625
0 0.92919921875 0.0556640625 0.01171875 0.056640625
0 0.924072265625 0.056640625 0.01220703125 0.060546875
0 0.169921875 0.3642578125 0.009765625 0.048828125
0 0.18212890625 0.36767578125 0.0087890625 0.0419921875
0 0.9189453125 0.4150390625 0.03125 0.154296875
0 0.647216796875 0.39892578125 0.01025390625 0.0517578125
0 0.630859375 0.39404296875 0.0107421875 0.0537109375
0 0.624755859375 0.40234375 0.01806640625 0.087890625
0 0.625 0.4091796875 0.0185546875 0.08984375
0 0.765380859375 0.41357421875 0.01806640625 0.0888671875
0 0.696533203125 0.40869140625 0.00341796875 0.0185546875
0 0.637939453125 0.421875 0.02978515625 0.14453125
0 0.0546875 0.4033203125 0.0166015625 0.080078125
0 0.161376953125 0.36083984375 0.00927734375 0.0458984375
0 0.018798828125 0.4052734375 0.03173828125 0.07421875
0 0.27978515625 0.38916015625 0.0078125 0.0380859375
0 0.266357421875 0.39111328125 0.00830078125 0.0400390625
0 0.27490234375 0.38818359375 0.0078125 0.0380859375
0 0.25537109375 0.39111328125 0.0078125 0.0400390625
0 0.25048828125 0.38916015625 0.0078125 0.0380859375
0 0.4892578125 0.39599609375 0.005859375 0.0302734375
0 0.5390625 0.40087890625 0.0078125 0.0380859375
0 0.248046875 0.37548828125 0.0048828125 0.0244140625
0 0.73779296875 0.41455078125 0.025390625 0.1240234375
0 0.706298828125 0.41357421875 0.02587890625 0.1279296875
0 0.729248046875 0.40283203125 0.02783203125 0.1376953125
0 0.75146484375 0.4130859375 0.0302734375 0.1484375
0 0.728271484375 0.42333984375 0.03271484375 0.1591796875
0 0.748291015625 0.43310546875 0.03564453125 0.1728515625
0 0.79345703125 0.41455078125 0.0263671875 0.1298828125
0 0.78759765625 0.4091796875 0.021484375 0.10546875
0 0.7763671875 0.4150390625 0.03515625 0.171875
0 0.843505859375 0.3798828125 0.00732421875 0.033203125
0 0.853759765625 0.41357421875 0.02587890625 0.1259765625
0 0.858154296875 0.421875 0.02685546875 0.130859375
0 0.8701171875 0.42236328125 0.0283203125 0.1376953125
0 0.880615234375 0.41796875 0.03076171875 0.150390625
0 0.814697265625 0.41748046875 0.03369140625 0.1630859375
0 0.826171875 0.4150390625 0.0390625 0.189453125
0 0.821533203125 0.423828125 0.03955078125 0.193359375
0 0.919189453125 0.06103515625 0.01220703125 0.0595703125
0 0.91357421875 0.09912109375 0.009765625 0.0478515625
0 0.015625 0.39306640625 0.013671875 0.0673828125
0 0.57421875 0.40380859375 0.017578125 0.0849609375
0 0.552734375 0.40234375 0.0185546875 0.08984375
0 0.674072265625 0.40869140625 0.02392578125 0.1181640625
0 0.657958984375 0.43310546875 0.02587890625 0.1259765625
0 0.67578125 0.42236328125 0.0322265625 0.1552734375
0 0.522216796875 0.376953125 0.01025390625 0.02734375
