0 0.405029296875 0.40966796875 0.02685546875 0.1318359375
0 0.373779296875 0.40771484375 0.02490234375 0.1201171875
0 0.427978515625 0.40380859375 0.02880859375 0.1416015625
0 0.450927734375 0.4091796875 0.02685546875 0.130859375
0 0.365478515625 0.41748046875 0.02978515625 0.1455078125
0 0.389404296875 0.4052734375 0.03466796875 0.16796875
0 0.163818359375 0.42431640625 0.00830078125 0.0400390625
0 0.556396484375 0.40283203125 0.01513671875 0.0751953125
0 0.5419921875 0.4033203125 0.017578125 0.0859375
0 0.607177734375 0.412109375 0.00830078125 0.0390625
0 0.597900390625 0.408203125 0.01025390625 0.05078125
0 0.737060546875 0.39306640625 0.01123046875 0.0556640625
0 0.652099609375 0.40673828125 0.01025390625 0.0498046875
0 0.561767578125 0.3994140625 0.02001953125 0.09765625
0 0.044921875 0.41796875 0.013671875 0.06640625
0 0.060791015625 0.4208984375 0.01220703125 0.05859375
0 0.211669921875 0.39990234375 0.02587890625 0.1279296875
0 0.2666015625 0.39208984375 0.025390625 0.1240234375
0 0.481689453125 0.39794921875 0.01220703125 0.0615234375
0 0.49560546875 0.39501953125 0.0146484375 0.0712890625
