0 0.270751953125 0.39404296875 0.00634765625 0.0302734375
0 0.26025390625 0.39501953125 0.0068359375 0.0322265625
0 0.263916015625 0.39453125 0.00732421875 0.03515625
0 0.64404296875 0.41357421875 0.0078125 0.0380859375
0 0.626708984375 0.40625 0.01416015625 0.06640625
0 0.620361328125 0.40185546875 0.01513671875 0.0732421875
0 0.669677734375 0.4111328125 0.01123046875 0.0546875
0 0.6748046875 0.408203125 0.01171875 0.05859375
0 0.74951171875 0.40087890625 0.0234375 0.1142578125
0 0.73583984375 0.39697265625 0.0224609375 0.1103515625
0 0.789794921875 0.4013671875 0.02099609375 0.1015625
0 0.80908203125 0.41064453125 0.0263671875 0.1298828125
0 0.797607421875 0.40966796875 0.03076171875 0.1494140625
0 0.841064453125 0.40869140625 0.02587890625 0.1259765625
0 0.852783203125 0.4111328125 0.02587890625 0.126953125
0 0.836669921875 0.408203125 0.02880859375 0.138671875
0 0.742431640625 0.43505859375 0.00927734375 0.0634765625
0 0.729248046875 0.40380859375 0.02294921875 0.1123046875
0 0.59521484375 0.40771484375 0.015625 0.0322265625
0 0.60888671875 0.408203125 0.00390625 0.02734375
0 0.65087890625 0.40380859375 0.00390625 0.0126953125
0 0.657470703125 0.412109375 0.00341796875 0.03125
