0 0.06982421875 0.37353515625 0.0126953125 0.0615234375
0 0.053955078125 0.3681640625 0.01220703125 0.05859375
0 0.08447265625 0.37255859375 0.0126953125 0.0615234375
0 0.224853515625 0.37890625 0.01220703125 0.05859375
0 0.223388671875 0.37841796875 0.01416015625 0.0693359375
0 0.984130859375 0.26806640625 0.03369140625 0.1650390625
0 0.939697265625 0.26708984375 0.03466796875 0.1708984375
0 0.999755859375 0.39306640625 0.06103515625 0.2978515625
0 0.755615234375 0.38818359375 0.03564453125 0.1728515625
0 0.738037109375 0.40576171875 0.03271484375 0.1611328125
0 0.78076171875 0.38525390625 0.0439453125 0.2138671875
0 0.54541015625 0.3740234375 0.0126953125 0.0625
0 0.5380859375 0.37939453125 0.01171875 0.0576171875
0 0.541748046875 0.373046875 0.01416015625 0.0703125
0 0.525634765625 0.37939453125 0.01220703125 0.0595703125
0 0.575927734375 0.34814453125 0.00537109375 0.0263671875
0 0.5849609375 0.36669921875 0.009765625 0.0498046875
0 0.599609375 0.3447265625 0.0048828125 0.021484375
0 0.57763671875 0.3828125 0.013671875 0.06640625
0 0.60986328125 0.3701171875 0.0146484375 0.072265625
0 0.6181640625 0.37109375 0.0166015625 0.080078125
0 0.593994140625 0.38134765625 0.02099609375 0.1005859375
0 0.642578125 0.3701171875 0.0166015625 0.080078125
0 0.633056640625 0.3759765625 0.02197265625 0.10546875
0 0.61865234375 0.38916015625 0.0224609375 0.1103515625
0 0.604736328125 0.39013671875 0.02490234375 0.1201171875
0 0.626708984375 0.3896484375 0.02392578125 0.115234375
0 0.65283203125 0.3857421875 0.0234375 0.11328125
0 0.675048828125 0.3798828125 0.02490234375 0.12109375
0 0.651123046875 0.40478515625 0.01904296875 0.0947265625
0 0.483154296875 0.37744140625 0.01220703125 0.0595703125
0 0.362548828125 0.37060546875 0.01416015625 0.0673828125
0 0.510986328125 0.3583984375 0.00732421875 0.03515625
0 0.50537109375 0.3583984375 0.0078125 0.037109375
0 0.508056640625 0.34765625 0.00048828125 0.001953125
0 0.51416015625 0.3330078125 0.01171875 0.015625
0 0.516845703125 0.35107421875 0.00439453125 0.0146484375
0 0.586669921875 0.34423828125 0.01318359375 0.0244140625
