0 0.450927734375 0.40771484375 0.00732421875 0.0361328125
0 0.40234375 0.41064453125 0.0185546875 0.0908203125
0 0.406005859375 0.40771484375 0.02001953125 0.0986328125
0 0.330810546875 0.42138671875 0.01611328125 0.0791015625
0 0.32275390625 0.42041015625 0.017578125 0.0849609375
0 0.0302734375 0.5322265625 0.146484375 0.71484375
0 0.675537109375 0.3828125 0.01611328125 0.078125
0 0.90673828125 0.37255859375 0.0166015625 0.0810546875
0 0.80322265625 0.35546875 0.013671875 0.068359375
0 0.934814453125 0.38330078125 0.03271484375 0.1572265625
0 0.896240234375 0.376953125 0.03466796875 0.16796875
0 0.780517578125 0.48974609375 0.11572265625 0.5654296875
0 0.840087890625 0.544921875 0.11767578125 0.576171875
0 0.555419921875 0.517578125 0.13818359375 0.673828125
0 0.64599609375 0.5146484375 0.1630859375 0.794921875
0 0.3193359375 0.4462890625 0.009765625 0.029296875
0 0.325927734375 0.3896484375 0.00732421875 0.03515625
0 0.3271484375 0.45654296875 0.0029296875 0.0087890625
0 0.328125 0.419921875 0.0009765625 0.00390625
0 0.332275390625 0.4453125 0.00439453125 0.021484375
0 0.428955078125 0.41162109375 0.01123046875 0.0380859375
