0 0.6201171875 0.43701171875 0.0078125 0.0361328125
0 0.65478515625 0.431640625 0.0205078125 0.1015625
0 0.635986328125 0.43896484375 0.00634765625 0.0322265625
0 0.71142578125 0.4091796875 0.015625 0.076171875
0 0.838134765625 0.4296875 0.02294921875 0.11328125
0 0.947021484375 0.4345703125 0.02685546875 0.130859375
0 0.820068359375 0.47314453125 0.08251953125 0.4013671875
0 0.786865234375 0.494140625 0.08154296875 0.3984375
0 0.0234375 0.44677734375 0.0166015625 0.0810546875
0 0.0986328125 0.4501953125 0.013671875 0.06640625
0 0.16455078125 0.44384765625 0.0146484375 0.0712890625
0 0.155517578125 0.4443359375 0.01806640625 0.087890625
0 0.144287109375 0.44384765625 0.01708984375 0.0830078125
0 0.277099609375 0.44921875 0.01025390625 0.041015625
0 0.265380859375 0.43994140625 0.01318359375 0.0634765625
0 0.2685546875 0.44091796875 0.0146484375 0.0732421875
0 0.317138671875 0.43505859375 0.01123046875 0.0556640625
0 0.310791015625 0.43798828125 0.01123046875 0.0556640625
0 0.30029296875 0.4375 0.01171875 0.056640625
0 0.2919921875 0.43896484375 0.0126953125 0.0615234375
0 0.43212890625 0.4404296875 0.0185546875 0.08984375
0 0.417236328125 0.44384765625 0.01611328125 0.0771484375
0 0.454833984375 0.4501953125 0.01513671875 0.07421875
0 0.47265625 0.46630859375 0.0693359375 0.3369140625
0 0.38818359375 0.46240234375 0.080078125 0.3896484375
0 0.678466796875 0.48876953125 0.06396484375 0.3115234375
0 0.67138671875 0.4619140625 0.087890625 0.4296875
0 0.5029296875 0.50244140625 0.1015625 0.4951171875
0 0.204833984375 0.4423828125 0.01904296875 0.091796875
0 0.183837890625 0.44140625 0.01708984375 0.08203125
0 0.23681640625 0.45263671875 0.0703125 0.3447265625
0 0.2841796875 0.45654296875 0.01171875 0.0263671875
0 0.5810546875 0.4423828125 0.0224609375 0.109375
0 0.050537109375 0.4345703125 0.06591796875 0.3203125
0 0.12744140625 0.43505859375 0.05859375 0.2861328125
0 0.890380859375 0.44384765625 0.02197265625 0.0263671875
