0 0.426025390625 0.21533203125 0.00537109375 0.0263671875
0 0.197509765625 0.380859375 0.00634765625 0.03125
0 0.364990234375 0.3759765625 0.00732421875 0.037109375
0 0.387451171875 0.37451171875 0.00927734375 0.0458984375
0 0.383056640625 0.38330078125 0.01123046875 0.0537109375
0 0.34423828125 0.380859375 0.009765625 0.046875
0 0.259033203125 0.38037109375 0.00830078125 0.0400390625
0 0.358642578125 0.38232421875 0.01025390625 0.0517578125
0 0.390380859375 0.38232421875 0.01123046875 0.0556640625
0 0.40478515625 0.3818359375 0.0107421875 0.05078125
0 0.400146484375 0.38232421875 0.01220703125 0.0595703125
0 0.416748046875 0.3828125 0.01220703125 0.05859375
0 0.655517578125 0.38671875 0.03271484375 0.16015625
0 0.727783203125 0.37255859375 0.03369140625 0.1650390625
0 0.683837890625 0.36083984375 0.01611328125 0.0791015625
0 0.886962890625 0.37109375 0.03857421875 0.1875
0 0.9306640625 0.36083984375 0.041015625 0.2001953125
0 0.416748046875 0.23291015625 0.00634765625 0.0302734375
0 0.177734375 0.3818359375 0.0068359375 0.033203125
0 0.4326171875 0.228515625 0.0068359375 0.033203125
0 0.350341796875 0.37939453125 0.01025390625 0.0498046875
0 0.376953125 0.38134765625 0.0107421875 0.0537109375
0 0.494140625 0.15234375 0.0068359375 0.03125
