0 0.265625 0.404296875 0.0126953125 0.0625
0 0.162353515625 0.4345703125 0.02783203125 0.13671875
0 0.134521484375 0.44091796875 0.02685546875 0.1318359375
0 0.31298828125 0.412109375 0.015625 0.076171875
0 0.318115234375 0.412109375 0.02197265625 0.107421875
0 0.290283203125 0.42236328125 0.03564453125 0.1748046875
0 0.381103515625 0.42138671875 0.02685546875 0.1318359375
0 0.510498046875 0.41552734375 0.04931640625 0.2392578125
0 0.605712890625 0.4091796875 0.05126953125 0.25
0 0.570556640625 0.4140625 0.04931640625 0.240234375
0 0.68212890625 0.39794921875 0.03515625 0.1708984375
0 0.696044921875 0.4189453125 0.04345703125 0.212890625
0 0.69482421875 0.3984375 0.0537109375 0.26171875
0 0.805419921875 0.42529296875 0.08349609375 0.4072265625
