0 0.44873046875 0.30810546875 0.0048828125 0.0244140625
0 0.4638671875 0.30712890625 0.005859375 0.0302734375
0 0.48779296875 0.30908203125 0.005859375 0.0283203125
0 0.484375 0.30810546875 0.005859375 0.0302734375
0 0.499755859375 0.30908203125 0.00537109375 0.0263671875
0 0.504638671875 0.30908203125 0.00634765625 0.0302734375
0 0.51953125 0.31103515625 0.0048828125 0.0244140625
0 0.382080078125 0.3037109375 0.00537109375 0.025390625
0 0.01416015625 0.36279296875 0.03125 0.1513671875
0 0.413330078125 0.38427734375 0.00634765625 0.0302734375
0 0.441650390625 0.38037109375 0.00439453125 0.0205078125
0 0.43701171875 0.37939453125 0.00390625 0.0185546875
0 0.455810546875 0.3818359375 0.00439453125 0.021484375
0 0.46435546875 0.39453125 0.0087890625 0.04296875
0 0.502197265625 0.39111328125 0.00634765625 0.0302734375
0 0.507568359375 0.39111328125 0.00634765625 0.0302734375
0 0.51318359375 0.38818359375 0.0068359375 0.0361328125
0 0.52197265625 0.38720703125 0.005859375 0.0283203125
0 0.5185546875 0.388671875 0.0068359375 0.033203125
0 0.7060546875 0.431640625 0.044921875 0.21875
0 0.767822265625 0.41748046875 0.05419921875 0.2646484375
