0 0.242919921875 0.42919921875 0.01025390625 0.0498046875
0 0.501708984375 0.44775390625 0.01806640625 0.0888671875
0 0.523193359375 0.44580078125 0.01806640625 0.0888671875
0 0.487548828125 0.4482421875 0.02001953125 0.09765625
0 0.471923828125 0.4462890625 0.02197265625 0.109375
0 0.684814453125 0.41943359375 0.01025390625 0.0498046875
0 0.7119140625 0.41650390625 0.009765625 0.0478515625
0 0.716796875 0.41650390625 0.009765625 0.0458984375
0 0.70166015625 0.41650390625 0.0087890625 0.0439453125
0 0.6962890625 0.41943359375 0.0107421875 0.0537109375
0 0.741943359375 0.41650390625 0.00830078125 0.0400390625
0 0.79150390625 0.412109375 0.0068359375 0.03125
0 0.781005859375 0.4091796875 0.00732421875 0.03515625
