0 0.336181640625 0.40771484375 0.00634765625 0.0322265625
0 0.103515625 0.4326171875 0.009765625 0.048828125
0 0.08837890625 0.42822265625 0.0146484375 0.0693359375
0 0.6572265625 0.36767578125 0.0029296875 0.0146484375
0 0.806640625 0.37939453125 0.0146484375 0.0712890625
0 0.90673828125 0.3740234375 0.0302734375 0.146484375
0 0.928466796875 0.3662109375 0.03369140625 0.1640625
0 0.724853515625 0.380859375 0.01513671875 0.07421875
0 0.37353515625 0.3984375 0.005859375 0.02734375
0 0.616943359375 0.37060546875 0.00439453125 0.0205078125
