0 0.317138671875 0.4111328125 0.02001953125 0.05859375
0 0.60791015625 0.37109375 0.0048828125 0.0234375
0 0.61474609375 0.37158203125 0.0048828125 0.0244140625
0 0.621337890625 0.37060546875 0.00830078125 0.0419921875
0 0.639892578125 0.3818359375 0.01123046875 0.0546875
0 0.6513671875 0.38671875 0.0146484375 0.0703125
0 0.641845703125 0.3896484375 0.01416015625 0.0703125
0 0.597412109375 0.376953125 0.00927734375 0.046875
0 0.529296875 0.3779296875 0.0078125 0.037109375
0 0.69482421875 0.396484375 0.0126953125 0.0625
0 0.71044921875 0.40966796875 0.0224609375 0.1083984375
0 0.702392578125 0.40576171875 0.02490234375 0.1201171875
0 0.7197265625 0.3994140625 0.0263671875 0.12890625
0 0.723388671875 0.41162109375 0.02587890625 0.1259765625
0 0.740478515625 0.404296875 0.02294921875 0.11328125
0 0.753173828125 0.40576171875 0.02587890625 0.1279296875
0 0.261962890625 0.4208984375 0.02490234375 0.12109375
0 0.45068359375 0.36962890625 0.01953125 0.0166015625
0 0.550537109375 0.376953125 0.03759765625 0.041015625
0 0.583251953125 0.36572265625 0.01025390625 0.0185546875
0 0.59228515625 0.36181640625 0.00390625 0.0087890625
0 0.60107421875 0.359375 0.0009765625 0.001953125
0 0.648681640625 0.36181640625 0.00048828125 0.0009765625
0 0.648681640625 0.38671875 0.00048828125 0.013671875
0 0.649169921875 0.416015625 0.00048828125 0.005859375
0 0.651611328125 0.41943359375 0.00048828125 0.0048828125
0 0.65869140625 0.38720703125 0.0048828125 0.0634765625
