0 0.7138671875 0.4091796875 0.0263671875 0.126953125
0 0.749267578125 0.3974609375 0.03466796875 0.16796875
0 0.818603515625 0.40673828125 0.03369140625 0.1650390625
0 0.787353515625 0.40185546875 0.03173828125 0.1533203125
0 0.0078125 0.43603515625 0.0224609375 0.1103515625
0 0.18310546875 0.42333984375 0.015625 0.0771484375
0 0.178955078125 0.4248046875 0.01611328125 0.078125
0 0.195556640625 0.42724609375 0.01513671875 0.0732421875
0 0.295654296875 0.41650390625 0.01611328125 0.0791015625
0 0.28271484375 0.419921875 0.015625 0.076171875
0 0.352294921875 0.4111328125 0.01416015625 0.068359375
0 0.372802734375 0.40966796875 0.01025390625 0.0498046875
0 0.381591796875 0.4091796875 0.01123046875 0.0546875
0 0.47265625 0.39599609375 0.0068359375 0.0126953125
0 0.443115234375 0.412109375 0.00732421875 0.03515625
0 0.40185546875 0.41259765625 0.015625 0.0751953125
0 0.4306640625 0.41162109375 0.015625 0.0771484375
0 0.926025390625 0.42431640625 0.08935546875 0.4365234375
0 0.565673828125 0.40673828125 0.01025390625 0.0478515625
0 0.58984375 0.42724609375 0.041015625 0.2021484375
