0 0.565185546875 0.400390625 0.00341796875 0.015625
0 0.569580078125 0.40087890625 0.00341796875 0.0146484375
0 0.5732421875 0.3974609375 0.0029296875 0.015625
0 0.628662109375 0.40966796875 0.00927734375 0.0458984375
0 0.624267578125 0.41064453125 0.00927734375 0.0458984375
0 0.63720703125 0.40869140625 0.009765625 0.0478515625
0 0.647216796875 0.41162109375 0.01025390625 0.0498046875
0 0.6591796875 0.41455078125 0.0107421875 0.0517578125
0 0.64990234375 0.4150390625 0.009765625 0.048828125
0 0.65673828125 0.41552734375 0.0107421875 0.0537109375
0 0.6865234375 0.41064453125 0.0126953125 0.0615234375
0 0.707275390625 0.4169921875 0.01025390625 0.052734375
0 0.7021484375 0.41455078125 0.0146484375 0.0732421875
0 0.6953125 0.41650390625 0.0146484375 0.0712890625
0 0.7275390625 0.41552734375 0.015625 0.0771484375
0 0.782958984375 0.41357421875 0.01220703125 0.0595703125
0 0.787109375 0.416015625 0.0126953125 0.0625
0 0.778564453125 0.41552734375 0.01416015625 0.0693359375
0 0.767578125 0.41064453125 0.01953125 0.0966796875
0 0.805419921875 0.416015625 0.01220703125 0.060546875
0 0.800048828125 0.41943359375 0.01123046875 0.0537109375
0 0.815673828125 0.42041015625 0.01416015625 0.0673828125
0 0.83349609375 0.41650390625 0.013671875 0.0673828125
0 0.83984375 0.41748046875 0.0146484375 0.0712890625
0 0.83056640625 0.42041015625 0.013671875 0.0673828125
0 0.85302734375 0.40966796875 0.01953125 0.0947265625
0 0.87548828125 0.416015625 0.0185546875 0.08984375
0 0.884521484375 0.42041015625 0.01806640625 0.0888671875
0 0.91552734375 0.4140625 0.0205078125 0.099609375
0 0.907470703125 0.4189453125 0.01904296875 0.091796875
0 0.41943359375 0.40966796875 0.005859375 0.0302734375
0 0.247314453125 0.41796875 0.01123046875 0.056640625
0 0.100341796875 0.41748046875 0.01318359375 0.0634765625
0 0.13916015625 0.41796875 0.0126953125 0.0625
0 0.12890625 0.423828125 0.017578125 0.0859375
0 0.115478515625 0.4365234375 0.02392578125 0.115234375
0 0.167724609375 0.41796875 0.01123046875 0.0546875
0 0.1728515625 0.41943359375 0.0107421875 0.0517578125
0 0.18017578125 0.4091796875 0.0087890625 0.04296875
0 0.18603515625 0.40576171875 0.0068359375 0.0341796875
0 0.189697265625 0.40966796875 0.00732421875 0.0341796875
0 0.20703125 0.4248046875 0.015625 0.076171875
0 0.22021484375 0.42041015625 0.0107421875 0.0517578125
0 0.236083984375 0.41748046875 0.01123046875 0.0556640625
0 0.25830078125 0.41748046875 0.01171875 0.0576171875
0 0.254638671875 0.416015625 0.01220703125 0.060546875
0 0.267333984375 0.41796875 0.01025390625 0.05078125
0 0.307861328125 0.4169921875 0.00830078125 0.041015625
0 0.2822265625 0.4189453125 0.009765625 0.046875
0 0.572021484375 0.4052734375 0.00537109375 0.025390625
0 0.577392578125 0.4072265625 0.00634765625 0.03125
0 0.58740234375 0.404296875 0.005859375 0.029296875
0 0.195068359375 0.41650390625 0.01025390625 0.0498046875
0 0.215087890625 0.40185546875 0.00537109375 0.0205078125
0 0.216552734375 0.4228515625 0.00341796875 0.013671875
0 0.223876953125 0.40478515625 0.00830078125 0.0322265625
0 0.2763671875 0.4130859375 0.0087890625 0.046875
0 0.2939453125 0.42333984375 0.0029296875 0.0400390625
0 0.304931640625 0.41796875 0.00634765625 0.044921875
0 0.61865234375 0.412109375 0.0078125 0.05078125
0 0.760498046875 0.41552734375 0.00732421875 0.0673828125
0 0.82421875 0.41943359375 0.0126953125 0.0693359375
0 0.897705078125 0.41748046875 0.01708984375 0.0869140625
0 0.991943359375 0.39501953125 0.01220703125 0.0673828125
