0 0.326171875 0.44384765625 0.0068359375 0.0341796875
0 0.00927734375 0.4375 0.0087890625 0.04296875
0 0.017333984375 0.4375 0.01318359375 0.04296875
0 0.05029296875 0.4365234375 0.02734375 0.134765625
0 0.12841796875 0.44189453125 0.0283203125 0.1376953125
0 0.0888671875 0.43505859375 0.03125 0.1513671875
0 0.636962890625 0.443359375 0.00732421875 0.037109375
0 0.649169921875 0.44580078125 0.00634765625 0.0322265625
0 0.8251953125 0.421875 0.013671875 0.06640625
0 0.891357421875 0.4267578125 0.02099609375 0.1015625
0 0.880859375 0.4541015625 0.0029296875 0.015625
0 0.90869140625 0.4208984375 0.009765625 0.041015625
0 0.875244140625 0.42822265625 0.02001953125 0.0986328125
0 0.90625 0.44140625 0.0048828125 0.03125
0 0.94775390625 0.421875 0.0205078125 0.1015625
0 0.973388671875 0.41943359375 0.02392578125 0.1162109375
0 0.92333984375 0.4189453125 0.0234375 0.11328125
0 0.657958984375 0.43212890625 0.00927734375 0.0439453125
