0 0.3701171875 0.21484375 0.001953125 0.009765625
0 0.374267578125 0.21435546875 0.00146484375 0.0087890625
0 0.37841796875 0.21533203125 0.001953125 0.0107421875
0 0.38330078125 0.21484375 0.001953125 0.01171875
0 0.145263671875 0.3876953125 0.00439453125 0.01953125
0 0.149658203125 0.38720703125 0.00439453125 0.0205078125
0 0.158203125 0.38720703125 0.005859375 0.0302734375
0 0.246337890625 0.17333984375 0.00341796875 0.0166015625
0 0.250244140625 0.17236328125 0.00341796875 0.0166015625
0 0.255126953125 0.17333984375 0.00341796875 0.0166015625
0 0.27734375 0.23583984375 0.00390625 0.0205078125
0 0.385009765625 0.3095703125 0.00439453125 0.021484375
0 0.396484375 0.30224609375 0.00390625 0.0205078125
0 0.40087890625 0.3017578125 0.00390625 0.01953125
0 0.388671875 0.31103515625 0.00390625 0.0185546875
0 0.58154296875 0.279296875 0.00390625 0.01953125
0 0.44482421875 0.30419921875 0.0029296875 0.0146484375
0 0.447509765625 0.30078125 0.00439453125 0.021484375
0 0.450927734375 0.29833984375 0.00537109375 0.0263671875
0 0.467529296875 0.298828125 0.00439453125 0.021484375
0 0.477783203125 0.29638671875 0.00439453125 0.0205078125
0 0.484375 0.29736328125 0.00390625 0.0205078125
0 0.537841796875 0.2861328125 0.00537109375 0.025390625
0 0.526123046875 0.28759765625 0.00537109375 0.0244140625
0 0.52001953125 0.28759765625 0.0048828125 0.0244140625
0 0.509765625 0.28955078125 0.0048828125 0.0244140625
0 0.498046875 0.29248046875 0.0048828125 0.0244140625
0 0.500244140625 0.29296875 0.00439453125 0.021484375
0 0.48828125 0.294921875 0.00390625 0.01953125
0 0.49365234375 0.294921875 0.00390625 0.017578125
0 0.33251953125 0.37939453125 0.0078125 0.0361328125
0 0.324462890625 0.37939453125 0.00732421875 0.0361328125
0 0.3154296875 0.3779296875 0.005859375 0.029296875
0 0.318359375 0.3798828125 0.005859375 0.02734375
0 0.305419921875 0.38330078125 0.00634765625 0.0302734375
0 0.28857421875 0.38232421875 0.0068359375 0.0341796875
0 0.285888671875 0.3828125 0.00634765625 0.03125
0 0.271728515625 0.3837890625 0.00537109375 0.02734375
0 0.281494140625 0.3818359375 0.00634765625 0.03125
0 0.212890625 0.388671875 0.0078125 0.0390625
0 0.241455078125 0.39013671875 0.00830078125 0.0400390625
0 0.252197265625 0.38916015625 0.00732421875 0.0361328125
0 0.25732421875 0.390625 0.0078125 0.0390625
0 0.246826171875 0.3896484375 0.00830078125 0.041015625
0 0.224609375 0.38623046875 0.0068359375 0.0341796875
0 0.230224609375 0.3916015625 0.00830078125 0.0390625
0 0.205078125 0.39990234375 0.005859375 0.0283203125
0 0.19873046875 0.39453125 0.0087890625 0.041015625
0 0.191162109375 0.3974609375 0.00927734375 0.044921875
0 0.1826171875 0.40185546875 0.0087890625 0.0419921875
0 0.111328125 0.39111328125 0.0078125 0.0361328125
0 0.118896484375 0.3955078125 0.00927734375 0.046875
0 0.237060546875 0.40234375 0.01025390625 0.05078125
0 0.019775390625 0.44775390625 0.03466796875 0.1708984375
0 0.014404296875 0.4541015625 0.03466796875 0.169921875
0 0.589111328125 0.35546875 0.01025390625 0.05078125
0 0.60009765625 0.359375 0.0126953125 0.0625
0 0.6943359375 0.3427734375 0.005859375 0.029296875
0 0.689697265625 0.341796875 0.00537109375 0.02734375
0 0.68994140625 0.357421875 0.0087890625 0.04296875
0 0.679443359375 0.35546875 0.00927734375 0.044921875
0 0.682861328125 0.353515625 0.00927734375 0.044921875
0 0.659423828125 0.34814453125 0.00537109375 0.0263671875
0 0.66650390625 0.3486328125 0.0068359375 0.033203125
0 0.661865234375 0.34814453125 0.00634765625 0.0302734375
0 0.670654296875 0.35009765625 0.00732421875 0.0361328125
0 0.67724609375 0.36083984375 0.01171875 0.0556640625
0 0.613525390625 0.3603515625 0.00830078125 0.0390625
0 0.7119140625 0.37060546875 0.0205078125 0.0986328125
0 0.7099609375 0.37255859375 0.025390625 0.1240234375
0 0.739013671875 0.37255859375 0.02587890625 0.1279296875
0 0.84033203125 0.3642578125 0.04296875 0.208984375
0 0.797607421875 0.373046875 0.04052734375 0.197265625
0 0.86474609375 0.36962890625 0.048828125 0.2392578125
0 0.826904296875 0.36474609375 0.05029296875 0.2431640625
0 0.511474609375 0.3603515625 0.00439453125 0.021484375
0 0.3115234375 0.380859375 0.0068359375 0.033203125
0 0.5712890625 0.3720703125 0.0205078125 0.1015625
0 0.550537109375 0.36962890625 0.01611328125 0.0791015625
0 0.577392578125 0.37548828125 0.02587890625 0.1259765625
0 0.27685546875 0.3857421875 0.005859375 0.02734375
0 0.218017578125 0.40087890625 0.01025390625 0.0498046875
0 0.58740234375 0.27294921875 0.005859375 0.0107421875
