0 0.637451171875 0.38232421875 0.00732421875 0.0361328125
0 0.641357421875 0.38623046875 0.00732421875 0.0361328125
0 0.724853515625 0.3759765625 0.00830078125 0.041015625
0 0.71923828125 0.3740234375 0.0078125 0.0390625
0 0.71337890625 0.376953125 0.0078125 0.0390625
0 0.7783203125 0.470703125 0.0732421875 0.357421875
0 0.803955078125 0.46826171875 0.08154296875 0.3974609375
0 0.533447265625 0.39501953125 0.00537109375 0.0263671875
0 0.513427734375 0.453125 0.07177734375 0.349609375
0 0.508056640625 0.484375 0.06982421875 0.33984375
0 0.32568359375 0.4140625 0.0048828125 0.0234375
0 0.263427734375 0.41162109375 0.00830078125 0.0400390625
0 0.367919921875 0.462890625 0.05712890625 0.279296875
0 0.350341796875 0.4697265625 0.06005859375 0.29296875
0 0.412353515625 0.455078125 0.07470703125 0.365234375
0 0.44921875 0.4970703125 0.0849609375 0.412109375
0 0.411865234375 0.51611328125 0.08837890625 0.4326171875
0 0.619873046875 0.4560546875 0.05126953125 0.25
0 0.61279296875 0.46044921875 0.0791015625 0.3857421875
0 0.269287109375 0.41455078125 0.00830078125 0.0400390625
0 0.27734375 0.4111328125 0.009765625 0.046875
0 0.308837890625 0.47900390625 0.06201171875 0.3037109375
0 0.20947265625 0.4677734375 0.060546875 0.296875
0 0.1787109375 0.4248046875 0.0107421875 0.052734375
0 0.24609375 0.4658203125 0.091796875 0.4453125
0 0.152099609375 0.46923828125 0.04931640625 0.2392578125
0 0.132568359375 0.5 0.08544921875 0.41796875
0 0.19091796875 0.48681640625 0.0615234375 0.3017578125
0 0.15380859375 0.525390625 0.037109375 0.181640625
0 0.01416015625 0.71435546875 0.0224609375 0.0908203125
0 0.197265625 0.50537109375 0.095703125 0.4658203125
0 0.093505859375 0.49365234375 0.09228515625 0.4482421875
0 0.131103515625 0.51416015625 0.10009765625 0.4873046875
0 0.67431640625 0.46142578125 0.0654296875 0.3193359375
0 0.312744140625 0.4052734375 0.00732421875 0.03515625
0 0.318115234375 0.4140625 0.01025390625 0.05078125
0 0.479736328125 0.40234375 0.01025390625 0.048828125
0 0.570068359375 0.3974609375 0.00830078125 0.02734375
0 0.749267578125 0.37109375 0.03759765625 0.04296875
