0 0.586181640625 0.38232421875 0.00927734375 0.0439453125
0 0.593505859375 0.38232421875 0.00830078125 0.0419921875
0 0.602783203125 0.3857421875 0.00927734375 0.044921875
0 0.6005859375 0.38427734375 0.0107421875 0.0517578125
0 0.61181640625 0.38232421875 0.0107421875 0.0537109375
0 0.64697265625 0.37841796875 0.0107421875 0.0517578125
0 0.64111328125 0.37744140625 0.01171875 0.0556640625
0 0.63916015625 0.38916015625 0.01171875 0.0576171875
0 0.63525390625 0.38818359375 0.0166015625 0.0810546875
0 0.65234375 0.3828125 0.015625 0.076171875
0 0.65771484375 0.3828125 0.017578125 0.087890625
0 0.69677734375 0.3798828125 0.0126953125 0.060546875
0 0.798828125 0.36181640625 0.0146484375 0.0712890625
0 0.72314453125 0.38671875 0.0224609375 0.111328125
0 0.708251953125 0.39404296875 0.02490234375 0.1201171875
0 0.733642578125 0.39599609375 0.02197265625 0.1083984375
0 0.775146484375 0.380859375 0.02294921875 0.111328125
0 0.762939453125 0.38671875 0.02197265625 0.107421875
0 0.8759765625 0.40185546875 0.0078125 0.0341796875
0 0.8623046875 0.3857421875 0.0322265625 0.15625
0 0.83740234375 0.38671875 0.0322265625 0.15625
0 0.88232421875 0.40234375 0.005859375 0.013671875
0 0.898193359375 0.38916015625 0.03271484375 0.1591796875
0 0.92724609375 0.3740234375 0.03515625 0.171875
0 0.2216796875 0.4072265625 0.0048828125 0.025390625
0 0.28515625 0.40673828125 0.0078125 0.0380859375
0 0.572021484375 0.38134765625 0.00830078125 0.0302734375
0 0.58251953125 0.3818359375 0.001953125 0.01953125
0 0.58544921875 0.4052734375 0.0009765625 0.001953125
0 0.596923828125 0.369140625 0.00244140625 0.001953125
0 0.59716796875 0.40380859375 0.001953125 0.0009765625
0 0.607177734375 0.3740234375 0.00341796875 0.015625
0 0.617919921875 0.37451171875 0.00537109375 0.0146484375
0 0.62841796875 0.3779296875 0.0078125 0.056640625
0 0.628173828125 0.4150390625 0.00732421875 0.013671875
0 0.68212890625 0.36279296875 0.0224609375 0.0380859375
0 0.745849609375 0.35986328125 0.01416015625 0.0458984375
