0 0.6611328125 0.41064453125 0.0087890625 0.0419921875
0 0.538330078125 0.42041015625 0.00830078125 0.0419921875
0 0.5400390625 0.44287109375 0.0029296875 0.0048828125
0 0.323486328125 0.41357421875 0.00830078125 0.0283203125
0 0.33935546875 0.408203125 0.00390625 0.01171875
0 0.329833984375 0.41748046875 0.01708984375 0.0400390625
0 0.310791015625 0.4228515625 0.01416015625 0.0703125
0 0.3017578125 0.42333984375 0.0146484375 0.0712890625
0 0.283447265625 0.44189453125 0.00927734375 0.0244140625
0 0.274169921875 0.435546875 0.02294921875 0.05859375
0 0.229248046875 0.44384765625 0.03271484375 0.0888671875
0 0.192138671875 0.42724609375 0.02099609375 0.0458984375
0 0.097412109375 0.45361328125 0.06005859375 0.2939453125
0 0.086181640625 0.458984375 0.08056640625 0.390625
0 0.67333984375 0.4130859375 0.0107421875 0.052734375
0 0.4951171875 0.4716796875 0.04296875 0.2109375
0 0.58544921875 0.439453125 0.02734375 0.1328125
0 0.7607421875 0.4365234375 0.033203125 0.0625
0 0.792724609375 0.4365234375 0.03173828125 0.072265625
0 0.863037109375 0.4443359375 0.02880859375 0.138671875
0 0.847412109375 0.4462890625 0.02978515625 0.146484375
0 0.896728515625 0.44482421875 0.03857421875 0.1884765625
0 0.207275390625 0.423828125 0.01416015625 0.052734375
0 0.00439453125 0.46435546875 0.0576171875 0.2822265625
