0 0.15625 0.40283203125 0.0166015625 0.0810546875
0 0.40185546875 0.37353515625 0.0283203125 0.1376953125
0 0.615234375 0.384765625 0.0419921875 0.205078125
0 0.338134765625 0.39892578125 0.02197265625 0.1083984375
0 0.351806640625 0.38623046875 0.02587890625 0.1279296875
0 0.238037109375 0.400390625 0.01904296875 0.09375
0 0.2548828125 0.40234375 0.017578125 0.0859375
0 0.2021484375 0.40087890625 0.017578125 0.0869140625
0 0.2080078125 0.3984375 0.01953125 0.09375
0 0.21337890625 0.39990234375 0.01953125 0.0966796875
0 0.1689453125 0.4033203125 0.0166015625 0.08203125
0 0.307373046875 0.4072265625 0.01904296875 0.091796875
0 0.3203125 0.39697265625 0.0234375 0.1142578125
0 0.841552734375 0.4033203125 0.05810546875 0.283203125
0 0.4716796875 0.39013671875 0.0439453125 0.2138671875
0 0.119873046875 0.39599609375 0.00341796875 0.0537109375
0 0.132080078125 0.38232421875 0.00927734375 0.0341796875
