0 0.41552734375 0.43408203125 0.00390625 0.0185546875
0 0.392578125 0.43212890625 0.00390625 0.0185546875
0 0.393798828125 0.44384765625 0.00537109375 0.0263671875
0 0.396728515625 0.44189453125 0.00634765625 0.0302734375
0 0.3916015625 0.4443359375 0.0068359375 0.03515625
0 0.422119140625 0.43505859375 0.00439453125 0.0205078125
0 0.4384765625 0.44140625 0.0048828125 0.025390625
0 0.43212890625 0.43310546875 0.00390625 0.0185546875
0 0.43408203125 0.43896484375 0.00390625 0.0185546875
0 0.427978515625 0.44677734375 0.00439453125 0.0224609375
0 0.47998046875 0.43359375 0.00390625 0.01953125
0 0.489501953125 0.43408203125 0.00439453125 0.0224609375
0 0.4951171875 0.43359375 0.00390625 0.01953125
0 0.49951171875 0.43115234375 0.0048828125 0.0224609375
0 0.509521484375 0.43408203125 0.00439453125 0.0205078125
0 0.51953125 0.43408203125 0.00390625 0.0205078125
0 0.517578125 0.43359375 0.00390625 0.01953125
0 0.53466796875 0.43994140625 0.005859375 0.0283203125
0 0.54248046875 0.43798828125 0.005859375 0.0283203125
0 0.540771484375 0.44140625 0.00537109375 0.02734375
0 0.546630859375 0.43994140625 0.00537109375 0.0263671875
0 0.55517578125 0.44140625 0.0068359375 0.03515625
0 0.551025390625 0.435546875 0.00439453125 0.021484375
0 0.55126953125 0.44970703125 0.0078125 0.0380859375
0 0.56689453125 0.43603515625 0.0048828125 0.0244140625
0 0.57080078125 0.4306640625 0.00390625 0.01953125
0 0.572998046875 0.44140625 0.00439453125 0.021484375
0 0.5693359375 0.45068359375 0.0078125 0.0380859375
0 0.5615234375 0.46142578125 0.0146484375 0.0712890625
0 0.6015625 0.470703125 0.0078125 0.037109375
0 0.595703125 0.4599609375 0.01171875 0.056640625
0 0.61669921875 0.455078125 0.0146484375 0.072265625
0 0.62353515625 0.44580078125 0.0185546875 0.0908203125
0 0.60693359375 0.4462890625 0.0185546875 0.08984375
0 0.662109375 0.44287109375 0.01953125 0.0966796875
0 0.654052734375 0.44287109375 0.01806640625 0.0888671875
0 0.6328125 0.43359375 0.025390625 0.125
0 0.6875 0.4462890625 0.01953125 0.095703125
0 0.6484375 0.447265625 0.015625 0.076171875
0 0.64599609375 0.43994140625 0.0234375 0.1142578125
0 0.68798828125 0.43994140625 0.0234375 0.1162109375
0 0.677734375 0.439453125 0.0224609375 0.111328125
0 0.665283203125 0.43603515625 0.02392578125 0.1162109375
0 0.6708984375 0.43212890625 0.02734375 0.1337890625
0 0.699951171875 0.4423828125 0.02294921875 0.11328125
0 0.755615234375 0.443359375 0.02490234375 0.123046875
0 0.740234375 0.44384765625 0.0234375 0.1162109375
0 0.779052734375 0.44384765625 0.02490234375 0.1201171875
0 0.76806640625 0.43994140625 0.025390625 0.1240234375
0 0.802490234375 0.439453125 0.02685546875 0.130859375
0 0.762939453125 0.43701171875 0.02783203125 0.1357421875
0 0.72802734375 0.43115234375 0.0322265625 0.1552734375
0 0.7080078125 0.43994140625 0.0283203125 0.1396484375
0 0.790771484375 0.43994140625 0.02978515625 0.1474609375
0 0.828125 0.43408203125 0.044921875 0.2197265625
0 0.336181640625 0.45947265625 0.01025390625 0.0498046875
0 0.34423828125 0.4609375 0.009765625 0.046875
0 0.5146484375 0.46044921875 0.0126953125 0.0615234375
0 0.52734375 0.45849609375 0.013671875 0.0673828125
