0 0.444580078125 0.3662109375 0.00732421875 0.037109375
0 0.526611328125 0.3662109375 0.01123046875 0.0546875
0 0.4140625 0.37060546875 0.0068359375 0.0341796875
0 0.292724609375 0.390625 0.01123046875 0.0546875
0 0.25341796875 0.37744140625 0.005859375 0.0283203125
0 0.264892578125 0.38232421875 0.00537109375 0.0263671875
0 0.28369140625 0.388671875 0.013671875 0.06640625
0 0.2177734375 0.3955078125 0.0126953125 0.0625
0 0.055908203125 0.3974609375 0.01318359375 0.064453125
0 0.061767578125 0.396484375 0.01416015625 0.068359375
0 0.04638671875 0.3955078125 0.01171875 0.056640625
0 0.028076171875 0.40234375 0.01025390625 0.05078125
0 0.505126953125 0.37060546875 0.01416015625 0.0693359375
0 0.455078125 0.37109375 0.01171875 0.05859375
0 0.50732421875 0.3759765625 0.0146484375 0.072265625
0 0.142578125 0.39208984375 0.009765625 0.0478515625
0 0.24658203125 0.392578125 0.0166015625 0.05859375
0 0.27294921875 0.39111328125 0.0126953125 0.0634765625
0 0.280517578125 0.416015625 0.00146484375 0.001953125
