0 0.09912109375 0.34326171875 0.013671875 0.0439453125
0 0.556640625 0.35693359375 0.0087890625 0.0439453125
0 0.716064453125 0.32958984375 0.01123046875 0.0224609375
0 0.73583984375 0.3408203125 0.0166015625 0.033203125
0 0.739013671875 0.3369140625 0.00537109375 0.017578125
0 0.74658203125 0.3349609375 0.009765625 0.03515625
0 0.682373046875 0.341796875 0.01806640625 0.0859375
0 0.707275390625 0.3447265625 0.01025390625 0.0390625
0 0.702880859375 0.36279296875 0.02587890625 0.0791015625
0 0.72021484375 0.35302734375 0.0224609375 0.0517578125
0 0.753662109375 0.3515625 0.01611328125 0.033203125
0 0.78271484375 0.33642578125 0.0166015625 0.0244140625
0 0.74853515625 0.37548828125 0.029296875 0.0869140625
0 0.76904296875 0.37451171875 0.021484375 0.0849609375
0 0.833251953125 0.3359375 0.01318359375 0.017578125
0 0.824462890625 0.33447265625 0.00537109375 0.0205078125
0 0.802734375 0.37451171875 0.025390625 0.0869140625
0 0.82080078125 0.357421875 0.0234375 0.060546875
0 0.8486328125 0.35009765625 0.021484375 0.0224609375
0 0.847900390625 0.361328125 0.01904296875 0.0625
0 0.887451171875 0.34619140625 0.01513671875 0.0517578125
0 0.901123046875 0.3466796875 0.01904296875 0.05078125
0 0.90234375 0.3759765625 0.015625 0.0859375
0 0.915283203125 0.3544921875 0.02294921875 0.046875
0 0.98681640625 0.3544921875 0.0126953125 0.03125
0 0.157958984375 0.369140625 0.00634765625 0.01953125
0 0.63671875 0.369140625 0.02734375 0.134765625
0 0.00439453125 0.3896484375 0.029296875 0.142578125
0 0.052734375 0.34619140625 0.0048828125 0.0224609375
0 0.048583984375 0.36083984375 0.01220703125 0.0517578125
0 0.040283203125 0.3603515625 0.02099609375 0.05078125
0 0.08349609375 0.33642578125 0.015625 0.0771484375
0 0.147216796875 0.4033203125 0.02880859375 0.068359375
0 0.07861328125 0.3701171875 0.009765625 0.0625
0 0.130126953125 0.3447265625 0.02001953125 0.09765625
0 0.13671875 0.3369140625 0.0107421875 0.01953125
0 0.12744140625 0.34375 0.0107421875 0.03125
0 0.1181640625 0.3525390625 0.0166015625 0.044921875
0 0.106689453125 0.35009765625 0.01025390625 0.0185546875
0 0.016357421875 0.3974609375 0.04150390625 0.203125
0 0.090576171875 0.3974609375 0.03076171875 0.107421875
0 0.065673828125 0.3798828125 0.03466796875 0.169921875
0 0.12353515625 0.4013671875 0.025390625 0.078125
0 0.2607421875 0.35888671875 0.0146484375 0.0712890625
0 0.251220703125 0.35986328125 0.01318359375 0.0732421875
0 0.28369140625 0.34619140625 0.0224609375 0.1083984375
0 0.187744140625 0.37060546875 0.03369140625 0.1650390625
0 0.154541015625 0.37255859375 0.03271484375 0.1591796875
0 0.2412109375 0.357421875 0.0283203125 0.138671875
0 0.23779296875 0.3623046875 0.029296875 0.14453125
0 0.270751953125 0.369140625 0.02587890625 0.126953125
0 0.433837890625 0.3525390625 0.01025390625 0.048828125
0 0.537353515625 0.369140625 0.02880859375 0.140625
0 0.47900390625 0.369140625 0.03125 0.15234375
0 0.5302734375 0.36669921875 0.0068359375 0.0322265625
0 0.171875 0.37353515625 0.0263671875 0.0947265625
0 0.174560546875 0.40625 0.00244140625 0.005859375
0 0.196533203125 0.38427734375 0.00927734375 0.0732421875
0 0.20751953125 0.3759765625 0.005859375 0.068359375
0 0.2099609375 0.419921875 0.001953125 0.00390625
0 0.22021484375 0.400390625 0.01171875 0.041015625
0 0.77734375 0.33447265625 0.005859375 0.0185546875
0 0.784423828125 0.3310546875 0.00634765625 0.015625
0 0.870849609375 0.3427734375 0.02197265625 0.037109375
