0 0.595947265625 0.31689453125 0.00146484375 0.0068359375
0 0.560546875 0.3251953125 0.001953125 0.0078125
0 0.58544921875 0.3193359375 0.001953125 0.0078125
0 0.564208984375 0.32275390625 0.00146484375 0.0087890625
0 0.587646484375 0.31689453125 0.00146484375 0.0068359375
0 0.60546875 0.3154296875 0.001953125 0.0078125
0 0.608642578125 0.314453125 0.00146484375 0.0078125
0 0.592041015625 0.31689453125 0.00146484375 0.0087890625
0 0.59375 0.31689453125 0.0009765625 0.0068359375
0 0.8251953125 0.34814453125 0.0126953125 0.0615234375
0 0.816162109375 0.3466796875 0.01318359375 0.0625
0 0.572265625 0.35693359375 0.005859375 0.0263671875
0 0.60205078125 0.4033203125 0.029296875 0.142578125
0 0.57421875 0.40771484375 0.03125 0.1513671875
0 0.5380859375 0.40380859375 0.02734375 0.1337890625
0 0.6142578125 0.31591796875 0.0078125 0.0087890625
0 0.619873046875 0.3125 0.00048828125 0.001953125
0 0.62158203125 0.3154296875 0.0029296875 0.0078125
0 0.630126953125 0.31787109375 0.01025390625 0.0146484375
