0 0.4541015625 0.42041015625 0.00390625 0.0205078125
0 0.4609375 0.42041015625 0.00390625 0.0185546875
0 0.546142578125 0.41064453125 0.00927734375 0.0439453125
0 0.5615234375 0.41064453125 0.0107421875 0.0537109375
0 0.571044921875 0.41259765625 0.01025390625 0.0498046875
0 0.5927734375 0.41064453125 0.0126953125 0.0615234375
0 0.581298828125 0.4091796875 0.01416015625 0.0703125
0 0.68408203125 0.40576171875 0.0263671875 0.1298828125
0 0.695556640625 0.4296875 0.03076171875 0.150390625
0 0.731201171875 0.40478515625 0.03173828125 0.1533203125
0 0.7734375 0.41552734375 0.0380859375 0.1865234375
0 0.80517578125 0.41552734375 0.0341796875 0.1669921875
0 0.808349609375 0.42529296875 0.03759765625 0.1826171875
0 0.87890625 0.4140625 0.0380859375 0.1875
0 0.8505859375 0.42578125 0.03515625 0.169921875
0 0.993408203125 0.41064453125 0.00830078125 0.1357421875
0 0.91748046875 0.42578125 0.03515625 0.169921875
0 0.931396484375 0.44140625 0.04248046875 0.208984375
0 0.918701171875 0.47900390625 0.03271484375 0.1591796875
0 0.984375 0.44384765625 0.033203125 0.1630859375
0 0.96826171875 0.435546875 0.0478515625 0.234375
0 0.36474609375 0.42138671875 0.0029296875 0.0146484375
0 0.292236328125 0.427734375 0.00537109375 0.025390625
0 0.184326171875 0.43505859375 0.00927734375 0.0439453125
0 0.16455078125 0.4296875 0.0107421875 0.052734375
0 0.75927734375 0.43408203125 0.0234375 0.1162109375
0 0.176513671875 0.41943359375 0.00732421875 0.0166015625
0 0.281982421875 0.4296875 0.00732421875 0.02734375
0 0.449462890625 0.4189453125 0.00732421875 0.02734375
0 0.55419921875 0.40283203125 0.0048828125 0.0205078125
0 0.55810546875 0.42822265625 0.001953125 0.0166015625
0 0.9208984375 0.34033203125 0.0009765625 0.0009765625
0 0.926513671875 0.50341796875 0.00732421875 0.0341796875
0 0.931640625 0.533203125 0.0107421875 0.02734375
0 0.931884765625 0.34033203125 0.00830078125 0.0087890625
0 0.947265625 0.42431640625 0.02734375 0.2080078125
0 0.93798828125 0.5498046875 0.0068359375 0.00390625
