0 0.12646484375 0.39599609375 0.005859375 0.0302734375
0 0.15869140625 0.388671875 0.0068359375 0.03125
0 0.16943359375 0.3896484375 0.0068359375 0.033203125
0 0.200439453125 0.39404296875 0.00927734375 0.0458984375
0 0.2080078125 0.396484375 0.0087890625 0.04296875
0 0.216552734375 0.39453125 0.00830078125 0.0390625
0 0.213134765625 0.3935546875 0.00927734375 0.044921875
0 0.239990234375 0.3955078125 0.01025390625 0.048828125
0 0.23779296875 0.3935546875 0.0107421875 0.052734375
0 0.24609375 0.39501953125 0.009765625 0.0478515625
0 0.267822265625 0.4033203125 0.01318359375 0.0625
0 0.2802734375 0.40087890625 0.013671875 0.0673828125
0 0.29541015625 0.3984375 0.0126953125 0.0625
0 0.291748046875 0.3974609375 0.01318359375 0.06640625
0 0.306396484375 0.3984375 0.01318359375 0.0625
0 0.302490234375 0.39990234375 0.01220703125 0.0595703125
0 0.541015625 0.37939453125 0.015625 0.0771484375
0 0.5400390625 0.384765625 0.0146484375 0.0703125
0 0.536865234375 0.4033203125 0.01904296875 0.091796875
0 0.55908203125 0.40087890625 0.0244140625 0.1201171875
0 0.573486328125 0.388671875 0.01708984375 0.083984375
0 0.572021484375 0.4072265625 0.02392578125 0.1171875
0 0.58935546875 0.39892578125 0.013671875 0.0673828125
0 0.602783203125 0.3896484375 0.01708984375 0.083984375
0 0.625732421875 0.41259765625 0.03271484375 0.1611328125
0 0.6220703125 0.42626953125 0.03125 0.1513671875
0 0.978515625 0.48046875 0.083984375 0.41015625
0 0.800537109375 0.376953125 0.02587890625 0.126953125
0 0.90869140625 0.36083984375 0.0244140625 0.1181640625
0 0.899169921875 0.3671875 0.02294921875 0.111328125
0 0.858154296875 0.41748046875 0.04150390625 0.2041015625
0 0.68505859375 0.4169921875 0.041015625 0.201171875
0 0.649169921875 0.421875 0.04052734375 0.19921875
0 0.97802734375 0.46484375 0.12109375 0.591796875
0 0.062255859375 0.3935546875 0.00732421875 0.009765625
0 0.09521484375 0.39453125 0.0546875 0.02734375
0 0.227783203125 0.39013671875 0.01220703125 0.0341796875
