0 0.504638671875 0.37939453125 0.00732421875 0.0341796875
0 0.6513671875 0.37353515625 0.0068359375 0.0322265625
0 0.655517578125 0.37646484375 0.00537109375 0.0263671875
0 0.642822265625 0.3974609375 0.02490234375 0.123046875
0 0.53466796875 0.4013671875 0.0263671875 0.12890625
0 0.540283203125 0.39990234375 0.02880859375 0.1416015625
0 0.545654296875 0.39892578125 0.03369140625 0.1650390625
0 0.587646484375 0.40087890625 0.02783203125 0.1357421875
0 0.575927734375 0.39453125 0.03271484375 0.158203125
0 0.560791015625 0.39892578125 0.03466796875 0.1689453125
0 0.41943359375 0.39892578125 0.0263671875 0.1298828125
0 0.425537109375 0.40478515625 0.02490234375 0.1220703125
0 0.445556640625 0.4267578125 0.02001953125 0.09765625
0 0.4326171875 0.3994140625 0.03125 0.15234375
0 0.3837890625 0.40185546875 0.025390625 0.1220703125
0 0.322509765625 0.3974609375 0.02490234375 0.119140625
0 0.06494140625 0.396484375 0.0107421875 0.05078125
0 0.216552734375 0.4111328125 0.02783203125 0.13671875
0 0.21875 0.41748046875 0.0263671875 0.1279296875
0 0.103515625 0.416015625 0.02734375 0.1328125
0 0.0185546875 0.4228515625 0.0302734375 0.1484375
0 0.673095703125 0.400390625 0.03271484375 0.158203125
0 0.487548828125 0.40478515625 0.03173828125 0.1552734375
0 0.631591796875 0.38330078125 0.01904296875 0.0927734375
0 0.480224609375 0.45263671875 0.01611328125 0.0302734375
0 0.29296875 0.42626953125 0.0244140625 0.0400390625
0 0.18310546875 0.4033203125 0.0185546875 0.091796875
0 0.29931640625 0.392578125 0.01171875 0.033203125
