0 0.085205078125 0.37060546875 0.00927734375 0.0439453125
0 0.211181640625 0.443359375 0.07080078125 0.345703125
0 0.151611328125 0.42578125 0.06103515625 0.298828125
0 0.1669921875 0.43017578125 0.08984375 0.4384765625
0 0.294921875 0.41064453125 0.0595703125 0.2919921875
0 0.3359375 0.42138671875 0.05859375 0.2861328125
0 0.63525390625 0.36279296875 0.0205078125 0.0986328125
0 0.6220703125 0.36669921875 0.0185546875 0.0908203125
0 0.704833984375 0.3525390625 0.02490234375 0.123046875
0 0.7265625 0.35888671875 0.0234375 0.1142578125
0 0.29443359375 0.43798828125 0.0537109375 0.2626953125
0 0.617431640625 0.369140625 0.01806640625 0.087890625
0 0.6474609375 0.36572265625 0.0185546875 0.0908203125
0 0.744873046875 0.35888671875 0.02294921875 0.1123046875
0 0.0712890625 0.37255859375 0.0078125 0.0380859375
0 0.10888671875 0.43408203125 0.0625 0.3037109375
