0 0.277099609375 0.36962890625 0.00439453125 0.0224609375
0 0.592529296875 0.3330078125 0.00439453125 0.021484375
0 0.627685546875 0.32275390625 0.00439453125 0.0048828125
0 0.6611328125 0.32861328125 0.0048828125 0.0224609375
0 0.685791015625 0.3291015625 0.00439453125 0.021484375
0 0.69140625 0.32958984375 0.0029296875 0.0146484375
0 0.87548828125 0.400390625 0.017578125 0.0859375
0 0.8837890625 0.3994140625 0.017578125 0.0859375
0 0.03369140625 0.38134765625 0.0068359375 0.0322265625
0 0.025634765625 0.3857421875 0.00634765625 0.03125
0 0.99951171875 0.4990234375 0.0830078125 0.40234375
0 0.790771484375 0.45751953125 0.07373046875 0.3583984375
0 0.859375 0.484375 0.0625 0.3046875
0 0.66015625 0.3876953125 0.00390625 0.01953125
0 0.69091796875 0.388671875 0.0048828125 0.021484375
0 0.6865234375 0.390625 0.0048828125 0.0234375
0 0.715087890625 0.39501953125 0.01123046875 0.0556640625
0 0.704345703125 0.400390625 0.01025390625 0.048828125
0 0.6474609375 0.39111328125 0.0048828125 0.0244140625
0 0.6416015625 0.39306640625 0.0048828125 0.0244140625
0 0.539794921875 0.392578125 0.00634765625 0.03125
0 0.531982421875 0.39111328125 0.00732421875 0.0361328125
0 0.485595703125 0.3935546875 0.00830078125 0.041015625
0 0.4375 0.40185546875 0.01171875 0.0576171875
0 0.478515625 0.427734375 0.01953125 0.095703125
0 0.457275390625 0.42626953125 0.02099609375 0.1005859375
0 0.429931640625 0.4033203125 0.01025390625 0.05078125
0 0.435791015625 0.4248046875 0.02197265625 0.10546875
0 0.414306640625 0.4326171875 0.01904296875 0.09375
0 0.358642578125 0.41650390625 0.01611328125 0.0771484375
0 0.329833984375 0.40771484375 0.01806640625 0.0888671875
0 0.297607421875 0.416015625 0.02490234375 0.12109375
0 0.28271484375 0.4287109375 0.0185546875 0.091796875
0 0.25048828125 0.4169921875 0.0224609375 0.111328125
0 0.28466796875 0.3671875 0.0078125 0.021484375
0 0.29052734375 0.3681640625 0.0009765625 0.015625
0 0.67919921875 0.32177734375 0.0078125 0.0068359375
