0 0.457763671875 0.15869140625 0.01123046875 0.0537109375
0 0.11474609375 0.34375 0.0048828125 0.0234375
0 0.491943359375 0.17578125 0.01123046875 0.0546875
0 0.119140625 0.3447265625 0.005859375 0.029296875
0 0.180908203125 0.34375 0.00634765625 0.029296875
0 0.187744140625 0.34619140625 0.00537109375 0.0263671875
0 0.19482421875 0.3486328125 0.0048828125 0.0234375
0 0.150634765625 0.42578125 0.02880859375 0.142578125
0 0.202880859375 0.41943359375 0.02392578125 0.1181640625
0 0.2470703125 0.43798828125 0.0283203125 0.1396484375
0 0.240966796875 0.4423828125 0.02978515625 0.14453125
0 0.166259765625 0.4560546875 0.04052734375 0.10546875
0 0.424072265625 0.39013671875 0.00048828125 0.0009765625
0 0.422119140625 0.40283203125 0.00537109375 0.0263671875
0 0.4345703125 0.40673828125 0.0048828125 0.0244140625
0 0.84375 0.4150390625 0.0224609375 0.109375
0 0.15771484375 0.3447265625 0.0078125 0.029296875
0 0.2021484375 0.34912109375 0.0068359375 0.0244140625
0 0.475341796875 0.4013671875 0.00244140625 0.001953125
0 0.647216796875 0.39599609375 0.00732421875 0.0244140625
