0 0.55908203125 0.35791015625 0.005859375 0.0302734375
0 0.548583984375 0.35693359375 0.00732421875 0.0322265625
0 0.54150390625 0.35888671875 0.0068359375 0.0322265625
0 0.834716796875 0.38818359375 0.02978515625 0.1455078125
0 0.94384765625 0.38427734375 0.0517578125 0.2529296875
0 0.499267578125 0.361328125 0.00634765625 0.03125
0 0.45458984375 0.37060546875 0.0068359375 0.0322265625
0 0.33935546875 0.400390625 0.0185546875 0.091796875
0 0.227783203125 0.40966796875 0.02392578125 0.1142578125
0 0.18798828125 0.419921875 0.029296875 0.142578125
0 0.0224609375 0.4150390625 0.0390625 0.19140625
0 0.540283203125 0.4072265625 0.01708984375 0.08203125
0 0.415771484375 0.3916015625 0.01220703125 0.060546875
0 0.3935546875 0.40283203125 0.0205078125 0.0986328125
0 0.26025390625 0.4521484375 0.04296875 0.208984375
0 0.38232421875 0.37548828125 0.01953125 0.0517578125
0 0.41064453125 0.3720703125 0.0244140625 0.04296875
0 0.4130859375 0.3896484375 0.001953125 0.001953125
0 0.46728515625 0.369140625 0.009765625 0.029296875
