0 0.64013671875 0.3564453125 0.001953125 0.009765625
0 0.63671875 0.35693359375 0.001953125 0.0107421875
0 0.50439453125 0.3759765625 0.00390625 0.01953125
0 0.45751953125 0.20849609375 0.0107421875 0.0517578125
0 0.4541015625 0.2109375 0.0107421875 0.05078125
0 0.196044921875 0.22412109375 0.01025390625 0.0498046875
0 0.005859375 0.42626953125 0.0205078125 0.1005859375
0 0.731689453125 0.38330078125 0.00732421875 0.0341796875
0 0.867431640625 0.35693359375 0.01123046875 0.0556640625
0 0.341552734375 0.396484375 0.03369140625 0.1640625
0 0.513427734375 0.37890625 0.00439453125 0.021484375
0 0.638671875 0.4072265625 0.0068359375 0.029296875
