0 0.269287109375 0.38232421875 0.01123046875 0.0537109375
0 0.26318359375 0.3837890625 0.01171875 0.05859375
0 0.2900390625 0.3798828125 0.0126953125 0.0625
0 0.029296875 0.3681640625 0.0068359375 0.03125
0 0.169189453125 0.3857421875 0.01025390625 0.048828125
0 0.152587890625 0.3857421875 0.01123046875 0.0546875
0 0.644287109375 0.392578125 0.01904296875 0.09375
0 0.5888671875 0.37939453125 0.013671875 0.0654296875
0 0.610595703125 0.39306640625 0.02099609375 0.1025390625
0 0.60400390625 0.39453125 0.025390625 0.123046875
0 0.682861328125 0.384765625 0.02783203125 0.134765625
0 0.65966796875 0.39111328125 0.0263671875 0.1298828125
0 0.659423828125 0.3935546875 0.02880859375 0.140625
0 0.71337890625 0.39892578125 0.0263671875 0.1279296875
0 0.69140625 0.3935546875 0.029296875 0.142578125
0 0.629150390625 0.39697265625 0.02490234375 0.1220703125
0 0.30517578125 0.39013671875 0.0146484375 0.0712890625
0 0.336669921875 0.3916015625 0.01416015625 0.068359375
0 0.362060546875 0.38671875 0.01025390625 0.05078125
0 0.529541015625 0.38720703125 0.01220703125 0.0595703125
0 0.54296875 0.384765625 0.0166015625 0.080078125
0 0.525146484375 0.390625 0.01611328125 0.078125
0 0.54541015625 0.388671875 0.0166015625 0.08203125
0 0.53369140625 0.39404296875 0.0166015625 0.0810546875
0 0.53271484375 0.39990234375 0.017578125 0.0849609375
0 0.558349609375 0.390625 0.01416015625 0.068359375
0 0.552978515625 0.3916015625 0.01513671875 0.07421875
0 0.568115234375 0.38525390625 0.01513671875 0.0732421875
0 0.572509765625 0.38916015625 0.01904296875 0.0908203125
0 0.406982421875 0.38720703125 0.01220703125 0.0595703125
0 0.41357421875 0.3857421875 0.0126953125 0.0625
0 0.351806640625 0.38427734375 0.01513671875 0.0732421875
0 0.35400390625 0.38427734375 0.015625 0.0751953125
0 0.37841796875 0.38525390625 0.0126953125 0.0615234375
0 0.397216796875 0.3857421875 0.01123046875 0.056640625
0 0.40185546875 0.38671875 0.0166015625 0.080078125
0 0.3857421875 0.3798828125 0.013671875 0.064453125
0 0.389404296875 0.3828125 0.01416015625 0.0703125
0 0.3759765625 0.3857421875 0.015625 0.076171875
0 0.194091796875 0.38623046875 0.01318359375 0.0634765625
0 0.185546875 0.38671875 0.013671875 0.06640625
0 0.181640625 0.3876953125 0.0126953125 0.0625
0 0.17431640625 0.384765625 0.0107421875 0.052734375
0 0.1787109375 0.38818359375 0.0126953125 0.0615234375
0 0.256103515625 0.38671875 0.01318359375 0.064453125
0 0.248291015625 0.38330078125 0.01416015625 0.0693359375
0 0.244873046875 0.38818359375 0.01513671875 0.0732421875
0 0.229736328125 0.36376953125 0.00634765625 0.0302734375
0 0.234619140625 0.38916015625 0.01318359375 0.0634765625
0 0.20947265625 0.37890625 0.0107421875 0.052734375
0 0.2197265625 0.388671875 0.0146484375 0.0703125
0 0.208740234375 0.38818359375 0.01513671875 0.0751953125
0 0.123779296875 0.3818359375 0.01318359375 0.064453125
0 0.145751953125 0.384765625 0.01220703125 0.05859375
0 0.0947265625 0.3720703125 0.009765625 0.021484375
