0 0.7578125 0.390625 0.017578125 0.0859375
0 0.713134765625 0.3857421875 0.01611328125 0.080078125
0 0.691650390625 0.3876953125 0.01416015625 0.0703125
0 0.605712890625 0.3759765625 0.01123046875 0.052734375
0 0.458984375 0.3798828125 0.0087890625 0.04296875
0 0.656494140625 0.396484375 0.02880859375 0.140625
0 0.39111328125 0.38525390625 0.015625 0.0771484375
0 0.39013671875 0.38818359375 0.013671875 0.0654296875
0 0.297607421875 0.39892578125 0.03857421875 0.1884765625
0 0.17822265625 0.4521484375 0.0966796875 0.47265625
0 0.5947265625 0.37353515625 0.0107421875 0.0458984375
