0 0.42236328125 0.40478515625 0.0126953125 0.0498046875
0 0.250732421875 0.3994140625 0.00634765625 0.0390625
0 0.408447265625 0.42138671875 0.02099609375 0.0712890625
0 0.3671875 0.40576171875 0.0244140625 0.1181640625
0 0.267333984375 0.39794921875 0.00927734375 0.0400390625
0 0.321533203125 0.392578125 0.01318359375 0.03515625
0 0.132080078125 0.3916015625 0.00634765625 0.021484375
0 0.316162109375 0.4052734375 0.01806640625 0.05078125
0 0.259033203125 0.4033203125 0.02001953125 0.037109375
0 0.134033203125 0.42333984375 0.01513671875 0.0771484375
0 0.22607421875 0.42431640625 0.017578125 0.0830078125
0 0.20751953125 0.421875 0.01953125 0.08203125
0 0.1826171875 0.41455078125 0.0244140625 0.0576171875
0 0.1513671875 0.41357421875 0.0224609375 0.0576171875
0 0.125 0.42626953125 0.017578125 0.0830078125
0 0.09912109375 0.39697265625 0.0107421875 0.0244140625
0 0.09619140625 0.40771484375 0.0185546875 0.0458984375
0 0.072021484375 0.40185546875 0.01318359375 0.0263671875
0 0.4755859375 0.4423828125 0.0478515625 0.234375
