0 0.58642578125 0.30419921875 0.001953125 0.0087890625
0 0.589599609375 0.3037109375 0.00146484375 0.005859375
0 0.5947265625 0.30419921875 0.0009765625 0.0068359375
0 0.59716796875 0.3046875 0.0009765625 0.005859375
0 0.513427734375 0.3134765625 0.00146484375 0.0078125
0 0.506103515625 0.31298828125 0.00146484375 0.0087890625
0 0.498291015625 0.31396484375 0.00244140625 0.0107421875
0 0.492919921875 0.31494140625 0.00146484375 0.0087890625
0 0.4814453125 0.314453125 0.001953125 0.009765625
0 0.478515625 0.31591796875 0.001953125 0.0107421875
0 0.434326171875 0.326171875 0.00244140625 0.01171875
0 0.4365234375 0.32568359375 0.001953125 0.0107421875
0 0.432373046875 0.3359375 0.00244140625 0.013671875
0 0.423583984375 0.35205078125 0.00244140625 0.0107421875
0 0.4208984375 0.36083984375 0.00390625 0.0185546875
0 0.41796875 0.3681640625 0.0029296875 0.013671875
0 0.412109375 0.37109375 0.0029296875 0.015625
0 0.40966796875 0.37158203125 0.0029296875 0.0146484375
0 0.40771484375 0.3701171875 0.0029296875 0.015625
0 0.4052734375 0.369140625 0.00390625 0.01953125
0 0.402587890625 0.37109375 0.00341796875 0.017578125
0 0.399658203125 0.37158203125 0.00244140625 0.0126953125
0 0.390869140625 0.36572265625 0.00146484375 0.0087890625
0 0.39208984375 0.36962890625 0.0029296875 0.0126953125
0 0.39404296875 0.3720703125 0.0029296875 0.013671875
0 0.44189453125 0.369140625 0.0029296875 0.015625
0 0.44091796875 0.3701171875 0.0029296875 0.013671875
0 0.439697265625 0.3720703125 0.00244140625 0.013671875
0 0.43701171875 0.3681640625 0.00390625 0.017578125
0 0.460205078125 0.39208984375 0.00537109375 0.0263671875
0 0.44677734375 0.39111328125 0.0068359375 0.0322265625
0 0.868408203125 0.37890625 0.00439453125 0.01953125
0 0.8779296875 0.37744140625 0.00390625 0.0205078125
0 0.8984375 0.3798828125 0.0029296875 0.015625
0 0.90087890625 0.37890625 0.00390625 0.01953125
0 0.889404296875 0.37939453125 0.00439453125 0.0205078125
0 0.90673828125 0.37890625 0.00390625 0.01953125
0 0.910400390625 0.3779296875 0.00439453125 0.01953125
0 0.93505859375 0.384765625 0.005859375 0.02734375
0 0.943603515625 0.3818359375 0.00439453125 0.021484375
0 0.607666015625 0.40380859375 0.01416015625 0.0693359375
0 0.54248046875 0.40966796875 0.0205078125 0.1005859375
0 0.58984375 0.4150390625 0.029296875 0.142578125
0 0.5693359375 0.416015625 0.037109375 0.181640625
0 0.884521484375 0.37890625 0.00439453125 0.021484375
0 0.57177734375 0.30322265625 0.00390625 0.0048828125
0 0.580322265625 0.30322265625 0.00830078125 0.0048828125
