0 0.2294921875 0.41552734375 0.0126953125 0.0634765625
0 0.21923828125 0.41845703125 0.01171875 0.0576171875
0 0.250732421875 0.4189453125 0.01416015625 0.068359375
0 0.259521484375 0.41796875 0.01513671875 0.072265625
0 0.272216796875 0.4267578125 0.01220703125 0.060546875
0 0.267333984375 0.42041015625 0.01513671875 0.0751953125
0 0.274169921875 0.43017578125 0.01416015625 0.0712890625
0 0.289794921875 0.41552734375 0.01416015625 0.0673828125
0 0.299560546875 0.416015625 0.01416015625 0.0703125
0 0.31201171875 0.41259765625 0.015625 0.0751953125
0 0.31689453125 0.41552734375 0.0126953125 0.0615234375
0 0.427490234375 0.4150390625 0.01513671875 0.07421875
0 0.417724609375 0.41552734375 0.01513671875 0.0732421875
0 0.40771484375 0.4169921875 0.0146484375 0.072265625
0 0.626708984375 0.40283203125 0.01806640625 0.0869140625
0 0.611572265625 0.4052734375 0.01708984375 0.083984375
0 0.510009765625 0.40576171875 0.01513671875 0.0751953125
0 0.75341796875 0.39501953125 0.01953125 0.0966796875
0 0.771728515625 0.3935546875 0.02099609375 0.1015625
0 0.9111328125 0.39013671875 0.0205078125 0.0986328125
0 0.92431640625 0.39794921875 0.0185546875 0.0888671875
0 0.990966796875 0.625 0.01318359375 0.029296875
0 0.147705078125 0.44140625 0.05517578125 0.26953125
0 0.035888671875 0.4580078125 0.05224609375 0.25390625
0 0.005126953125 0.529296875 0.00439453125 0.130859375
0 0.177490234375 0.4677734375 0.05712890625 0.279296875
0 0.165771484375 0.46435546875 0.06787109375 0.3291015625
0 0.1240234375 0.4609375 0.0908203125 0.443359375
0 0.076904296875 0.47705078125 0.08837890625 0.4287109375
0 0.490478515625 0.4990234375 0.08349609375 0.408203125
0 0.67041015625 0.4033203125 0.0234375 0.115234375
0 0.878173828125 0.404296875 0.02294921875 0.111328125
0 0.854736328125 0.37890625 0.05029296875 0.24609375
0 0.821533203125 0.3994140625 0.05224609375 0.255859375
