0 0.5087890625 0.376953125 0.0107421875 0.05078125
0 0.629638671875 0.41943359375 0.03564453125 0.1728515625
0 0.79296875 0.39990234375 0.03515625 0.1728515625
0 0.77490234375 0.40478515625 0.0341796875 0.1669921875
0 0.833984375 0.39208984375 0.0390625 0.1904296875
0 0.64697265625 0.408203125 0.044921875 0.21875
0 0.582763671875 0.4150390625 0.04052734375 0.19921875
0 0.529296875 0.42333984375 0.0400390625 0.1943359375
0 0.4599609375 0.380859375 0.0107421875 0.052734375
0 0.2861328125 0.421875 0.037109375 0.181640625
0 0.27490234375 0.42138671875 0.03515625 0.1708984375
0 0.288330078125 0.42724609375 0.03857421875 0.1865234375
0 0.61181640625 0.37744140625 0.009765625 0.0478515625
0 0.576416015625 0.37451171875 0.01220703125 0.0595703125
0 0.6201171875 0.3740234375 0.009765625 0.046875
0 0.34326171875 0.37646484375 0.0107421875 0.0517578125
0 0.4228515625 0.37548828125 0.0107421875 0.0537109375
0 0.66455078125 0.37451171875 0.009765625 0.0478515625
