0 0.767822265625 0.3935546875 0.00732421875 0.013671875
0 0.779541015625 0.39794921875 0.00830078125 0.0205078125
0 0.818603515625 0.38916015625 0.01220703125 0.0595703125
0 0.811279296875 0.39208984375 0.01123046875 0.0556640625
0 0.831298828125 0.3837890625 0.01416015625 0.068359375
0 0.84912109375 0.37841796875 0.0185546875 0.0908203125
0 0.83447265625 0.38525390625 0.017578125 0.0849609375
0 0.86181640625 0.37841796875 0.017578125 0.0869140625
0 0.859619140625 0.3994140625 0.02587890625 0.125
0 0.87744140625 0.37939453125 0.0146484375 0.0712890625
0 0.892578125 0.3818359375 0.0126953125 0.060546875
0 0.899658203125 0.38037109375 0.01416015625 0.0712890625
0 0.881103515625 0.3779296875 0.01513671875 0.07421875
0 0.914794921875 0.375 0.01904296875 0.09375
0 0.9287109375 0.38330078125 0.01953125 0.0947265625
0 0.94580078125 0.37890625 0.01953125 0.095703125
0 0.938720703125 0.3837890625 0.02001953125 0.09765625
0 0.953857421875 0.38232421875 0.01708984375 0.0849609375
0 0.962890625 0.37744140625 0.01953125 0.0966796875
0 0.9658203125 0.3818359375 0.021484375 0.103515625
0 0.95361328125 0.38720703125 0.0224609375 0.1083984375
0 0.998046875 0.37451171875 0.0166015625 0.0810546875
0 0.98828125 0.37255859375 0.015625 0.0771484375
0 0.97216796875 0.4033203125 0.0302734375 0.146484375
0 0.979248046875 0.40576171875 0.03271484375 0.1591796875
0 0.885986328125 0.40771484375 0.02490234375 0.1201171875
0 0.69775390625 0.400390625 0.0087890625 0.041015625
0 0.650390625 0.40185546875 0.0078125 0.0380859375
0 0.628662109375 0.40185546875 0.00830078125 0.0400390625
0 0.621826171875 0.3994140625 0.00927734375 0.044921875
0 0.60791015625 0.40283203125 0.0078125 0.0380859375
0 0.60107421875 0.40087890625 0.0068359375 0.0322265625
0 0.594970703125 0.39990234375 0.00732421875 0.0361328125
0 0.587158203125 0.40380859375 0.00830078125 0.0400390625
0 0.593505859375 0.40771484375 0.00732421875 0.0341796875
0 0.595947265625 0.41064453125 0.00439453125 0.0224609375
0 0.349609375 0.42236328125 0.005859375 0.0263671875
0 0.342529296875 0.42333984375 0.00634765625 0.0322265625
0 0.334228515625 0.42822265625 0.00439453125 0.0205078125
0 0.328857421875 0.4296875 0.00341796875 0.017578125
0 0.325439453125 0.4287109375 0.00439453125 0.01953125
0 0.314453125 0.4228515625 0.005859375 0.02734375
0 0.31884765625 0.4208984375 0.0068359375 0.03515625
0 0.296875 0.4228515625 0.0068359375 0.033203125
0 0.30126953125 0.4140625 0.0107421875 0.05078125
0 0.310302734375 0.42138671875 0.00732421875 0.0361328125
0 0.286865234375 0.42333984375 0.00732421875 0.0341796875
0 0.27685546875 0.41455078125 0.0107421875 0.0517578125
0 0.22412109375 0.4228515625 0.0078125 0.037109375
0 0.232177734375 0.41650390625 0.01025390625 0.0498046875
0 0.2412109375 0.412109375 0.01171875 0.05859375
0 0.212890625 0.41845703125 0.009765625 0.0478515625
0 0.19677734375 0.41845703125 0.009765625 0.0478515625
0 0.185791015625 0.4169921875 0.01708984375 0.083984375
0 0.174072265625 0.41552734375 0.01806640625 0.0869140625
0 0.14306640625 0.41796875 0.0107421875 0.052734375
0 0.16064453125 0.44091796875 0.0263671875 0.1298828125
0 0.15087890625 0.43994140625 0.0283203125 0.1376953125
0 0.128173828125 0.4150390625 0.01318359375 0.064453125
0 0.131591796875 0.43896484375 0.01416015625 0.0712890625
0 0.06201171875 0.4150390625 0.0126953125 0.0625
0 0.09619140625 0.408203125 0.0146484375 0.072265625
0 0.113037109375 0.42626953125 0.02099609375 0.1044921875
0 0.104736328125 0.45068359375 0.03173828125 0.1552734375
0 0.09912109375 0.45556640625 0.033203125 0.1611328125
0 0.0732421875 0.45361328125 0.033203125 0.1611328125
0 0.03955078125 0.416015625 0.01953125 0.09765625
0 0.042724609375 0.42431640625 0.01904296875 0.0947265625
0 0.001220703125 0.4248046875 0.01513671875 0.072265625
0 0.02001953125 0.42138671875 0.01953125 0.0947265625
0 0.755859375 0.3916015625 0.0048828125 0.013671875
0 0.751708984375 0.39501953125 0.01123046875 0.0166015625
0 0.906982421875 0.3798828125 0.01513671875 0.07421875
0 0.342041015625 0.4267578125 0.01025390625 0.015625
0 0.238037109375 0.42822265625 0.00439453125 0.0205078125
0 0.244384765625 0.44091796875 0.00048828125 0.0009765625
0 0.2744140625 0.43115234375 0.0029296875 0.0205078125
0 0.27685546875 0.4384765625 0.0009765625 0.005859375
0 0.282958984375 0.43603515625 0.00341796875 0.0107421875
0 0.285400390625 0.44091796875 0.00048828125 0.0009765625
0 0.29296875 0.43359375 0.0048828125 0.013671875
0 0.300537109375 0.439453125 0.00146484375 0.001953125
0 0.30517578125 0.423828125 0.0068359375 0.033203125
0 0.6337890625 0.4013671875 0.0087890625 0.046875
0 0.6689453125 0.40234375 0.017578125 0.041015625
0 0.825927734375 0.39111328125 0.00830078125 0.0615234375
0 0.842529296875 0.39404296875 0.00537109375 0.0439453125
0 0.8427734375 0.35205078125 0.0048828125 0.0146484375
