0 0.13232421875 0.37109375 0.01953125 0.095703125
0 0.228759765625 0.38232421875 0.01318359375 0.0654296875
0 0.45263671875 0.38818359375 0.0068359375 0.0341796875
0 0.587646484375 0.3759765625 0.01220703125 0.05859375
0 0.66357421875 0.4326171875 0.0458984375 0.224609375
0 0.709228515625 0.41943359375 0.04833984375 0.2373046875
0 0.685546875 0.423828125 0.0478515625 0.232421875
0 0.377685546875 0.39599609375 0.00830078125 0.0380859375
0 0.235595703125 0.38330078125 0.01318359375 0.0654296875
0 0.399169921875 0.390625 0.01220703125 0.05859375
0 0.263916015625 0.36767578125 0.01416015625 0.0146484375
