0 0.2275390625 0.44189453125 0.0205078125 0.1005859375
0 0.2470703125 0.41943359375 0.0068359375 0.0341796875
0 0.521484375 0.43408203125 0.0322265625 0.1591796875
0 0.548828125 0.431640625 0.0322265625 0.158203125
0 0.581298828125 0.4501953125 0.05810546875 0.28515625
0 0.76708984375 0.431640625 0.0595703125 0.291015625
0 0.64306640625 0.45263671875 0.0693359375 0.3369140625
0 0.708251953125 0.44287109375 0.05126953125 0.2490234375
0 0.75537109375 0.44970703125 0.0576171875 0.2822265625
0 0.7705078125 0.45556640625 0.0625 0.3037109375
0 0.58837890625 0.46044921875 0.060546875 0.2939453125
0 0.54833984375 0.431640625 0.0341796875 0.16796875
0 0.251220703125 0.4208984375 0.00732421875 0.03515625
0 0.30126953125 0.41748046875 0.0087890625 0.0419921875
