0 0.2021484375 0.3916015625 0.0205078125 0.09765625
0 0.264404296875 0.39599609375 0.01611328125 0.0791015625
0 0.272705078125 0.39697265625 0.01513671875 0.0751953125
0 0.558349609375 0.41845703125 0.01513671875 0.0732421875
0 0.672607421875 0.40576171875 0.01416015625 0.0712890625
0 0.994140625 0.38671875 0.041015625 0.201171875
0 0.25634765625 0.39892578125 0.015625 0.0771484375
0 0.286376953125 0.416015625 0.02490234375 0.123046875
0 0.651611328125 0.37646484375 0.00244140625 0.0087890625
0 0.65185546875 0.38916015625 0.001953125 0.0048828125
0 0.662841796875 0.3837890625 0.01416015625 0.044921875
0 0.66748046875 0.43017578125 0.00390625 0.0205078125
0 0.66748046875 0.41552734375 0.001953125 0.0068359375
