0 0.621337890625 0.38671875 0.01025390625 0.05078125
0 0.66064453125 0.37841796875 0.0087890625 0.0419921875
0 0.663330078125 0.384765625 0.01025390625 0.05078125
0 0.669921875 0.38330078125 0.0126953125 0.0634765625
0 0.656494140625 0.38818359375 0.01611328125 0.0791015625
0 0.671875 0.38623046875 0.0146484375 0.0712890625
0 0.689697265625 0.3837890625 0.01220703125 0.060546875
0 0.71630859375 0.384765625 0.0146484375 0.072265625
0 0.70654296875 0.39013671875 0.017578125 0.0869140625
0 0.726806640625 0.3828125 0.01708984375 0.08203125
0 0.781982421875 0.37353515625 0.01513671875 0.0732421875
0 0.83447265625 0.37890625 0.02734375 0.1328125
0 0.88330078125 0.43212890625 0.029296875 0.0224609375
0 0.92041015625 0.39111328125 0.033203125 0.1630859375
0 0.7509765625 0.39111328125 0.033203125 0.1611328125
0 0.754638671875 0.41357421875 0.03662109375 0.1787109375
0 0.735595703125 0.43212890625 0.02783203125 0.1376953125
0 0.74560546875 0.4375 0.0283203125 0.138671875
0 0.99365234375 0.4208984375 0.0478515625 0.234375
0 0.247802734375 0.40771484375 0.00830078125 0.0419921875
0 0.15966796875 0.419921875 0.0107421875 0.05078125
0 0.70361328125 0.40478515625 0.03125 0.1533203125
0 0.1689453125 0.41845703125 0.0146484375 0.0693359375
0 0.595458984375 0.40087890625 0.02197265625 0.1064453125
0 0.56640625 0.41015625 0.025390625 0.125
