0 0.504638671875 0.41455078125 0.00341796875 0.0185546875
0 0.58642578125 0.41015625 0.0107421875 0.052734375
0 0.641845703125 0.4130859375 0.00927734375 0.044921875
0 0.617919921875 0.4091796875 0.00927734375 0.046875
0 0.61962890625 0.4130859375 0.0087890625 0.04296875
0 0.603515625 0.41064453125 0.009765625 0.0478515625
0 0.720947265625 0.40673828125 0.01025390625 0.0498046875
0 0.759033203125 0.4052734375 0.00634765625 0.03125
0 0.768798828125 0.4013671875 0.00634765625 0.03125
0 0.774169921875 0.4013671875 0.00634765625 0.03125
0 0.80029296875 0.39794921875 0.0107421875 0.0537109375
0 0.96484375 0.396484375 0.0205078125 0.1015625
0 0.491943359375 0.416015625 0.00927734375 0.044921875
0 0.4853515625 0.41357421875 0.0107421875 0.0517578125
0 0.46923828125 0.41845703125 0.0078125 0.0380859375
0 0.46484375 0.41748046875 0.009765625 0.0458984375
0 0.4580078125 0.41748046875 0.0087890625 0.0439453125
0 0.450439453125 0.41455078125 0.01025390625 0.0498046875
0 0.443115234375 0.416015625 0.01025390625 0.052734375
0 0.422119140625 0.41748046875 0.01025390625 0.0498046875
0 0.432373046875 0.41796875 0.01025390625 0.05078125
0 0.259765625 0.42578125 0.0068359375 0.033203125
0 0.245849609375 0.4248046875 0.00732421875 0.03515625
0 0.146240234375 0.42431640625 0.01416015625 0.0693359375
0 0.160888671875 0.427734375 0.01513671875 0.072265625
0 0.15283203125 0.42431640625 0.0146484375 0.0732421875
0 0.168212890625 0.42578125 0.01513671875 0.07421875
0 0.788330078125 0.3984375 0.01123046875 0.056640625
0 0.4462890625 0.41552734375 0.0107421875 0.0517578125
0 0.13623046875 0.42578125 0.0126953125 0.060546875
0 0.177734375 0.4306640625 0.0107421875 0.072265625
0 0.18310546875 0.46533203125 0.001953125 0.0029296875
0 0.189208984375 0.42529296875 0.00537109375 0.0478515625
0 0.197265625 0.43359375 0.0068359375 0.068359375
0 0.420654296875 0.400390625 0.00244140625 0.00390625
0 0.427734375 0.43115234375 0.0068359375 0.0244140625
0 0.427978515625 0.40234375 0.00537109375 0.021484375
0 0.62744140625 0.421875 0.0009765625 0.009765625
0 0.6318359375 0.4091796875 0.0068359375 0.0234375
