0 0.140380859375 0.4287109375 0.02587890625 0.056640625
0 0.199951171875 0.4130859375 0.01611328125 0.078125
0 0.251220703125 0.41162109375 0.01123046875 0.0537109375
0 0.24560546875 0.41064453125 0.0126953125 0.0615234375
0 0.25634765625 0.4091796875 0.01171875 0.05859375
0 0.270263671875 0.40576171875 0.00927734375 0.0458984375
0 0.282470703125 0.40771484375 0.01220703125 0.0576171875
0 0.323974609375 0.40185546875 0.00830078125 0.0400390625
0 0.587158203125 0.39306640625 0.00830078125 0.0400390625
0 0.73876953125 0.39697265625 0.0205078125 0.0986328125
0 0.185546875 0.40087890625 0.0166015625 0.0791015625
0 0.216064453125 0.40771484375 0.01416015625 0.0693359375
