0 0.158935546875 0.37744140625 0.01123046875 0.0537109375
0 0.00634765625 0.37646484375 0.0166015625 0.0810546875
0 0.951416015625 0.0546875 0.02001953125 0.05859375
0 0.989990234375 0.048828125 0.01513671875 0.04296875
0 0.97509765625 0.04931640625 0.0224609375 0.0478515625
0 0.574951171875 0.28125 0.00634765625 0.03125
0 0.862060546875 0.103515625 0.01025390625 0.0234375
0 0.834228515625 0.095703125 0.01123046875 0.0234375
0 0.89111328125 0.06591796875 0.0185546875 0.0478515625
0 0.90478515625 0.06201171875 0.01953125 0.0458984375
0 0.980712890625 0.390625 0.06201171875 0.302734375
0 0.8046875 0.103515625 0.013671875 0.060546875
0 0.81884765625 0.10205078125 0.0205078125 0.0576171875
0 0.79345703125 0.1103515625 0.01171875 0.056640625
0 0.88720703125 0.40478515625 0.0478515625 0.2353515625
0 0.782470703125 0.4189453125 0.05322265625 0.2578125
0 0.739013671875 0.4404296875 0.05517578125 0.267578125
0 0.67333984375 0.43408203125 0.0537109375 0.2626953125
0 0.05859375 0.44677734375 0.0498046875 0.2431640625
0 0.037353515625 0.43701171875 0.05419921875 0.2646484375
0 0.190185546875 0.443359375 0.04931640625 0.2421875
0 0.205078125 0.44189453125 0.048828125 0.2392578125
0 0.10498046875 0.455078125 0.0537109375 0.26171875
0 0.3486328125 0.41943359375 0.056640625 0.2763671875
0 0.353515625 0.4375 0.05078125 0.248046875
0 0.362548828125 0.24072265625 0.00537109375 0.0263671875
0 0.36669921875 0.240234375 0.0048828125 0.0234375
0 0.44921875 0.42724609375 0.0625 0.3037109375
0 0.508544921875 0.4482421875 0.05126953125 0.25
0 0.8505859375 0.36767578125 0.0576171875 0.2802734375
0 0.898193359375 0.40625 0.07861328125 0.3828125
0 0.35400390625 0.2626953125 0.0048828125 0.0078125
0 0.355712890625 0.240234375 0.00732421875 0.01171875
