0 0.6376953125 0.37548828125 0.005859375 0.0302734375
0 0.7216796875 0.37939453125 0.0078125 0.0380859375
0 0.72802734375 0.37841796875 0.0078125 0.0400390625
0 0.73486328125 0.384765625 0.0107421875 0.052734375
0 0.748046875 0.3779296875 0.0087890625 0.041015625
0 0.759033203125 0.375 0.00732421875 0.03515625
0 0.755859375 0.37841796875 0.0107421875 0.0517578125
0 0.775146484375 0.37548828125 0.00830078125 0.0400390625
0 0.769775390625 0.37744140625 0.00927734375 0.0439453125
0 0.77783203125 0.380859375 0.0078125 0.0390625
0 0.796630859375 0.37939453125 0.01025390625 0.0498046875
0 0.849365234375 0.3935546875 0.01708984375 0.083984375
0 0.86474609375 0.38623046875 0.0126953125 0.0595703125
0 0.877197265625 0.384765625 0.01220703125 0.060546875
0 0.869873046875 0.38720703125 0.01513671875 0.0712890625
0 0.890869140625 0.369140625 0.01123046875 0.0546875
0 0.8837890625 0.38232421875 0.015625 0.0771484375
0 0.9033203125 0.37255859375 0.01171875 0.0576171875
0 0.910400390625 0.3740234375 0.01123046875 0.0546875
0 0.916015625 0.36865234375 0.01171875 0.0556640625
0 0.913330078125 0.37451171875 0.01220703125 0.0595703125
0 0.9248046875 0.36572265625 0.01171875 0.0576171875
0 0.935791015625 0.36962890625 0.01220703125 0.0595703125
0 0.9609375 0.359375 0.01171875 0.056640625
0 0.97021484375 0.376953125 0.0146484375 0.0703125
0 0.95751953125 0.37353515625 0.0126953125 0.0634765625
0 0.705078125 0.3994140625 0.0185546875 0.091796875
0 0.71826171875 0.39453125 0.0185546875 0.091796875
0 0.742431640625 0.408203125 0.02490234375 0.123046875
0 0.702880859375 0.412109375 0.02392578125 0.115234375
0 0.667724609375 0.4267578125 0.01611328125 0.080078125
0 0.674560546875 0.41455078125 0.02099609375 0.1025390625
0 0.634033203125 0.376953125 0.00634765625 0.03125
0 0.598388671875 0.380859375 0.00439453125 0.021484375
0 0.59130859375 0.37939453125 0.0048828125 0.0224609375
0 0.540283203125 0.3798828125 0.00439453125 0.01953125
0 0.566650390625 0.41259765625 0.02294921875 0.1123046875
0 0.572509765625 0.412109375 0.02392578125 0.1171875
0 0.5810546875 0.416015625 0.0263671875 0.12890625
0 0.53515625 0.40771484375 0.0244140625 0.1201171875
0 0.470703125 0.40380859375 0.0224609375 0.1103515625
0 0.468994140625 0.41259765625 0.02294921875 0.1103515625
0 0.44580078125 0.4111328125 0.021484375 0.103515625
0 0.1572265625 0.42724609375 0.0224609375 0.1103515625
0 0.12451171875 0.4267578125 0.0146484375 0.0703125
0 0.11572265625 0.42578125 0.0146484375 0.072265625
0 0.10693359375 0.42724609375 0.0146484375 0.0712890625
0 0.51220703125 0.416015625 0.0224609375 0.111328125
0 0.0703125 0.4248046875 0.0146484375 0.0703125
0 0.13671875 0.42431640625 0.0166015625 0.0791015625
0 0.021484375 0.4453125 0.0322265625 0.15625
0 0.00830078125 0.47509765625 0.0107421875 0.0966796875
0 0.6171875 0.37890625 0.0048828125 0.0234375
0 0.608642578125 0.37939453125 0.00537109375 0.0263671875
0 0.789306640625 0.39599609375 0.02197265625 0.1064453125
0 0.44580078125 0.404296875 0.021484375 0.10546875
0 0.49169921875 0.37158203125 0.013671875 0.0087890625
0 0.50390625 0.3779296875 0.009765625 0.015625
0 0.518798828125 0.38427734375 0.00927734375 0.0224609375
0 0.60400390625 0.38037109375 0.0078125 0.0263671875
0 0.61181640625 0.3798828125 0.00390625 0.025390625
0 0.626220703125 0.3779296875 0.01416015625 0.03515625
0 0.712890625 0.36572265625 0.0048828125 0.0068359375
0 0.7119140625 0.40673828125 0.001953125 0.0048828125
0 0.7275390625 0.37939453125 0.009765625 0.0439453125
