0 0.955810546875 0.4326171875 0.08837890625 0.431640625
0 0.82958984375 0.416015625 0.0419921875 0.205078125
0 0.8095703125 0.4404296875 0.064453125 0.314453125
0 0.7421875 0.4013671875 0.0283203125 0.138671875
0 0.749755859375 0.40283203125 0.02685546875 0.1318359375
0 0.74755859375 0.46044921875 0.025390625 0.1240234375
0 0.734375 0.4521484375 0.029296875 0.142578125
0 0.7919921875 0.33837890625 0.0078125 0.0263671875
0 0.7783203125 0.416015625 0.041015625 0.19921875
0 0.80419921875 0.44091796875 0.068359375 0.3330078125
0 0.883544921875 0.4580078125 0.06591796875 0.322265625
0 0.2314453125 0.3896484375 0.0166015625 0.08203125
0 0.23779296875 0.39697265625 0.013671875 0.0673828125
0 0.251708984375 0.396484375 0.01513671875 0.07421875
0 0.685791015625 0.41357421875 0.02978515625 0.1455078125
0 0.659423828125 0.416015625 0.02978515625 0.146484375
0 0.65185546875 0.412109375 0.033203125 0.162109375
0 0.62890625 0.42138671875 0.0322265625 0.1572265625
0 0.119384765625 0.365234375 0.00634765625 0.03125
0 0.11181640625 0.365234375 0.0068359375 0.033203125
0 0.051513671875 0.3515625 0.00439453125 0.021484375
0 0.05859375 0.3525390625 0.005859375 0.02734375
0 0.015380859375 0.35107421875 0.00341796875 0.0185546875
0 0.002197265625 0.3994140625 0.01513671875 0.07421875
0 0.02880859375 0.39990234375 0.0146484375 0.0732421875
0 0.0537109375 0.38525390625 0.01171875 0.0576171875
0 0.0341796875 0.39892578125 0.0166015625 0.0791015625
0 0.023681640625 0.40380859375 0.01904296875 0.0927734375
0 0.05810546875 0.404296875 0.0185546875 0.08984375
0 0.0478515625 0.40234375 0.01953125 0.095703125
0 0.1220703125 0.4052734375 0.01953125 0.095703125
0 0.114501953125 0.40673828125 0.01904296875 0.0908203125
