0 0.352783203125 0.4140625 0.01025390625 0.05078125
0 0.342041015625 0.416015625 0.00927734375 0.044921875
0 0.286865234375 0.41455078125 0.00537109375 0.0283203125
0 0.281005859375 0.41357421875 0.00537109375 0.0283203125
0 0.502685546875 0.39697265625 0.00634765625 0.0107421875
0 0.48876953125 0.42041015625 0.009765625 0.0478515625
0 0.667236328125 0.43603515625 0.04345703125 0.2119140625
0 0.700439453125 0.44775390625 0.04541015625 0.2216796875
0 0.915283203125 0.47412109375 0.05029296875 0.2451171875
0 0.894287109375 0.47265625 0.05517578125 0.26953125
0 0.330078125 0.39794921875 0.0146484375 0.0283203125
0 0.3232421875 0.42138671875 0.0009765625 0.0029296875
