0 0.940673828125 0.37255859375 0.02587890625 0.1279296875
0 0.90673828125 0.376953125 0.0244140625 0.119140625
0 0.82373046875 0.33447265625 0.0166015625 0.0810546875
0 0.540771484375 0.37744140625 0.01708984375 0.0576171875
0 0.5009765625 0.3798828125 0.021484375 0.0625
0 0.372802734375 0.4345703125 0.04931640625 0.2421875
0 0.84326171875 0.33203125 0.01953125 0.095703125
0 0.855224609375 0.3642578125 0.03662109375 0.046875
0 0.501220703125 0.369140625 0.01123046875 0.041015625
0 0.535400390625 0.365234375 0.00927734375 0.03125
