0 0.480224609375 0.39794921875 0.00537109375 0.0263671875
0 0.458984375 0.3955078125 0.0068359375 0.033203125
0 0.453125 0.3974609375 0.005859375 0.029296875
0 0.401611328125 0.3955078125 0.00830078125 0.0390625
0 0.39306640625 0.3994140625 0.0087890625 0.044921875
0 0.398681640625 0.3994140625 0.00927734375 0.044921875
0 0.35107421875 0.40380859375 0.015625 0.0751953125
0 0.157470703125 0.44287109375 0.02685546875 0.1298828125
0 0.022216796875 0.46337890625 0.03857421875 0.1630859375
0 0.182373046875 0.41845703125 0.03662109375 0.1787109375
0 0.147705078125 0.42822265625 0.03662109375 0.1787109375
0 0.11669921875 0.42236328125 0.0380859375 0.1845703125
0 0.103271484375 0.4306640625 0.03662109375 0.177734375
0 0.11376953125 0.44091796875 0.03515625 0.1689453125
0 0.161376953125 0.44091796875 0.03369140625 0.1650390625
0 0.545166015625 0.4111328125 0.03955078125 0.193359375
0 0.61181640625 0.41650390625 0.0341796875 0.1689453125
