0 0.049072265625 0.41015625 0.01025390625 0.05078125
0 0.78466796875 0.36865234375 0.015625 0.0751953125
0 0.782958984375 0.369140625 0.01806640625 0.087890625
0 0.750244140625 0.37451171875 0.01318359375 0.0654296875
0 0.768310546875 0.37158203125 0.01318359375 0.0654296875
0 0.730224609375 0.3779296875 0.01416015625 0.068359375
0 0.75634765625 0.3720703125 0.015625 0.076171875
0 0.73974609375 0.37158203125 0.017578125 0.0849609375
0 0.8037109375 0.3798828125 0.017578125 0.0859375
0 0.675048828125 0.3740234375 0.00927734375 0.015625
