0 0.27099609375 0.46484375 0.041015625 0.19921875
0 0.286376953125 0.43505859375 0.00927734375 0.0458984375
0 0.29541015625 0.43603515625 0.009765625 0.0478515625
0 0.63720703125 0.4423828125 0.013671875 0.0625
0 0.651123046875 0.419921875 0.00830078125 0.021484375
0 0.643798828125 0.4443359375 0.02294921875 0.0625
0 0.677978515625 0.45068359375 0.04443359375 0.2158203125
0 0.734130859375 0.51953125 0.00634765625 0.033203125
0 0.718017578125 0.453125 0.05322265625 0.26171875
0 0.731201171875 0.4619140625 0.05517578125 0.26953125
0 0.845458984375 0.4833984375 0.06201171875 0.302734375
0 0.92578125 0.46435546875 0.0634765625 0.3095703125
0 0.9140625 0.49462890625 0.064453125 0.3154296875
0 0.77880859375 0.4794921875 0.0712890625 0.345703125
0 0.679931640625 0.45947265625 0.05419921875 0.2646484375
0 0.794677734375 0.482421875 0.08154296875 0.3984375
0 0.875732421875 0.5009765625 0.07763671875 0.37890625
0 0.948974609375 0.49560546875 0.07763671875 0.3779296875
0 0.65771484375 0.45947265625 0.017578125 0.0771484375
