0 0.355712890625 0.40625 0.00537109375 0.02734375
0 0.350341796875 0.4052734375 0.00537109375 0.02734375
0 0.36669921875 0.408203125 0.005859375 0.02734375
0 0.331787109375 0.41064453125 0.01025390625 0.0498046875
0 0.339111328125 0.40966796875 0.01513671875 0.0732421875
0 0.293701171875 0.40869140625 0.01513671875 0.0732421875
0 0.305908203125 0.40673828125 0.01416015625 0.0712890625
0 0.314697265625 0.42919921875 0.01806640625 0.0888671875
0 0.322509765625 0.43017578125 0.01806640625 0.0869140625
0 0.337890625 0.42822265625 0.0185546875 0.0908203125
0 0.48876953125 0.4384765625 0.01953125 0.09375
0 0.547119140625 0.43212890625 0.01318359375 0.0634765625
0 0.5546875 0.4384765625 0.01953125 0.09375
0 0.626953125 0.40869140625 0.0068359375 0.0322265625
0 0.619384765625 0.4365234375 0.01904296875 0.09375
0 0.640380859375 0.4365234375 0.02099609375 0.099609375
0 0.65673828125 0.41015625 0.01171875 0.05859375
0 0.288818359375 0.42333984375 0.02001953125 0.0986328125
0 0.597412109375 0.423828125 0.01513671875 0.07421875
0 0.316162109375 0.3896484375 0.01318359375 0.021484375
