0 0.3916015625 0.39599609375 0.0078125 0.0380859375
0 0.437255859375 0.39990234375 0.00634765625 0.0302734375
0 0.476806640625 0.3994140625 0.00634765625 0.029296875
0 0.453857421875 0.39990234375 0.00634765625 0.0302734375
0 0.428466796875 0.3994140625 0.00634765625 0.03125
0 0.419921875 0.39453125 0.0087890625 0.04296875
0 0.512939453125 0.39892578125 0.00634765625 0.0322265625
0 0.4833984375 0.40380859375 0.005859375 0.0283203125
0 0.52587890625 0.3994140625 0.0068359375 0.03515625
0 0.5517578125 0.3916015625 0.013671875 0.068359375
0 0.569091796875 0.3935546875 0.01416015625 0.068359375
0 0.67578125 0.3896484375 0.021484375 0.103515625
0 0.7265625 0.39404296875 0.041015625 0.2021484375
0 0.76513671875 0.39697265625 0.041015625 0.1982421875
0 0.99560546875 0.421875 0.00390625 0.08984375
0 0.37353515625 0.39697265625 0.0087890625 0.0419921875
0 0.297607421875 0.3984375 0.00927734375 0.044921875
0 0.29248046875 0.40234375 0.009765625 0.048828125
0 0.287109375 0.4033203125 0.0078125 0.037109375
0 0.2822265625 0.40185546875 0.009765625 0.0478515625
0 0.27490234375 0.3984375 0.0078125 0.0390625
0 0.272216796875 0.400390625 0.00830078125 0.0390625
0 0.254638671875 0.40234375 0.00927734375 0.044921875
0 0.245849609375 0.400390625 0.00927734375 0.044921875
0 0.241455078125 0.400390625 0.01025390625 0.048828125
0 0.2255859375 0.40087890625 0.009765625 0.0478515625
0 0.141357421875 0.4052734375 0.01025390625 0.048828125
0 0.181396484375 0.4052734375 0.01025390625 0.05078125
0 0.152099609375 0.41552734375 0.00634765625 0.0322265625
0 0.12353515625 0.40869140625 0.009765625 0.0478515625
0 0.57080078125 0.3955078125 0.021484375 0.060546875
0 0.27880859375 0.39990234375 0.009765625 0.0458984375
0 0.260009765625 0.40234375 0.00927734375 0.044921875
0 0.2353515625 0.4013671875 0.009765625 0.046875
0 0.2216796875 0.40185546875 0.009765625 0.0478515625
0 0.196044921875 0.3984375 0.01123046875 0.0546875
0 0.121337890625 0.41015625 0.00927734375 0.046875
0 0.15185546875 0.39501953125 0.0048828125 0.0107421875
0 0.171630859375 0.404296875 0.01220703125 0.052734375
0 0.188232421875 0.40625 0.01123046875 0.0546875
0 0.209716796875 0.404296875 0.02294921875 0.05078125
0 0.465576171875 0.4013671875 0.02001953125 0.03515625
