0 0.025634765625 0.4326171875 0.02392578125 0.1171875
0 0.048095703125 0.421875 0.01904296875 0.09375
0 0.161376953125 0.41845703125 0.01220703125 0.0595703125
0 0.381591796875 0.39990234375 0.01318359375 0.0654296875
0 0.41748046875 0.3974609375 0.009765625 0.046875
0 0.42822265625 0.39599609375 0.0107421875 0.0517578125
0 0.5439453125 0.380859375 0.009765625 0.046875
0 0.621826171875 0.37255859375 0.00830078125 0.0400390625
0 0.629150390625 0.37158203125 0.00927734375 0.0458984375
0 0.63818359375 0.37109375 0.009765625 0.046875
0 0.673583984375 0.36962890625 0.00830078125 0.0419921875
0 0.684326171875 0.37060546875 0.00830078125 0.0419921875
0 0.6923828125 0.36962890625 0.0087890625 0.0419921875
0 0.703857421875 0.3525390625 0.00537109375 0.009765625
0 0.71044921875 0.35205078125 0.0029296875 0.0087890625
