0 0.643798828125 0.3837890625 0.01416015625 0.068359375
0 0.637451171875 0.3857421875 0.01416015625 0.068359375
0 0.60546875 0.39599609375 0.0087890625 0.0419921875
0 0.623779296875 0.39599609375 0.01025390625 0.0478515625
0 0.629150390625 0.3876953125 0.01416015625 0.068359375
0 0.619140625 0.39404296875 0.0107421875 0.0537109375
0 0.61376953125 0.3955078125 0.009765625 0.046875
0 0.687744140625 0.3701171875 0.01318359375 0.064453125
0 0.6923828125 0.3681640625 0.013671875 0.06640625
0 0.6962890625 0.3701171875 0.0146484375 0.0703125
0 0.705810546875 0.37353515625 0.01416015625 0.0693359375
0 0.728271484375 0.3701171875 0.01611328125 0.078125
0 0.822021484375 0.4013671875 0.04638671875 0.228515625
0 0.9765625 0.4306640625 0.0634765625 0.30859375
0 0.510986328125 0.38720703125 0.01416015625 0.0693359375
0 0.5166015625 0.39404296875 0.0146484375 0.0712890625
0 0.5166015625 0.392578125 0.0166015625 0.08203125
0 0.497802734375 0.4013671875 0.01025390625 0.05078125
0 0.506591796875 0.3955078125 0.01318359375 0.06640625
0 0.5087890625 0.39892578125 0.0146484375 0.0732421875
0 0.443115234375 0.396484375 0.00439453125 0.005859375
0 0.4365234375 0.40185546875 0.009765625 0.0478515625
0 0.4267578125 0.4033203125 0.0087890625 0.04296875
0 0.413818359375 0.40185546875 0.00927734375 0.0458984375
0 0.408935546875 0.400390625 0.00830078125 0.041015625
0 0.419189453125 0.40185546875 0.01513671875 0.0732421875
0 0.43408203125 0.4033203125 0.0146484375 0.072265625
0 0.475341796875 0.39306640625 0.01806640625 0.0888671875
0 0.488525390625 0.3974609375 0.02001953125 0.09765625
0 0.4638671875 0.3984375 0.0166015625 0.08203125
0 0.4599609375 0.40234375 0.015625 0.076171875
0 0.375244140625 0.39208984375 0.01220703125 0.0576171875
0 0.3701171875 0.39111328125 0.01171875 0.0576171875
0 0.35205078125 0.39501953125 0.013671875 0.0654296875
0 0.2958984375 0.40576171875 0.013671875 0.0654296875
0 0.284912109375 0.4052734375 0.01318359375 0.064453125
0 0.28955078125 0.40283203125 0.0126953125 0.0615234375
0 0.27099609375 0.40283203125 0.0126953125 0.0615234375
0 0.260009765625 0.40185546875 0.01318359375 0.0654296875
0 0.224365234375 0.419921875 0.02392578125 0.119140625
0 0.187255859375 0.427734375 0.02392578125 0.115234375
0 0.201416015625 0.44287109375 0.03076171875 0.1513671875
0 0.11279296875 0.50537109375 0.08984375 0.4384765625
0 0.051513671875 0.5341796875 0.09619140625 0.46875
