0 0.350341796875 0.39013671875 0.01220703125 0.0576171875
0 0.517578125 0.38916015625 0.005859375 0.0302734375
0 0.52685546875 0.388671875 0.00390625 0.01953125
0 0.47705078125 0.3876953125 0.005859375 0.029296875
0 0.480224609375 0.38916015625 0.00634765625 0.0322265625
0 0.334228515625 0.3876953125 0.01416015625 0.068359375
0 0.33935546875 0.38623046875 0.0146484375 0.0712890625
0 0.317138671875 0.39013671875 0.01513671875 0.0732421875
0 0.32470703125 0.39404296875 0.0126953125 0.0615234375
0 0.3076171875 0.38720703125 0.0146484375 0.0712890625
0 0.2001953125 0.400390625 0.0244140625 0.1171875
0 0.173095703125 0.390625 0.02294921875 0.111328125
0 0.15576171875 0.396484375 0.0224609375 0.109375
0 0.1181640625 0.39013671875 0.0234375 0.1142578125
0 0.107177734375 0.39453125 0.03271484375 0.158203125
0 0.080322265625 0.390625 0.02685546875 0.130859375
0 0.074462890625 0.39599609375 0.02490234375 0.1201171875
0 0.281494140625 0.3955078125 0.01611328125 0.068359375
0 0.06689453125 0.400390625 0.0224609375 0.109375
