0 0.5673828125 0.38916015625 0.0068359375 0.0322265625
0 0.658447265625 0.38525390625 0.01416015625 0.0693359375
0 0.486328125 0.38525390625 0.0126953125 0.0615234375
0 0.43017578125 0.373046875 0.009765625 0.046875
0 0.3837890625 0.3798828125 0.0107421875 0.052734375
0 0.393310546875 0.37353515625 0.01416015625 0.0712890625
0 0.364501953125 0.37353515625 0.01318359375 0.0634765625
0 0.356201171875 0.373046875 0.01416015625 0.068359375
0 0.293212890625 0.37158203125 0.01904296875 0.0947265625
0 0.27197265625 0.36865234375 0.0224609375 0.1083984375
0 0.230224609375 0.35595703125 0.01416015625 0.0693359375
0 0.2353515625 0.35693359375 0.0166015625 0.0810546875
0 0.218017578125 0.3662109375 0.02099609375 0.1015625
0 0.20068359375 0.36328125 0.0224609375 0.111328125
0 0.1787109375 0.361328125 0.0185546875 0.08984375
0 0.195556640625 0.36474609375 0.02392578125 0.1162109375
0 0.092041015625 0.35888671875 0.03662109375 0.1767578125
0 0.02490234375 0.36083984375 0.0361328125 0.1767578125
0 0.777587890625 0.37060546875 0.02099609375 0.1025390625
0 0.79443359375 0.3798828125 0.0205078125 0.099609375
0 0.807373046875 0.37890625 0.02294921875 0.109375
0 0.8359375 0.39111328125 0.025390625 0.1240234375
0 0.3798828125 0.37158203125 0.0107421875 0.0283203125
