0 0.908447265625 0.36962890625 0.03955078125 0.0810546875
0 0.990478515625 0.265625 0.02197265625 0.107421875
0 0.392333984375 0.3916015625 0.00634765625 0.029296875
0 0.39697265625 0.390625 0.0068359375 0.033203125
0 0.414794921875 0.388671875 0.00634765625 0.03125
0 0.410400390625 0.38818359375 0.00634765625 0.0302734375
0 0.489013671875 0.36962890625 0.00830078125 0.0400390625
0 0.712890625 0.3720703125 0.0166015625 0.080078125
0 0.751953125 0.3349609375 0.015625 0.076171875
0 0.96875 0.28466796875 0.017578125 0.0869140625
0 0.984619140625 0.3173828125 0.02197265625 0.12109375
0 0.8291015625 0.3662109375 0.0263671875 0.12890625
0 0.966064453125 0.4033203125 0.00634765625 0.029296875
0 0.993896484375 0.353515625 0.00732421875 0.197265625
0 0.88623046875 0.38525390625 0.0341796875 0.1923828125
0 0.9560546875 0.3388671875 0.0302734375 0.146484375
0 0.96533203125 0.3603515625 0.0380859375 0.185546875
0 0.6669921875 0.35791015625 0.009765625 0.0478515625
0 0.6640625 0.37255859375 0.0146484375 0.0712890625
0 0.6748046875 0.36572265625 0.0126953125 0.0615234375
0 0.702880859375 0.37060546875 0.01513671875 0.0732421875
0 0.693359375 0.3740234375 0.0146484375 0.072265625
0 0.685546875 0.36669921875 0.0146484375 0.0693359375
0 0.6787109375 0.369140625 0.013671875 0.06640625
0 0.700927734375 0.3720703125 0.01611328125 0.078125
0 0.673828125 0.38818359375 0.01953125 0.0595703125
0 0.729248046875 0.36376953125 0.01513671875 0.0751953125
0 0.732666015625 0.36083984375 0.01513671875 0.0751953125
0 0.73779296875 0.35791015625 0.0166015625 0.0810546875
0 0.861083984375 0.36572265625 0.02880859375 0.1396484375
0 0.8583984375 0.3623046875 0.0322265625 0.15625
0 0.845703125 0.3720703125 0.033203125 0.162109375
0 0.88134765625 0.3876953125 0.0390625 0.189453125
0 0.824951171875 0.34912109375 0.01904296875 0.0927734375
0 0.788818359375 0.37255859375 0.03076171875 0.1494140625
0 0.382568359375 0.38232421875 0.00634765625 0.0068359375
0 0.40771484375 0.365234375 0.0166015625 0.01171875
0 0.42431640625 0.36767578125 0.013671875 0.0224609375
0 0.436279296875 0.36767578125 0.00830078125 0.0244140625
0 0.463134765625 0.3798828125 0.02685546875 0.046875
0 0.480224609375 0.36083984375 0.00439453125 0.0087890625
0 0.486083984375 0.3603515625 0.00439453125 0.009765625
0 0.500732421875 0.35986328125 0.01611328125 0.0166015625
