0 0.494384765625 0.4287109375 0.00341796875 0.017578125
0 0.904052734375 0.4150390625 0.03173828125 0.154296875
0 0.552734375 0.4345703125 0.0234375 0.11328125
0 0.56298828125 0.4375 0.0244140625 0.1171875
0 0.761962890625 0.4150390625 0.01220703125 0.060546875
0 0.8076171875 0.412109375 0.0205078125 0.099609375
0 0.843017578125 0.41455078125 0.02294921875 0.1123046875
0 0.66943359375 0.3828125 0.0283203125 0.138671875
0 0.66259765625 0.439453125 0.0341796875 0.166015625
0 0.693603515625 0.439453125 0.03369140625 0.1640625
0 0.346923828125 0.43505859375 0.01806640625 0.0888671875
