0 0.6416015625 0.3623046875 0.0078125 0.037109375
0 0.697998046875 0.37060546875 0.01025390625 0.0498046875
0 0.810302734375 0.3974609375 0.00830078125 0.0390625
0 0.804443359375 0.39501953125 0.00830078125 0.0419921875
0 0.80078125 0.400390625 0.0087890625 0.04296875
0 0.76513671875 0.40673828125 0.013671875 0.0654296875
0 0.774169921875 0.40673828125 0.01416015625 0.0693359375
0 0.71826171875 0.3916015625 0.0087890625 0.04296875
0 0.685302734375 0.4345703125 0.03466796875 0.169921875
0 0.579345703125 0.4365234375 0.03466796875 0.16796875
0 0.99072265625 0.39208984375 0.013671875 0.1435546875
0 0.406005859375 0.3564453125 0.01416015625 0.0703125
0 0.419189453125 0.3662109375 0.00927734375 0.044921875
0 0.446044921875 0.357421875 0.01025390625 0.048828125
0 0.470703125 0.4296875 0.0341796875 0.16796875
0 0.463623046875 0.44287109375 0.03271484375 0.1611328125
0 0.422119140625 0.3994140625 0.01318359375 0.064453125
0 0.4677734375 0.43701171875 0.041015625 0.1982421875
0 0.435791015625 0.4384765625 0.03759765625 0.181640625
0 0.43701171875 0.43408203125 0.0458984375 0.2236328125
0 0.516357421875 0.435546875 0.03173828125 0.15625
0 0.52880859375 0.42822265625 0.037109375 0.1826171875
0 0.35009765625 0.33740234375 0.0048828125 0.0244140625
0 0.344482421875 0.3466796875 0.01025390625 0.05078125
0 0.336181640625 0.35546875 0.01220703125 0.05859375
0 0.3564453125 0.33740234375 0.0048828125 0.0244140625
0 0.36962890625 0.3388671875 0.0068359375 0.033203125
0 0.379150390625 0.3515625 0.01025390625 0.05078125
0 0.38623046875 0.3564453125 0.0126953125 0.0625
0 0.366943359375 0.353515625 0.01220703125 0.05859375
0 0.308837890625 0.35693359375 0.01123046875 0.0556640625
0 0.318603515625 0.36474609375 0.01123046875 0.0556640625
0 0.326904296875 0.38671875 0.02099609375 0.103515625
0 0.3681640625 0.35107421875 0.0068359375 0.0341796875
0 0.3369140625 0.42138671875 0.03125 0.1533203125
0 0.341064453125 0.44140625 0.02783203125 0.134765625
0 0.368408203125 0.3740234375 0.00830078125 0.041015625
0 0.351806640625 0.43408203125 0.03173828125 0.1572265625
0 0.36279296875 0.40380859375 0.0185546875 0.0888671875
0 0.388671875 0.421875 0.0302734375 0.146484375
0 0.397216796875 0.4267578125 0.03173828125 0.15625
0 0.3779296875 0.4296875 0.0341796875 0.166015625
0 0.358642578125 0.43310546875 0.04052734375 0.1962890625
0 0.061767578125 0.3544921875 0.01220703125 0.060546875
0 0.05126953125 0.357421875 0.0126953125 0.0625
0 0.06689453125 0.33984375 0.017578125 0.087890625
0 0.125 0.3466796875 0.015625 0.076171875
0 0.11572265625 0.34423828125 0.01953125 0.0947265625
0 0.0849609375 0.34716796875 0.0166015625 0.0810546875
0 0.0908203125 0.3466796875 0.0166015625 0.080078125
0 0.100830078125 0.3369140625 0.01904296875 0.09375
0 0.10986328125 0.34033203125 0.01953125 0.0966796875
0 0.13232421875 0.34130859375 0.0205078125 0.0986328125
0 0.099365234375 0.3701171875 0.02099609375 0.1015625
0 0.15087890625 0.3427734375 0.01953125 0.095703125
0 0.1103515625 0.3935546875 0.0302734375 0.146484375
0 0.170166015625 0.35546875 0.01513671875 0.07421875
0 0.160888671875 0.3994140625 0.02490234375 0.12109375
0 0.146484375 0.392578125 0.03125 0.154296875
0 0.12939453125 0.40087890625 0.02734375 0.1337890625
0 0.177734375 0.40673828125 0.0302734375 0.1455078125
0 0.03955078125 0.40380859375 0.0283203125 0.1376953125
0 0.026611328125 0.40283203125 0.03271484375 0.1591796875
0 0.0703125 0.4052734375 0.0302734375 0.1484375
0 0.2900390625 0.34521484375 0.0087890625 0.0419921875
0 0.26318359375 0.34375 0.01171875 0.05859375
0 0.24658203125 0.3466796875 0.01171875 0.056640625
0 0.22265625 0.34716796875 0.01171875 0.0556640625
0 0.231201171875 0.341796875 0.00927734375 0.044921875
0 0.2294921875 0.34814453125 0.01171875 0.0576171875
0 0.203857421875 0.3515625 0.01025390625 0.05078125
0 0.20654296875 0.3583984375 0.009765625 0.048828125
0 0.19580078125 0.341796875 0.0166015625 0.08203125
0 0.235107421875 0.34912109375 0.01416015625 0.0693359375
0 0.218994140625 0.35302734375 0.01318359375 0.0634765625
0 0.188232421875 0.4111328125 0.03857421875 0.1875
0 0.27392578125 0.34912109375 0.013671875 0.0673828125
0 0.257080078125 0.40185546875 0.02783203125 0.1357421875
0 0.211181640625 0.4150390625 0.03076171875 0.15234375
0 0.266845703125 0.41357421875 0.02880859375 0.1416015625
0 0.204345703125 0.4326171875 0.02392578125 0.1171875
0 0.294677734375 0.396484375 0.02587890625 0.126953125
0 0.283935546875 0.42333984375 0.03759765625 0.1826171875
0 0.244384765625 0.43115234375 0.03955078125 0.1923828125
0 0.240478515625 0.43310546875 0.04150390625 0.2041015625
0 0.194580078125 0.443359375 0.03564453125 0.173828125
0 0.179931640625 0.4423828125 0.03662109375 0.1796875
0 0.21728515625 0.44189453125 0.041015625 0.2001953125
0 0.3173828125 0.4384765625 0.0390625 0.189453125
0 0.648681640625 0.42822265625 0.02197265625 0.1083984375
0 0.697998046875 0.42041015625 0.02392578125 0.1162109375
