0 0.5849609375 0.392578125 0.0068359375 0.033203125
0 0.619384765625 0.39404296875 0.00830078125 0.0400390625
0 0.766357421875 0.404296875 0.01025390625 0.03125
0 0.76904296875 0.41259765625 0.0234375 0.0595703125
0 0.879150390625 0.41455078125 0.02685546875 0.1298828125
0 0.206298828125 0.376953125 0.00732421875 0.03515625
0 0.210693359375 0.3828125 0.00830078125 0.0390625
0 0.22119140625 0.376953125 0.005859375 0.029296875
0 0.21826171875 0.384765625 0.0078125 0.0390625
0 0.1806640625 0.3818359375 0.0087890625 0.04296875
0 0.2451171875 0.3828125 0.0078125 0.037109375
0 0.19970703125 0.37939453125 0.0078125 0.0380859375
0 0.385986328125 0.3876953125 0.00341796875 0.017578125
0 0.388427734375 0.3837890625 0.00439453125 0.0234375
0 0.829833984375 0.4130859375 0.02099609375 0.1015625
0 0.645263671875 0.41064453125 0.02490234375 0.1201171875
0 0.194091796875 0.38134765625 0.00830078125 0.0400390625
0 0.188232421875 0.37939453125 0.00830078125 0.0361328125
0 0.5595703125 0.38916015625 0.0068359375 0.0283203125
0 0.5712890625 0.39306640625 0.0029296875 0.0302734375
0 0.597900390625 0.39501953125 0.00927734375 0.0322265625
