0 0.039306640625 0.40283203125 0.02392578125 0.1162109375
0 0.05029296875 0.39990234375 0.0263671875 0.1279296875
0 0.012451171875 0.404296875 0.02392578125 0.1171875
0 0.10009765625 0.4091796875 0.021484375 0.10546875
0 0.36181640625 0.41162109375 0.0234375 0.1123046875
0 0.44970703125 0.40380859375 0.021484375 0.1044921875
0 0.474853515625 0.41015625 0.02099609375 0.103515625
0 0.482666015625 0.41015625 0.02392578125 0.1171875
0 0.5029296875 0.4169921875 0.0224609375 0.109375
0 0.51708984375 0.41162109375 0.0244140625 0.1201171875
0 0.578857421875 0.41455078125 0.02392578125 0.1162109375
0 0.572265625 0.421875 0.021484375 0.103515625
0 0.577880859375 0.43408203125 0.02001953125 0.0966796875
0 0.59375 0.4248046875 0.017578125 0.083984375
0 0.60986328125 0.42431640625 0.021484375 0.1044921875
0 0.5625 0.42041015625 0.025390625 0.1240234375
0 0.598876953125 0.4189453125 0.02392578125 0.1171875
0 0.6181640625 0.4287109375 0.0244140625 0.119140625
0 0.64501953125 0.4296875 0.0205078125 0.099609375
0 0.6513671875 0.42919921875 0.0234375 0.1162109375
0 0.666259765625 0.42626953125 0.02197265625 0.1064453125
0 0.737060546875 0.4326171875 0.00537109375 0.025390625
0 0.73681640625 0.4287109375 0.0078125 0.037109375
0 0.72900390625 0.4296875 0.01953125 0.09375
0 0.751953125 0.44384765625 0.0146484375 0.0712890625
0 0.39208984375 0.41552734375 0.0244140625 0.1201171875
0 0.370361328125 0.4140625 0.00439453125 0.021484375
0 0.671875 0.423828125 0.03515625 0.169921875
0 0.78173828125 0.44140625 0.0107421875 0.052734375
0 0.7763671875 0.4404296875 0.0126953125 0.0625
0 0.765869140625 0.44677734375 0.01318359375 0.0654296875
0 0.768310546875 0.4453125 0.01416015625 0.0703125
0 0.794921875 0.4404296875 0.01171875 0.05859375
0 0.788330078125 0.44091796875 0.01220703125 0.0576171875
0 0.804931640625 0.44140625 0.01220703125 0.060546875
0 0.815185546875 0.4404296875 0.01220703125 0.060546875
0 0.8056640625 0.44775390625 0.013671875 0.0654296875
0 0.819091796875 0.45458984375 0.01416015625 0.0673828125
0 0.89013671875 0.451171875 0.015625 0.076171875
0 0.875 0.4501953125 0.017578125 0.083984375
0 0.920166015625 0.4609375 0.00634765625 0.029296875
0 0.919921875 0.4716796875 0.013671875 0.03515625
0 0.90283203125 0.43408203125 0.0419921875 0.2041015625
0 0.865234375 0.44384765625 0.037109375 0.1806640625
0 0.34619140625 0.41162109375 0.0263671875 0.1279296875
0 0.493408203125 0.408203125 0.01025390625 0.08984375
0 0.493896484375 0.47509765625 0.00048828125 0.0009765625
0 0.533447265625 0.4140625 0.01806640625 0.12890625
0 0.55078125 0.3701171875 0.0068359375 0.03515625
0 0.64404296875 0.45458984375 0.0068359375 0.0263671875
0 0.648193359375 0.46923828125 0.01025390625 0.0224609375
0 0.658203125 0.47119140625 0.0029296875 0.0126953125
0 0.65869140625 0.447265625 0.0029296875 0.017578125
