0 0.7568359375 0.4013671875 0.0224609375 0.111328125
0 0.737060546875 0.4033203125 0.02294921875 0.111328125
0 0.71630859375 0.40283203125 0.0234375 0.1162109375
0 0.800048828125 0.3837890625 0.01904296875 0.09375
0 0.78759765625 0.38134765625 0.0185546875 0.0908203125
0 0.791015625 0.39599609375 0.0244140625 0.1201171875
0 0.306396484375 0.4111328125 0.01513671875 0.07421875
0 0.3359375 0.41357421875 0.015625 0.0751953125
0 0.69970703125 0.3984375 0.0244140625 0.12109375
0 0.585205078125 0.412109375 0.05224609375 0.255859375
0 0.297607421875 0.41015625 0.01318359375 0.064453125
0 0.251953125 0.41064453125 0.015625 0.0771484375
0 0.319091796875 0.41455078125 0.01513671875 0.0732421875
