0 0.329833984375 0.40673828125 0.02197265625 0.1083984375
0 0.353515625 0.4033203125 0.0224609375 0.109375
0 0.503662109375 0.37255859375 0.00341796875 0.0166015625
0 0.50634765625 0.36083984375 0.001953125 0.0087890625
0 0.570556640625 0.3798828125 0.00830078125 0.04296875
0 0.78466796875 0.42919921875 0.0283203125 0.1376953125
0 0.718017578125 0.45361328125 0.02392578125 0.1162109375
0 0.74951171875 0.40869140625 0.037109375 0.1826171875
0 0.616455078125 0.38720703125 0.02490234375 0.1201171875
0 0.50830078125 0.3701171875 0.00390625 0.01953125
0 0.519775390625 0.3671875 0.00439453125 0.021484375
0 0.526611328125 0.369140625 0.00439453125 0.021484375
0 0.540771484375 0.37646484375 0.01416015625 0.0693359375
0 0.5498046875 0.38427734375 0.015625 0.0751953125
0 0.74609375 0.43896484375 0.009765625 0.0791015625
0 0.5048828125 0.37109375 0.0068359375 0.0234375
