0 0.54638671875 0.1298828125 0.009765625 0.048828125
0 0.512939453125 0.146484375 0.01025390625 0.05078125
0 0.39453125 0.2685546875 0.0107421875 0.052734375
0 0.515869140625 0.14990234375 0.00830078125 0.0419921875
0 0.404541015625 0.265625 0.01220703125 0.05859375
0 0.476806640625 0.19580078125 0.00927734375 0.0458984375
0 0.4833984375 0.19873046875 0.0087890625 0.0419921875
0 0.449462890625 0.20703125 0.00927734375 0.044921875
0 0.45654296875 0.2099609375 0.0087890625 0.04296875
0 0.2626953125 0.412109375 0.0166015625 0.080078125
0 0.339111328125 0.423828125 0.03173828125 0.15625
0 0.27734375 0.416015625 0.015625 0.076171875
0 0.408447265625 0.42626953125 0.02880859375 0.1416015625
0 0.478515625 0.40380859375 0.017578125 0.0869140625
0 0.390869140625 0.42041015625 0.02978515625 0.1435546875
0 0.3974609375 0.4287109375 0.03125 0.154296875
0 0.428955078125 0.42724609375 0.03271484375 0.1572265625
0 0.412109375 0.4287109375 0.0341796875 0.16796875
0 0.43505859375 0.42333984375 0.0341796875 0.1669921875
0 0.468994140625 0.4345703125 0.02880859375 0.140625
0 0.458984375 0.42724609375 0.03515625 0.1728515625
0 0.494873046875 0.42431640625 0.03076171875 0.1513671875
0 0.3662109375 0.431640625 0.03125 0.15234375
0 0.54345703125 0.4208984375 0.0390625 0.189453125
0 0.112060546875 0.40380859375 0.01513671875 0.0732421875
