0 0.10546875 0.396484375 0.0185546875 0.091796875
0 0.186279296875 0.4150390625 0.01904296875 0.04296875
0 0.225341796875 0.455078125 0.09033203125 0.44140625
0 0.364013671875 0.3857421875 0.00537109375 0.0078125
0 0.5361328125 0.4677734375 0.072265625 0.3515625
0 0.843017578125 0.37744140625 0.01416015625 0.0693359375
0 0.862548828125 0.3759765625 0.01416015625 0.0703125
0 0.688720703125 0.48828125 0.07080078125 0.345703125
0 0.715087890625 0.47998046875 0.08642578125 0.4228515625
0 0.984619140625 0.4501953125 0.02587890625 0.04296875
0 0.993896484375 0.46044921875 0.00732421875 0.0087890625
0 0.99365234375 0.677734375 0.0078125 0.02734375
0 0.08203125 0.455078125 0.0048828125 0.013671875
0 0.08544921875 0.396484375 0.021484375 0.10546875
0 0.917724609375 0.59912109375 0.07373046875 0.1982421875
