0 0.257080078125 0.39306640625 0.00439453125 0.0224609375
0 0.251953125 0.39404296875 0.0048828125 0.0224609375
0 0.2412109375 0.39111328125 0.0048828125 0.0244140625
0 0.2001953125 0.3984375 0.0087890625 0.04296875
0 0.61181640625 0.39990234375 0.0322265625 0.1552734375
0 0.6240234375 0.4140625 0.0302734375 0.146484375
0 0.60693359375 0.4111328125 0.029296875 0.14453125
0 0.63818359375 0.41259765625 0.0322265625 0.1591796875
0 0.659423828125 0.40673828125 0.02294921875 0.1103515625
0 0.6845703125 0.3974609375 0.0263671875 0.126953125
0 0.70751953125 0.39599609375 0.025390625 0.1240234375
0 0.1923828125 0.38427734375 0.0166015625 0.0185546875
0 0.202880859375 0.38427734375 0.00048828125 0.0009765625
0 0.218994140625 0.38671875 0.03173828125 0.017578125
0 0.590576171875 0.40771484375 0.02587890625 0.1513671875
