0 0.365966796875 0.4072265625 0.01220703125 0.060546875
0 0.387939453125 0.41064453125 0.01416015625 0.0693359375
0 0.281005859375 0.4140625 0.00634765625 0.025390625
0 0.3203125 0.421875 0.017578125 0.0859375
0 0.3134765625 0.4267578125 0.0166015625 0.08203125
0 0.615234375 0.3857421875 0.0068359375 0.033203125
0 0.626220703125 0.39453125 0.01123046875 0.0546875
0 0.638427734375 0.39404296875 0.01123046875 0.0556640625
0 0.71533203125 0.40966796875 0.01953125 0.0966796875
0 0.740234375 0.4033203125 0.017578125 0.083984375
0 0.75048828125 0.40234375 0.0185546875 0.087890625
0 0.760498046875 0.39111328125 0.02099609375 0.1005859375
0 0.773681640625 0.40576171875 0.02294921875 0.1123046875
0 0.765869140625 0.42431640625 0.03662109375 0.1787109375
0 0.787109375 0.4208984375 0.0380859375 0.185546875
0 0.83154296875 0.41943359375 0.0400390625 0.1962890625
0 0.8173828125 0.4169921875 0.04296875 0.2109375
0 0.876220703125 0.404296875 0.04345703125 0.212890625
0 0.906494140625 0.41455078125 0.03271484375 0.1591796875
0 0.915283203125 0.4140625 0.03466796875 0.169921875
0 0.978759765625 0.41162109375 0.04052734375 0.1982421875
0 0.852294921875 0.43701171875 0.04833984375 0.2353515625
0 0.08935546875 0.42919921875 0.0087890625 0.0322265625
0 0.09326171875 0.439453125 0.0107421875 0.04296875
0 0.103759765625 0.44775390625 0.02001953125 0.0791015625
0 0.22607421875 0.408203125 0.0107421875 0.0234375
0 0.232177734375 0.41259765625 0.00634765625 0.0126953125
0 0.240478515625 0.41162109375 0.00830078125 0.0166015625
0 0.252685546875 0.423828125 0.01416015625 0.0703125
0 0.24755859375 0.41162109375 0.0078125 0.0205078125
0 0.260498046875 0.42041015625 0.00732421875 0.0283203125
0 0.26708984375 0.41552734375 0.0107421875 0.0322265625
0 0.25244140625 0.421875 0.0126953125 0.041015625
0 0.18505859375 0.41650390625 0.009765625 0.0322265625
0 0.1923828125 0.41796875 0.0068359375 0.03125
0 0.198486328125 0.41845703125 0.01220703125 0.0302734375
0 0.20654296875 0.423828125 0.0078125 0.041015625
0 0.173828125 0.41943359375 0.01171875 0.0302734375
0 0.188232421875 0.435546875 0.02392578125 0.0625
0 0.212646484375 0.44189453125 0.02392578125 0.0791015625
0 0.12939453125 0.4326171875 0.0576171875 0.28125
0 0.299560546875 0.3974609375 0.01513671875 0.03125
0 0.73095703125 0.3671875 0.0087890625 0.015625
