0 0.61962890625 0.38720703125 0.0068359375 0.0322265625
0 0.626220703125 0.390625 0.00830078125 0.041015625
0 0.6279296875 0.38916015625 0.0078125 0.0380859375
0 0.64794921875 0.38916015625 0.0107421875 0.0517578125
0 0.65966796875 0.38720703125 0.0107421875 0.0537109375
0 0.64208984375 0.39111328125 0.009765625 0.0478515625
0 0.6455078125 0.39013671875 0.009765625 0.0478515625
0 0.73779296875 0.37841796875 0.009765625 0.0478515625
0 0.764404296875 0.373046875 0.00830078125 0.0390625
0 0.76123046875 0.37646484375 0.0068359375 0.0341796875
0 0.877685546875 0.37548828125 0.01220703125 0.0595703125
0 0.835693359375 0.4580078125 0.08837890625 0.43359375
0 0.9677734375 0.4404296875 0.0537109375 0.26171875
0 0.97802734375 0.44091796875 0.0771484375 0.3759765625
0 0.9697265625 0.48193359375 0.072265625 0.3525390625
0 0.701416015625 0.4501953125 0.05810546875 0.283203125
0 0.692138671875 0.4609375 0.06298828125 0.30859375
0 0.733642578125 0.44921875 0.05712890625 0.279296875
0 0.528076171875 0.38916015625 0.00537109375 0.0244140625
0 0.541015625 0.38623046875 0.005859375 0.0283203125
0 0.539306640625 0.40283203125 0.01025390625 0.0478515625
0 0.544921875 0.4033203125 0.0107421875 0.052734375
0 0.532470703125 0.40283203125 0.01123046875 0.0537109375
0 0.5107421875 0.4599609375 0.060546875 0.294921875
0 0.571533203125 0.44287109375 0.06298828125 0.3056640625
0 0.405029296875 0.4111328125 0.00439453125 0.021484375
0 0.408447265625 0.416015625 0.01123046875 0.0546875
0 0.380126953125 0.423828125 0.01025390625 0.05078125
0 0.37451171875 0.41943359375 0.01171875 0.0576171875
0 0.3076171875 0.4169921875 0.01171875 0.056640625
0 0.29638671875 0.40869140625 0.0078125 0.0380859375
0 0.298583984375 0.4189453125 0.01123046875 0.0546875
0 0.259521484375 0.4111328125 0.00830078125 0.041015625
0 0.306884765625 0.42529296875 0.01220703125 0.0595703125
0 0.287353515625 0.4111328125 0.00830078125 0.041015625
0 0.26416015625 0.4130859375 0.009765625 0.046875
0 0.236328125 0.42333984375 0.009765625 0.0478515625
0 0.23046875 0.40966796875 0.0068359375 0.0341796875
0 0.2431640625 0.4228515625 0.0107421875 0.05078125
0 0.173095703125 0.4267578125 0.01123046875 0.052734375
0 0.187255859375 0.4267578125 0.01025390625 0.048828125
0 0.143798828125 0.412109375 0.02490234375 0.03515625
0 0.13818359375 0.431640625 0.013671875 0.06640625
0 0.108642578125 0.42626953125 0.01220703125 0.0595703125
0 0.111572265625 0.4287109375 0.01220703125 0.05859375
0 0.255126953125 0.42724609375 0.01220703125 0.0615234375
0 0.436279296875 0.4482421875 0.05029296875 0.24609375
0 0.390625 0.4208984375 0.0107421875 0.05078125
0 0.182373046875 0.4287109375 0.00927734375 0.046875
0 0.332763671875 0.41162109375 0.00927734375 0.0439453125
0 0.33837890625 0.412109375 0.009765625 0.046875
0 0.320556640625 0.40625 0.00830078125 0.0390625
0 0.317138671875 0.4140625 0.01025390625 0.048828125
0 0.27197265625 0.42236328125 0.013671875 0.0673828125
0 0.5205078125 0.3974609375 0.0068359375 0.033203125
0 0.6083984375 0.455078125 0.064453125 0.3125
0 0.41943359375 0.4169921875 0.0107421875 0.052734375
0 0.415771484375 0.416015625 0.01025390625 0.05078125
0 0.121826171875 0.42626953125 0.01025390625 0.0478515625
0 0.212158203125 0.4150390625 0.03564453125 0.041015625
0 0.354248046875 0.41796875 0.01416015625 0.01953125
0 0.750732421875 0.3740234375 0.01806640625 0.037109375
0 0.888916015625 0.349609375 0.01123046875 0.021484375
