0 0.5986328125 0.3486328125 0.0029296875 0.013671875
0 0.6201171875 0.3447265625 0.0029296875 0.013671875
0 0.634765625 0.33984375 0.00390625 0.017578125
0 0.637939453125 0.3408203125 0.00341796875 0.017578125
0 0.679443359375 0.33642578125 0.00341796875 0.0166015625
0 0.684326171875 0.33740234375 0.00341796875 0.0146484375
0 0.690185546875 0.3349609375 0.00341796875 0.017578125
0 0.802734375 0.330078125 0.00390625 0.017578125
0 0.810791015625 0.32958984375 0.00341796875 0.0185546875
0 0.826416015625 0.32763671875 0.00537109375 0.0263671875
0 0.88427734375 0.326171875 0.0048828125 0.0234375
0 0.889892578125 0.32568359375 0.00439453125 0.0224609375
0 0.92138671875 0.32568359375 0.0029296875 0.0146484375
0 0.926025390625 0.32275390625 0.00341796875 0.0166015625
0 0.930419921875 0.3232421875 0.00341796875 0.015625
0 0.941650390625 0.3203125 0.00341796875 0.015625
0 0.946044921875 0.3203125 0.00341796875 0.015625
0 0.526611328125 0.3564453125 0.00341796875 0.015625
0 0.56396484375 0.38232421875 0.0146484375 0.0693359375
0 0.376953125 0.3828125 0.00390625 0.017578125
0 0.373779296875 0.37646484375 0.00634765625 0.0283203125
0 0.39501953125 0.38232421875 0.00390625 0.0185546875
0 0.392822265625 0.37939453125 0.00439453125 0.0205078125
0 0.396484375 0.3671875 0.001953125 0.0078125
0 0.3896484375 0.39501953125 0.005859375 0.0283203125
0 0.384765625 0.39794921875 0.005859375 0.0283203125
0 0.51123046875 0.52197265625 0.1044921875 0.5107421875
0 0.79736328125 0.48779296875 0.109375 0.5341796875
0 0.17919921875 0.49462890625 0.1005859375 0.4912109375
0 0.21826171875 0.4921875 0.115234375 0.5625
0 0.39990234375 0.38525390625 0.0078125 0.0400390625
0 0.481689453125 0.3994140625 0.02197265625 0.107421875
0 0.316162109375 0.42919921875 0.08056640625 0.3955078125
0 0.380859375 0.376953125 0.0048828125 0.025390625
0 0.255126953125 0.384765625 0.01416015625 0.015625
0 0.95849609375 0.31494140625 0.0087890625 0.0087890625
