0 0.439208984375 0.39501953125 0.00634765625 0.0302734375
0 0.49609375 0.3916015625 0.00390625 0.01953125
0 0.498779296875 0.39111328125 0.00439453125 0.0205078125
0 0.528076171875 0.39208984375 0.00634765625 0.0322265625
0 0.6318359375 0.39501953125 0.0078125 0.0380859375
0 0.563232421875 0.4111328125 0.01513671875 0.07421875
0 0.583251953125 0.41259765625 0.01416015625 0.0712890625
0 0.667724609375 0.40087890625 0.01318359375 0.0634765625
0 0.75830078125 0.408203125 0.021484375 0.103515625
0 0.8681640625 0.42138671875 0.0341796875 0.1650390625
0 0.820068359375 0.416015625 0.03857421875 0.1875
0 0.21533203125 0.41455078125 0.0166015625 0.0810546875
0 0.22705078125 0.40966796875 0.0146484375 0.0732421875
0 0.609619140625 0.38671875 0.00830078125 0.041015625
0 0.65673828125 0.4013671875 0.0166015625 0.029296875
