0 0.999267578125 0.3515625 0.04638671875 0.228515625
0 0.833984375 0.3662109375 0.0244140625 0.12109375
0 0.833740234375 0.37451171875 0.02587890625 0.1259765625
0 0.64013671875 0.37939453125 0.0078125 0.0380859375
0 0.71533203125 0.38720703125 0.0126953125 0.0615234375
0 0.842041015625 0.3740234375 0.03173828125 0.15625
0 0.78173828125 0.37744140625 0.0302734375 0.1474609375
0 0.7275390625 0.38037109375 0.017578125 0.0849609375
0 0.74072265625 0.38427734375 0.0341796875 0.1650390625
0 0.700439453125 0.36669921875 0.00634765625 0.0185546875
0 0.6484375 0.38330078125 0.0166015625 0.0810546875
0 0.706298828125 0.380859375 0.01611328125 0.080078125
0 0.688232421875 0.376953125 0.01904296875 0.091796875
0 0.6591796875 0.3837890625 0.015625 0.076171875
0 0.620849609375 0.3857421875 0.00927734375 0.044921875
0 0.6728515625 0.384765625 0.021484375 0.103515625
0 0.672119140625 0.3857421875 0.01025390625 0.03125
0 0.633056640625 0.38427734375 0.01318359375 0.0654296875
0 0.609375 0.38720703125 0.01171875 0.0576171875
0 0.598388671875 0.37939453125 0.00732421875 0.0361328125
0 0.52392578125 0.37890625 0.0048828125 0.025390625
0 0.5166015625 0.3779296875 0.0048828125 0.0234375
0 0.454833984375 0.3916015625 0.00634765625 0.03125
0 0.409423828125 0.3955078125 0.00732421875 0.037109375
0 0.392333984375 0.40087890625 0.00732421875 0.0341796875
0 0.661865234375 0.3798828125 0.01416015625 0.068359375
0 0.3974609375 0.39697265625 0.0078125 0.0380859375
0 0.389404296875 0.3984375 0.00830078125 0.0390625
0 0.32666015625 0.39501953125 0.0068359375 0.0341796875
0 0.352783203125 0.39453125 0.00634765625 0.029296875
0 0.337890625 0.39892578125 0.005859375 0.0283203125
0 0.331298828125 0.39208984375 0.00537109375 0.0263671875
0 0.334228515625 0.41064453125 0.00732421875 0.0341796875
0 0.331298828125 0.41357421875 0.00830078125 0.0400390625
0 0.322265625 0.396484375 0.005859375 0.02734375
0 0.31884765625 0.396484375 0.005859375 0.029296875
0 0.3046875 0.39990234375 0.005859375 0.0283203125
0 0.4970703125 0.39013671875 0.0068359375 0.0302734375
