0 0.163330078125 0.42529296875 0.01416015625 0.0849609375
0 0.106201171875 0.42529296875 0.02392578125 0.0830078125
0 0.516357421875 0.3955078125 0.00830078125 0.0390625
0 0.4990234375 0.3955078125 0.00390625 0.021484375
0 0.48486328125 0.3955078125 0.0078125 0.0390625
0 0.50439453125 0.3935546875 0.005859375 0.02734375
0 0.529541015625 0.3974609375 0.00537109375 0.02734375
0 0.510986328125 0.39404296875 0.00732421875 0.0361328125
0 0.147216796875 0.42236328125 0.01416015625 0.0693359375
0 0.5234375 0.3955078125 0.0087890625 0.04296875
0 0.27978515625 0.4140625 0.0390625 0.19140625
0 0.324951171875 0.40185546875 0.03662109375 0.1787109375
0 0.35888671875 0.39892578125 0.0107421875 0.0244140625
