0 0.24951171875 0.3759765625 0.0224609375 0.109375
0 0.31201171875 0.376953125 0.01953125 0.09375
0 0.344482421875 0.3837890625 0.01611328125 0.078125
0 0.269287109375 0.38427734375 0.02001953125 0.0986328125
0 0.359130859375 0.3740234375 0.01318359375 0.064453125
0 0.1240234375 0.3955078125 0.0322265625 0.158203125
0 0.1484375 0.40087890625 0.0322265625 0.1591796875
0 0.009521484375 0.40771484375 0.04541015625 0.2197265625
0 0.0400390625 0.3984375 0.05078125 0.24609375
0 0.73681640625 0.373046875 0.029296875 0.142578125
0 0.737548828125 0.3798828125 0.02880859375 0.140625
0 0.805419921875 0.39599609375 0.03662109375 0.1787109375
0 0.886474609375 0.39013671875 0.03955078125 0.1923828125
0 0.874267578125 0.3974609375 0.05029296875 0.244140625
0 0.81591796875 0.45263671875 0.013671875 0.0966796875
0 0.21923828125 0.37158203125 0.0224609375 0.1103515625
0 0.71484375 0.37158203125 0.0234375 0.1123046875
0 0.778564453125 0.39501953125 0.04443359375 0.2158203125
