0 0.4345703125 0.40966796875 0.009765625 0.0498046875
0 0.42724609375 0.41064453125 0.0107421875 0.0517578125
0 0.406494140625 0.4150390625 0.00927734375 0.044921875
0 0.351806640625 0.4140625 0.01220703125 0.060546875
0 0.35107421875 0.4169921875 0.01171875 0.056640625
0 0.35595703125 0.41552734375 0.0146484375 0.0693359375
0 0.345458984375 0.416015625 0.01416015625 0.0703125
0 0.336181640625 0.4189453125 0.01123046875 0.052734375
0 0.2802734375 0.41748046875 0.0126953125 0.0634765625
0 0.20361328125 0.4375 0.009765625 0.048828125
0 0.177001953125 0.4287109375 0.01513671875 0.07421875
0 0.166015625 0.4345703125 0.013671875 0.06640625
0 0.169921875 0.43115234375 0.0146484375 0.0712890625
0 0.109130859375 0.4306640625 0.01806640625 0.087890625
0 0.098388671875 0.43310546875 0.01708984375 0.0830078125
0 0.09228515625 0.43994140625 0.015625 0.0751953125
0 0.102783203125 0.43212890625 0.01806640625 0.0869140625
0 0.3671875 0.419921875 0.01171875 0.05859375
0 0.069091796875 0.4404296875 0.01416015625 0.068359375
0 0.062744140625 0.43994140625 0.01806640625 0.0869140625
0 0.027587890625 0.458984375 0.01123046875 0.056640625
0 0.015869140625 0.458984375 0.01318359375 0.0625
0 0.537109375 0.41015625 0.013671875 0.06640625
0 0.669677734375 0.40283203125 0.01220703125 0.0576171875
0 0.66845703125 0.4091796875 0.01171875 0.056640625
0 0.67578125 0.408203125 0.0126953125 0.060546875
0 0.583984375 0.41357421875 0.0126953125 0.0615234375
0 0.58984375 0.408203125 0.0146484375 0.072265625
0 0.695068359375 0.4013671875 0.01318359375 0.06640625
0 0.692138671875 0.40087890625 0.01416015625 0.0693359375
0 0.70166015625 0.4091796875 0.0107421875 0.052734375
0 0.717041015625 0.40234375 0.01220703125 0.060546875
0 0.712890625 0.40576171875 0.0107421875 0.0537109375
0 0.74072265625 0.40283203125 0.013671875 0.0673828125
0 0.734619140625 0.39794921875 0.01611328125 0.0791015625
0 0.754150390625 0.39111328125 0.01513671875 0.0732421875
0 0.74853515625 0.40087890625 0.0146484375 0.0712890625
0 0.762939453125 0.39501953125 0.01416015625 0.0712890625
0 0.768798828125 0.39208984375 0.01513671875 0.0712890625
0 0.78173828125 0.39453125 0.0126953125 0.060546875
0 0.795654296875 0.390625 0.01318359375 0.064453125
0 0.8037109375 0.39013671875 0.01171875 0.0556640625
0 0.80712890625 0.390625 0.0126953125 0.0625
0 0.809326171875 0.390625 0.01318359375 0.0625
0 0.81298828125 0.3935546875 0.0126953125 0.0625
0 0.8603515625 0.3828125 0.013671875 0.06640625
0 0.8544921875 0.3857421875 0.0126953125 0.0625
0 0.88525390625 0.38330078125 0.0126953125 0.0634765625
0 0.908935546875 0.380859375 0.01416015625 0.068359375
0 0.30078125 0.41748046875 0.0107421875 0.0537109375
0 0.3310546875 0.41748046875 0.01171875 0.0576171875
0 0.19580078125 0.431640625 0.0126953125 0.0625
0 0.848876953125 0.38623046875 0.01220703125 0.0615234375
0 0.42041015625 0.41357421875 0.009765625 0.0478515625
0 0.017333984375 0.46044921875 0.01416015625 0.0673828125
0 0.086181640625 0.44140625 0.00537109375 0.01171875
0 0.37744140625 0.40087890625 0.01171875 0.0244140625
0 0.37744140625 0.43212890625 0.0078125 0.0361328125
