0 0.776611328125 0.4111328125 0.01611328125 0.078125
0 0.476318359375 0.3974609375 0.00439453125 0.01953125
0 0.595947265625 0.412109375 0.00927734375 0.044921875
0 0.61572265625 0.41064453125 0.0087890625 0.0439453125
0 0.6044921875 0.404296875 0.005859375 0.02734375
0 0.69287109375 0.40673828125 0.0234375 0.1142578125
0 0.6787109375 0.4052734375 0.0263671875 0.126953125
0 0.73291015625 0.408203125 0.0234375 0.115234375
0 0.7958984375 0.41748046875 0.0302734375 0.1474609375
0 0.84326171875 0.408203125 0.033203125 0.1640625
0 0.86865234375 0.4033203125 0.03125 0.154296875
0 0.87841796875 0.40283203125 0.037109375 0.1806640625
0 0.92236328125 0.416015625 0.025390625 0.125
0 0.961181640625 0.41845703125 0.02685546875 0.1318359375
0 0.993408203125 0.3818359375 0.00830078125 0.029296875
0 0.202880859375 0.3779296875 0.00927734375 0.044921875
0 0.059814453125 0.37109375 0.01025390625 0.05078125
0 0.031005859375 0.39013671875 0.01513671875 0.0751953125
0 0.015625 0.39111328125 0.0146484375 0.0712890625
0 0.244384765625 0.3896484375 0.00927734375 0.044921875
0 0.469482421875 0.3955078125 0.00439453125 0.021484375
0 0.0732421875 0.3681640625 0.0087890625 0.046875
0 0.08251953125 0.36865234375 0.005859375 0.0458984375
0 0.24072265625 0.38134765625 0.0078125 0.0185546875
0 0.247314453125 0.37353515625 0.00439453125 0.0068359375
