0 0.839599609375 0.38427734375 0.00732421875 0.0341796875
0 0.8447265625 0.38916015625 0.0087890625 0.0439453125
0 0.85107421875 0.3935546875 0.0087890625 0.04296875
0 0.873291015625 0.39306640625 0.01025390625 0.0498046875
0 0.867431640625 0.39697265625 0.00927734375 0.0458984375
0 0.93115234375 0.388671875 0.0107421875 0.052734375
0 0.935546875 0.39892578125 0.01171875 0.0576171875
0 0.894287109375 0.40771484375 0.01708984375 0.0849609375
0 0.912353515625 0.40576171875 0.01708984375 0.0830078125
0 0.924072265625 0.39794921875 0.01318359375 0.0654296875
0 0.94970703125 0.39404296875 0.015625 0.0751953125
0 0.945068359375 0.4033203125 0.01806640625 0.087890625
0 0.982177734375 0.400390625 0.02001953125 0.09765625
0 0.960205078125 0.40185546875 0.01806640625 0.0888671875
0 0.95654296875 0.412109375 0.025390625 0.123046875
0 0.975341796875 0.4130859375 0.02392578125 0.115234375
0 0.99609375 0.43115234375 0.0322265625 0.1572265625
0 0.7705078125 0.44384765625 0.0322265625 0.1591796875
0 0.7841796875 0.43408203125 0.037109375 0.1806640625
0 0.731689453125 0.39404296875 0.00537109375 0.0263671875
0 0.73486328125 0.392578125 0.0078125 0.037109375
0 0.7255859375 0.396484375 0.005859375 0.02734375
0 0.720947265625 0.396484375 0.00634765625 0.03125
0 0.716796875 0.3955078125 0.005859375 0.029296875
0 0.711669921875 0.396484375 0.00439453125 0.0234375
0 0.712890625 0.39794921875 0.0048828125 0.0244140625
0 0.444091796875 0.41357421875 0.00927734375 0.0458984375
0 0.380126953125 0.41943359375 0.00830078125 0.0419921875
0 0.392333984375 0.41015625 0.00537109375 0.02734375
0 0.369384765625 0.4208984375 0.00830078125 0.041015625
0 0.341552734375 0.42138671875 0.00732421875 0.0361328125
0 0.34619140625 0.421875 0.0087890625 0.04296875
0 0.325439453125 0.423828125 0.00830078125 0.0390625
0 0.331787109375 0.42138671875 0.00927734375 0.0439453125
0 0.3056640625 0.42333984375 0.0107421875 0.0537109375
0 0.293701171875 0.42431640625 0.00830078125 0.0400390625
0 0.29833984375 0.4365234375 0.0146484375 0.072265625
0 0.2861328125 0.439453125 0.013671875 0.068359375
0 0.25537109375 0.4287109375 0.01171875 0.05859375
0 0.162109375 0.4443359375 0.013671875 0.06640625
0 0.21435546875 0.421875 0.0068359375 0.033203125
0 0.220458984375 0.4375 0.01513671875 0.07421875
0 0.208984375 0.43701171875 0.013671875 0.0673828125
0 0.204833984375 0.44873046875 0.01806640625 0.0888671875
0 0.10546875 0.45068359375 0.0166015625 0.0810546875
0 0.128662109375 0.45849609375 0.01611328125 0.0791015625
0 0.14599609375 0.46533203125 0.0263671875 0.1279296875
0 0.1630859375 0.44677734375 0.0126953125 0.0615234375
0 0.119140625 0.46923828125 0.0263671875 0.1298828125
0 0.0791015625 0.45849609375 0.025390625 0.1240234375
0 0.044189453125 0.4482421875 0.01806640625 0.087890625
0 0.03857421875 0.46484375 0.0234375 0.11328125
0 0.020751953125 0.46337890625 0.02392578125 0.1162109375
0 0.068115234375 0.49169921875 0.03564453125 0.1728515625
0 0.701416015625 0.39599609375 0.00439453125 0.0205078125
0 0.178955078125 0.43212890625 0.00927734375 0.0439453125
0 0.352294921875 0.42236328125 0.00830078125 0.0400390625
0 0.86083984375 0.39453125 0.0126953125 0.052734375
0 0.884765625 0.3916015625 0.0068359375 0.037109375
0 0.903564453125 0.40087890625 0.01220703125 0.0654296875
