0 0.539794921875 0.376953125 0.00830078125 0.041015625
0 0.448486328125 0.38037109375 0.00634765625 0.0302734375
0 0.461669921875 0.384765625 0.00927734375 0.044921875
0 0.457763671875 0.38671875 0.00927734375 0.046875
0 0.292724609375 0.373046875 0.02001953125 0.099609375
0 0.270751953125 0.36279296875 0.01708984375 0.0849609375
0 0.243896484375 0.37109375 0.01220703125 0.060546875
0 0.216064453125 0.36376953125 0.02197265625 0.1064453125
0 0.178466796875 0.36865234375 0.03466796875 0.1689453125
0 0.04638671875 0.37841796875 0.044921875 0.2197265625
0 0.00732421875 0.33837890625 0.0087890625 0.1064453125
0 0.357421875 0.396484375 0.0361328125 0.177734375
0 0.333740234375 0.39208984375 0.03857421875 0.1884765625
0 0.576416015625 0.384765625 0.00927734375 0.046875
0 0.651611328125 0.41455078125 0.03466796875 0.1689453125
0 0.4267578125 0.38232421875 0.009765625 0.0458984375
0 0.565673828125 0.39501953125 0.02001953125 0.0986328125
