0 0.64013671875 0.3779296875 0.00390625 0.01953125
0 0.62451171875 0.38232421875 0.0068359375 0.0341796875
0 0.574951171875 0.388671875 0.00634765625 0.03125
0 0.5791015625 0.38623046875 0.0068359375 0.0322265625
0 0.58203125 0.38525390625 0.0068359375 0.0400390625
0 0.602294921875 0.38720703125 0.00634765625 0.0322265625
0 0.564453125 0.3896484375 0.0068359375 0.03515625
0 0.568359375 0.38720703125 0.0078125 0.0380859375
0 0.43701171875 0.4052734375 0.0068359375 0.03515625
0 0.408447265625 0.412109375 0.00634765625 0.029296875
0 0.41357421875 0.41162109375 0.005859375 0.0302734375
0 0.418701171875 0.4091796875 0.00537109375 0.02734375
0 0.443359375 0.4072265625 0.0068359375 0.033203125
0 0.447021484375 0.41015625 0.00439453125 0.01953125
0 0.44970703125 0.404296875 0.0029296875 0.013671875
0 0.484375 0.396484375 0.005859375 0.029296875
0 0.49658203125 0.40234375 0.00390625 0.01953125
0 0.50146484375 0.400390625 0.0048828125 0.0234375
0 0.51220703125 0.3876953125 0.00390625 0.0234375
0 0.5107421875 0.39013671875 0.00390625 0.0205078125
0 0.515625 0.38720703125 0.0048828125 0.0244140625
0 0.983154296875 0.33154296875 0.00634765625 0.0322265625
0 0.9970703125 0.31787109375 0.0009765625 0.0107421875
0 0.993896484375 0.328125 0.00537109375 0.02734375
0 0.9677734375 0.33251953125 0.005859375 0.0283203125
0 0.97412109375 0.32275390625 0.0068359375 0.0107421875
0 0.91748046875 0.34814453125 0.009765625 0.0478515625
0 0.87109375 0.35693359375 0.0126953125 0.0615234375
0 0.8955078125 0.37255859375 0.013671875 0.0673828125
0 0.681396484375 0.390625 0.00927734375 0.044921875
0 0.668212890625 0.39501953125 0.01416015625 0.0673828125
0 0.904296875 0.35693359375 0.01171875 0.0556640625
0 0.5888671875 0.38232421875 0.005859375 0.0302734375
0 0.864013671875 0.37890625 0.02197265625 0.10546875
0 0.455810546875 0.40087890625 0.00634765625 0.0302734375
0 0.46923828125 0.40087890625 0.005859375 0.0263671875
0 0.464111328125 0.400390625 0.00732421875 0.03515625
0 0.505859375 0.3916015625 0.0029296875 0.015625
0 0.5185546875 0.38720703125 0.00390625 0.0244140625
