0 0.99755859375 0.41748046875 0.046875 0.2294921875
0 0.190185546875 0.2490234375 0.00341796875 0.017578125
0 0.921630859375 0.42626953125 0.04248046875 0.2080078125
0 0.944091796875 0.427734375 0.04150390625 0.203125
0 0.193359375 0.24951171875 0.0029296875 0.0146484375
0 0.26904296875 0.32568359375 0.0048828125 0.0244140625
0 0.035888671875 0.3779296875 0.00439453125 0.0234375
0 0.038818359375 0.39599609375 0.00927734375 0.0458984375
0 0.04638671875 0.38916015625 0.0087890625 0.0419921875
0 0.06298828125 0.38818359375 0.0107421875 0.0537109375
0 0.031494140625 0.392578125 0.01416015625 0.068359375
0 0.159912109375 0.38720703125 0.01025390625 0.0498046875
0 0.154541015625 0.38623046875 0.01220703125 0.0576171875
0 0.1494140625 0.3837890625 0.0126953125 0.0625
0 0.088623046875 0.390625 0.01123046875 0.0546875
0 0.100830078125 0.39013671875 0.01123046875 0.0537109375
0 0.117919921875 0.38525390625 0.01416015625 0.0693359375
0 0.126708984375 0.38818359375 0.01318359375 0.0634765625
0 0.168212890625 0.3798828125 0.01708984375 0.08203125
0 0.2197265625 0.39599609375 0.0126953125 0.0615234375
0 0.211181640625 0.39404296875 0.01318359375 0.0634765625
0 0.197998046875 0.38427734375 0.01708984375 0.0830078125
0 0.2607421875 0.3857421875 0.0185546875 0.08984375
0 0.245849609375 0.3935546875 0.01513671875 0.07421875
0 0.489990234375 0.39404296875 0.02392578125 0.1162109375
0 0.509033203125 0.39794921875 0.02001953125 0.0966796875
0 0.473388671875 0.404296875 0.02392578125 0.1171875
0 0.5126953125 0.3994140625 0.0244140625 0.119140625
0 0.531494140625 0.39501953125 0.02587890625 0.1279296875
0 0.54296875 0.3974609375 0.025390625 0.123046875
0 0.534912109375 0.404296875 0.02392578125 0.115234375
0 0.56591796875 0.39794921875 0.02734375 0.1318359375
0 0.583251953125 0.4013671875 0.02587890625 0.126953125
0 0.631591796875 0.41357421875 0.02685546875 0.1298828125
0 0.607177734375 0.4033203125 0.03271484375 0.158203125
0 0.673828125 0.41015625 0.033203125 0.16015625
0 0.645263671875 0.41259765625 0.03173828125 0.1552734375
0 0.701416015625 0.40576171875 0.03662109375 0.1806640625
0 0.684326171875 0.41162109375 0.03466796875 0.1689453125
0 0.779541015625 0.41552734375 0.03466796875 0.1689453125
0 0.739013671875 0.41357421875 0.03564453125 0.1748046875
0 0.493408203125 0.39990234375 0.02294921875 0.1123046875
0 0.76611328125 0.43408203125 0.0302734375 0.1494140625
