0 0.34716796875 0.3701171875 0.013671875 0.064453125
0 0.02099609375 0.40478515625 0.0185546875 0.0908203125
0 0.62548828125 0.42919921875 0.0341796875 0.1669921875
0 0.915283203125 0.41162109375 0.05615234375 0.2744140625
0 0.66650390625 0.41748046875 0.041015625 0.2021484375
0 0.891357421875 0.41015625 0.04931640625 0.240234375
0 0.642578125 0.421875 0.0341796875 0.16796875
0 0.8505859375 0.43212890625 0.05859375 0.2861328125
0 0.894287109375 0.42919921875 0.06005859375 0.2939453125
0 0.783203125 0.39794921875 0.0400390625 0.1962890625
0 0.737060546875 0.40478515625 0.03955078125 0.1943359375
0 0.60302734375 0.38671875 0.015625 0.076171875
0 0.715087890625 0.40283203125 0.08447265625 0.4111328125
