0 0.6123046875 0.35693359375 0.0078125 0.0205078125
0 0.402587890625 0.3916015625 0.01123046875 0.0546875
0 0.299072265625 0.400390625 0.01806640625 0.087890625
0 0.292236328125 0.390625 0.01318359375 0.029296875
0 0.155517578125 0.40087890625 0.01513671875 0.0244140625
0 0.21923828125 0.4013671875 0.0185546875 0.08984375
0 0.35302734375 0.388671875 0.0107421875 0.02734375
0 0.3251953125 0.39013671875 0.0087890625 0.0263671875
0 0.27734375 0.390625 0.0185546875 0.03125
0 0.36181640625 0.390625 0.013671875 0.0234375
0 0.25537109375 0.39453125 0.0126953125 0.025390625
0 0.313720703125 0.388671875 0.01806640625 0.03125
0 0.082275390625 0.427734375 0.01611328125 0.08203125
0 0.0947265625 0.4130859375 0.0224609375 0.109375
0 0.041015625 0.4150390625 0.025390625 0.123046875
0 0.002197265625 0.423828125 0.02197265625 0.10546875
0 0.020751953125 0.41748046875 0.02490234375 0.1201171875
0 0.514892578125 0.4111328125 0.03369140625 0.162109375
0 0.656982421875 0.41064453125 0.03564453125 0.1728515625
0 0.712158203125 0.39501953125 0.03076171875 0.1494140625
0 0.104248046875 0.39404296875 0.00244140625 0.0126953125
0 0.13232421875 0.3935546875 0.0283203125 0.056640625
0 0.1728515625 0.39892578125 0.0205078125 0.0302734375
0 0.18896484375 0.3876953125 0.0009765625 0.001953125
0 0.19482421875 0.3916015625 0.009765625 0.013671875
0 0.20361328125 0.408203125 0.00390625 0.005859375
0 0.217041015625 0.39599609375 0.01513671875 0.0283203125
0 0.213623046875 0.38037109375 0.00048828125 0.0009765625
0 0.214111328125 0.37744140625 0.00048828125 0.0009765625
0 0.23876953125 0.3857421875 0.017578125 0.046875
0 0.264892578125 0.392578125 0.01708984375 0.03125
0 0.283935546875 0.388671875 0.01416015625 0.021484375
0 0.2919921875 0.37939453125 0.0009765625 0.0009765625
0 0.2958984375 0.35791015625 0.0009765625 0.0009765625
0 0.297119140625 0.35693359375 0.00048828125 0.0009765625
0 0.297119140625 0.37255859375 0.00048828125 0.0009765625
0 0.3095703125 0.3828125 0.0166015625 0.048828125
0 0.326904296875 0.3779296875 0.01708984375 0.029296875
0 0.329833984375 0.38916015625 0.00048828125 0.0009765625
0 0.343994140625 0.3857421875 0.00634765625 0.013671875
0 0.375732421875 0.38134765625 0.03369140625 0.0439453125
0 0.40234375 0.39697265625 0.00390625 0.0048828125
0 0.41259765625 0.384765625 0.009765625 0.044921875
0 0.430419921875 0.37255859375 0.01416015625 0.0185546875
0 0.624755859375 0.36572265625 0.01123046875 0.0126953125
0 0.634033203125 0.36572265625 0.00634765625 0.0087890625
