0 0.844970703125 0.375 0.01611328125 0.080078125
0 0.813720703125 0.3779296875 0.01416015625 0.068359375
0 0.792724609375 0.373046875 0.01318359375 0.0625
0 0.785888671875 0.3720703125 0.01220703125 0.05859375
0 0.75244140625 0.37841796875 0.01953125 0.0966796875
0 0.771240234375 0.38037109375 0.01806640625 0.0888671875
0 0.7421875 0.37841796875 0.0185546875 0.0908203125
0 0.711669921875 0.3779296875 0.01513671875 0.072265625
0 0.7236328125 0.3701171875 0.0205078125 0.09765625
0 0.379150390625 0.4052734375 0.03076171875 0.150390625
0 0.393798828125 0.4140625 0.03076171875 0.150390625
0 0.252685546875 0.4228515625 0.03173828125 0.15625
0 0.26708984375 0.423828125 0.0283203125 0.13671875
0 0.546142578125 0.41845703125 0.04541015625 0.2216796875
0 0.52978515625 0.419921875 0.0537109375 0.26171875
0 0.561279296875 0.43896484375 0.05126953125 0.2509765625
0 0.214599609375 0.4287109375 0.03369140625 0.1640625
0 0.216552734375 0.431640625 0.05517578125 0.26953125
0 0.139404296875 0.41943359375 0.04736328125 0.2314453125
0 0.111572265625 0.4306640625 0.06201171875 0.302734375
0 0.161376953125 0.44970703125 0.06591796875 0.3212890625
0 0.014404296875 0.46044921875 0.06494140625 0.3154296875
0 0.322509765625 0.44775390625 0.06396484375 0.3115234375
0 0.73193359375 0.3818359375 0.0166015625 0.080078125
0 0.71044921875 0.3564453125 0.0146484375 0.02734375
0 0.718017578125 0.37158203125 0.00048828125 0.0009765625
