0 0.53564453125 0.353515625 0.00390625 0.01953125
0 0.531494140625 0.36181640625 0.00537109375 0.0263671875
0 0.564697265625 0.3525390625 0.00341796875 0.017578125
0 0.561279296875 0.3505859375 0.00244140625 0.013671875
0 0.55810546875 0.35205078125 0.0029296875 0.0146484375
0 0.55322265625 0.35400390625 0.0029296875 0.0146484375
0 0.547119140625 0.3486328125 0.00244140625 0.01171875
0 0.55126953125 0.34716796875 0.005859375 0.0126953125
0 0.544921875 0.3525390625 0.0029296875 0.013671875
0 0.541015625 0.34765625 0.005859375 0.01171875
0 0.683837890625 0.36474609375 0.01123046875 0.0537109375
0 0.697509765625 0.35400390625 0.01025390625 0.0498046875
0 0.70654296875 0.35595703125 0.009765625 0.0478515625
0 0.755126953125 0.328125 0.01123046875 0.052734375
0 0.776123046875 0.3291015625 0.00732421875 0.037109375
0 0.3837890625 0.3798828125 0.00390625 0.01953125
0 0.345947265625 0.38330078125 0.00537109375 0.0263671875
0 0.36181640625 0.384765625 0.005859375 0.02734375
0 0.36962890625 0.3837890625 0.005859375 0.029296875
0 0.250244140625 0.3857421875 0.00634765625 0.033203125
0 0.1669921875 0.39306640625 0.0087890625 0.0419921875
0 0.143310546875 0.39990234375 0.00830078125 0.0400390625
0 0.13427734375 0.38818359375 0.0087890625 0.0419921875
0 0.123046875 0.39111328125 0.0078125 0.0380859375
0 0.096435546875 0.12060546875 0.01904296875 0.0927734375
0 0.136962890625 0.12451171875 0.01513671875 0.0751953125
0 0.145751953125 0.12548828125 0.01611328125 0.0771484375
0 0.154296875 0.12890625 0.0146484375 0.0703125
0 0.156494140625 0.125 0.01611328125 0.078125
0 0.12841796875 0.1171875 0.01953125 0.09375
0 0.92626953125 0.07568359375 0.0126953125 0.0634765625
0 0.781494140625 0.10009765625 0.01220703125 0.0576171875
0 0.669677734375 0.09912109375 0.01513671875 0.0732421875
0 0.674560546875 0.09716796875 0.01513671875 0.0751953125
0 0.646728515625 0.1044921875 0.01318359375 0.064453125
0 0.635986328125 0.10546875 0.01318359375 0.064453125
0 0.63232421875 0.0927734375 0.0185546875 0.08984375
0 0.5185546875 0.095703125 0.0185546875 0.087890625
0 0.433837890625 0.107421875 0.01416015625 0.068359375
0 0.447998046875 0.103515625 0.01611328125 0.078125
0 0.417724609375 0.0966796875 0.01806640625 0.08984375
0 0.40185546875 0.09765625 0.0185546875 0.091796875
0 0.408447265625 0.09423828125 0.02001953125 0.0966796875
0 0.368896484375 0.10888671875 0.01513671875 0.0732421875
0 0.379150390625 0.103515625 0.01806640625 0.087890625
0 0.236083984375 0.10888671875 0.01904296875 0.0908203125
0 0.248046875 0.1064453125 0.01953125 0.09765625
0 0.247802734375 0.11279296875 0.01708984375 0.0849609375
0 0.29248046875 0.10986328125 0.0166015625 0.0810546875
0 0.30615234375 0.1103515625 0.015625 0.078125
0 0.281982421875 0.103515625 0.01806640625 0.087890625
0 0.890625 0.07421875 0.015625 0.076171875
0 0.8798828125 0.0830078125 0.015625 0.076171875
0 0.88916015625 0.08935546875 0.017578125 0.0849609375
0 0.849609375 0.09521484375 0.0166015625 0.0810546875
0 0.8408203125 0.087890625 0.01953125 0.095703125
0 0.857666015625 0.08984375 0.01904296875 0.09375
0 0.82568359375 0.0986328125 0.0146484375 0.072265625
0 0.82373046875 0.09228515625 0.017578125 0.0830078125
0 0.62841796875 0.39013671875 0.017578125 0.0849609375
0 0.904052734375 0.34912109375 0.02490234375 0.1220703125
0 0.8916015625 0.32275390625 0.01953125 0.0947265625
0 0.827392578125 0.3544921875 0.02197265625 0.10546875
0 0.842041015625 0.35888671875 0.02490234375 0.1220703125
0 0.865478515625 0.35546875 0.03662109375 0.177734375
0 0.8896484375 0.357421875 0.033203125 0.162109375
0 0.8388671875 0.36279296875 0.03515625 0.1728515625
0 0.87353515625 0.08251953125 0.0166015625 0.0810546875
0 0.889892578125 0.10693359375 0.01708984375 0.0830078125
0 0.3916015625 0.3798828125 0.0048828125 0.025390625
0 0.0419921875 0.3974609375 0.013671875 0.06640625
0 0.10595703125 0.39697265625 0.0126953125 0.0615234375
0 0.791748046875 0.35009765625 0.01904296875 0.0927734375
0 0.511962890625 0.3623046875 0.02587890625 0.033203125
0 0.526123046875 0.3486328125 0.00439453125 0.00390625
