0 0.04931640625 0.43212890625 0.01171875 0.0576171875
0 0.11279296875 0.42724609375 0.0146484375 0.0712890625
0 0.10546875 0.42724609375 0.0146484375 0.0712890625
0 0.130615234375 0.44921875 0.02001953125 0.099609375
0 0.140869140625 0.44873046875 0.03369140625 0.1630859375
0 0.192138671875 0.453125 0.02685546875 0.130859375
0 0.176025390625 0.45703125 0.02587890625 0.125
0 0.180419921875 0.4619140625 0.02978515625 0.146484375
0 0.2041015625 0.45068359375 0.0341796875 0.1669921875
0 0.017822265625 0.443359375 0.01806640625 0.08984375
0 0.276611328125 0.443359375 0.02783203125 0.134765625
0 0.269287109375 0.4501953125 0.03662109375 0.177734375
0 0.256591796875 0.45703125 0.03564453125 0.173828125
0 0.236328125 0.45654296875 0.03515625 0.1728515625
0 0.294677734375 0.45654296875 0.02978515625 0.1435546875
0 0.35595703125 0.45947265625 0.0234375 0.0712890625
0 0.3349609375 0.44384765625 0.0224609375 0.1083984375
0 0.30419921875 0.45751953125 0.0390625 0.1904296875
0 0.318359375 0.458984375 0.0390625 0.189453125
0 0.477294921875 0.4306640625 0.02001953125 0.09765625
0 0.429931640625 0.43603515625 0.02001953125 0.0966796875
0 0.401123046875 0.46923828125 0.04052734375 0.1982421875
0 0.44482421875 0.43310546875 0.021484375 0.1025390625
0 0.425537109375 0.4609375 0.03369140625 0.1640625
0 0.419921875 0.46923828125 0.041015625 0.2001953125
0 0.463134765625 0.45703125 0.03564453125 0.173828125
0 0.517578125 0.4248046875 0.015625 0.07421875
0 0.521484375 0.44140625 0.01953125 0.09375
0 0.511962890625 0.45166015625 0.02294921875 0.1123046875
0 0.554931640625 0.44677734375 0.02587890625 0.1259765625
0 0.531494140625 0.4560546875 0.02099609375 0.103515625
0 0.5400390625 0.4462890625 0.029296875 0.14453125
0 0.590576171875 0.42529296875 0.02001953125 0.0966796875
0 0.5751953125 0.45361328125 0.044921875 0.2197265625
0 0.65380859375 0.42578125 0.017578125 0.083984375
0 0.643798828125 0.4267578125 0.01806640625 0.087890625
0 0.631103515625 0.4267578125 0.01904296875 0.09375
0 0.603759765625 0.46875 0.04833984375 0.236328125
0 0.6875 0.4169921875 0.021484375 0.10546875
0 0.679931640625 0.4677734375 0.03759765625 0.18359375
0 0.77294921875 0.4580078125 0.04296875 0.2109375
0 0.668212890625 0.46142578125 0.05322265625 0.2587890625
0 0.947998046875 0.4658203125 0.05126953125 0.251953125
0 0.710693359375 0.4521484375 0.05810546875 0.28515625
0 0.74609375 0.46923828125 0.0546875 0.2646484375
0 0.795166015625 0.453125 0.04443359375 0.216796875
0 0.62255859375 0.39599609375 0.0087890625 0.0341796875
0 0.62548828125 0.44384765625 0.0087890625 0.0361328125
0 0.63525390625 0.3876953125 0.0126953125 0.01953125
0 0.63916015625 0.44677734375 0.0029296875 0.0244140625
