0 0.40576171875 0.41064453125 0.0048828125 0.0244140625
0 0.759521484375 0.435546875 0.01220703125 0.05859375
0 0.78125 0.43994140625 0.01171875 0.0576171875
0 0.790771484375 0.44482421875 0.01904296875 0.0947265625
0 0.875732421875 0.439453125 0.02392578125 0.1171875
0 0.930419921875 0.43408203125 0.03466796875 0.1689453125
0 0.950439453125 0.47314453125 0.01904296875 0.0927734375
0 0.97509765625 0.44287109375 0.03125 0.1533203125
0 0.292724609375 0.4169921875 0.02294921875 0.111328125
0 0.705322265625 0.41650390625 0.02294921875 0.1103515625
