0 0.275146484375 0.4189453125 0.01123046875 0.0546875
0 0.65234375 0.40478515625 0.0107421875 0.0537109375
0 0.1474609375 0.43310546875 0.029296875 0.1416015625
0 0.113525390625 0.431640625 0.02978515625 0.14453125
0 0.02001953125 0.427734375 0.0107421875 0.052734375
0 0.0341796875 0.42724609375 0.013671875 0.0673828125
0 0.24462890625 0.4169921875 0.0068359375 0.033203125
0 0.284912109375 0.41455078125 0.01025390625 0.0517578125
0 0.2900390625 0.4150390625 0.0107421875 0.052734375
0 0.295166015625 0.41357421875 0.01220703125 0.0615234375
0 0.351318359375 0.412109375 0.00439453125 0.021484375
0 0.34814453125 0.41162109375 0.0048828125 0.0244140625
0 0.343994140625 0.4130859375 0.00439453125 0.021484375
0 0.453369140625 0.41357421875 0.00634765625 0.0302734375
0 0.467041015625 0.41845703125 0.01416015625 0.0673828125
0 0.4794921875 0.41845703125 0.00390625 0.0205078125
0 0.504150390625 0.408203125 0.00537109375 0.02734375
0 0.501220703125 0.4091796875 0.00537109375 0.02734375
0 0.4931640625 0.40966796875 0.0068359375 0.0341796875
0 0.490966796875 0.408203125 0.00732421875 0.037109375
0 0.496826171875 0.40966796875 0.00634765625 0.0302734375
0 0.487548828125 0.40966796875 0.01708984375 0.0849609375
0 0.536376953125 0.40576171875 0.00732421875 0.0341796875
0 0.53271484375 0.41015625 0.0087890625 0.041015625
0 0.572509765625 0.4013671875 0.00830078125 0.041015625
0 0.607421875 0.4013671875 0.0087890625 0.041015625
0 0.623291015625 0.40478515625 0.00830078125 0.0400390625
0 0.640869140625 0.39990234375 0.00830078125 0.0400390625
0 0.640869140625 0.41015625 0.00732421875 0.03515625
0 0.6611328125 0.4013671875 0.0087890625 0.044921875
0 0.66796875 0.40087890625 0.009765625 0.0478515625
0 0.423583984375 0.41552734375 0.00634765625 0.0302734375
0 0.092529296875 0.43896484375 0.01708984375 0.0830078125
0 0.079833984375 0.44189453125 0.02880859375 0.1396484375
