0 0.383056640625 0.32763671875 0.00439453125 0.0224609375
0 0.37890625 0.32958984375 0.00390625 0.0185546875
0 0.374755859375 0.32861328125 0.00341796875 0.0166015625
0 0.35205078125 0.32861328125 0.00390625 0.0205078125
0 0.345947265625 0.32958984375 0.00341796875 0.0185546875
0 0.339111328125 0.33544921875 0.00830078125 0.0400390625
0 0.31787109375 0.33984375 0.0107421875 0.052734375
0 0.323486328125 0.3408203125 0.01123046875 0.0546875
0 0.309326171875 0.3427734375 0.01123046875 0.0546875
0 0.294189453125 0.34228515625 0.01318359375 0.0654296875
0 0.2822265625 0.345703125 0.0126953125 0.060546875
0 0.424072265625 0.33056640625 0.00537109375 0.0244140625
0 0.427978515625 0.330078125 0.00537109375 0.0234375
0 0.449951171875 0.32666015625 0.00634765625 0.0322265625
0 0.443603515625 0.33154296875 0.00439453125 0.0224609375
0 0.4365234375 0.330078125 0.005859375 0.029296875
0 0.433837890625 0.3291015625 0.00634765625 0.033203125
0 0.4755859375 0.33154296875 0.0048828125 0.0224609375
0 0.473876953125 0.3310546875 0.00439453125 0.021484375
0 0.46923828125 0.3291015625 0.005859375 0.029296875
0 0.46044921875 0.33251953125 0.0048828125 0.0244140625
0 0.488525390625 0.3310546875 0.00537109375 0.025390625
0 0.494384765625 0.32861328125 0.00634765625 0.0302734375
0 0.507080078125 0.32861328125 0.00634765625 0.0302734375
0 0.523681640625 0.33154296875 0.00634765625 0.0302734375
0 0.536376953125 0.32958984375 0.00634765625 0.0322265625
0 0.53955078125 0.33251953125 0.0078125 0.0400390625
0 0.544921875 0.33251953125 0.0078125 0.0380859375
0 0.549072265625 0.33349609375 0.00927734375 0.0439453125
0 0.55419921875 0.32763671875 0.0068359375 0.0322265625
0 0.542724609375 0.33349609375 0.00830078125 0.0419921875
0 0.680419921875 0.32861328125 0.00634765625 0.0322265625
0 0.676025390625 0.34521484375 0.01513671875 0.0751953125
0 0.67041015625 0.34716796875 0.0146484375 0.0712890625
0 0.556396484375 0.3212890625 0.00341796875 0.017578125
0 0.5693359375 0.330078125 0.0087890625 0.04296875
0 0.581298828125 0.3310546875 0.00830078125 0.041015625
0 0.586669921875 0.3310546875 0.00830078125 0.041015625
0 0.593505859375 0.33984375 0.01318359375 0.0625
0 0.587890625 0.3515625 0.013671875 0.06640625
0 0.602294921875 0.33154296875 0.01123046875 0.0556640625
0 0.6201171875 0.33544921875 0.0126953125 0.0615234375
0 0.6103515625 0.34814453125 0.0146484375 0.0732421875
0 0.6337890625 0.359375 0.017578125 0.0859375
0 0.618896484375 0.36083984375 0.01708984375 0.0830078125
0 0.808837890625 0.38037109375 0.03662109375 0.1787109375
0 0.75537109375 0.38818359375 0.0380859375 0.1845703125
0 0.73095703125 0.40087890625 0.041015625 0.2001953125
0 0.783203125 0.39501953125 0.0546875 0.2666015625
0 0.82763671875 0.4091796875 0.0498046875 0.244140625
0 0.890869140625 0.40283203125 0.05419921875 0.2646484375
0 0.85546875 0.42431640625 0.0556640625 0.2705078125
0 0.84033203125 0.42431640625 0.05859375 0.2861328125
0 0.927490234375 0.4248046875 0.05517578125 0.26953125
0 0.907470703125 0.42138671875 0.05712890625 0.2783203125
0 0.9853515625 0.42236328125 0.064453125 0.3154296875
0 0.9228515625 0.43017578125 0.0634765625 0.3095703125
0 0.957275390625 0.45068359375 0.07666015625 0.3740234375
0 0.728759765625 0.40673828125 0.05419921875 0.2646484375
0 0.519287109375 0.333984375 0.00634765625 0.03125
0 0.030517578125 0.380859375 0.01513671875 0.07421875
0 0.54833984375 0.34912109375 0.0107421875 0.0537109375
0 0.57861328125 0.35888671875 0.01953125 0.0947265625
0 0.561767578125 0.369140625 0.02392578125 0.1171875
