0 0.511962890625 0.33544921875 0.00830078125 0.0400390625
0 0.86474609375 0.361328125 0.044921875 0.21875
0 0.854248046875 0.37646484375 0.04345703125 0.2138671875
0 0.94775390625 0.359375 0.0517578125 0.25390625
0 0.4375 0.3388671875 0.0087890625 0.04296875
0 0.44287109375 0.34326171875 0.0107421875 0.0517578125
0 0.42919921875 0.34130859375 0.0087890625 0.0439453125
0 0.359375 0.35400390625 0.0107421875 0.0537109375
0 0.057373046875 0.38818359375 0.01611328125 0.0791015625
0 0.06884765625 0.38720703125 0.017578125 0.0849609375
0 0.694580078125 0.41357421875 0.05615234375 0.2744140625
0 0.576904296875 0.431640625 0.05810546875 0.283203125
0 0.24609375 0.36279296875 0.10546875 0.0751953125
0 0.3251953125 0.349609375 0.001953125 0.013671875
0 0.329833984375 0.361328125 0.00341796875 0.037109375
0 0.34716796875 0.3603515625 0.021484375 0.056640625
0 0.360595703125 0.37744140625 0.00146484375 0.0029296875
0 0.36962890625 0.3515625 0.0126953125 0.033203125
