0 0.980712890625 0.36572265625 0.01416015625 0.0712890625
0 0.990478515625 0.3935546875 0.02587890625 0.126953125
0 0.78857421875 0.3701171875 0.0361328125 0.173828125
0 0.794921875 0.37158203125 0.0341796875 0.1650390625
0 0.8349609375 0.38037109375 0.033203125 0.1611328125
0 0.857666015625 0.36474609375 0.04638671875 0.2275390625
0 0.815185546875 0.37890625 0.04248046875 0.20703125
0 0.742919921875 0.3779296875 0.05810546875 0.283203125
0 0.794189453125 0.37353515625 0.05712890625 0.2783203125
0 0.21728515625 0.4033203125 0.00390625 0.01953125
0 0.211181640625 0.41455078125 0.00439453125 0.0224609375
0 0.220458984375 0.41796875 0.00732421875 0.03515625
0 0.215576171875 0.4208984375 0.00830078125 0.0390625
0 0.013671875 0.44482421875 0.02734375 0.1337890625
0 0.056884765625 0.43896484375 0.02685546875 0.1318359375
0 0.340087890625 0.408203125 0.00830078125 0.041015625
0 0.3349609375 0.40576171875 0.0087890625 0.0419921875
0 0.338134765625 0.40966796875 0.00732421875 0.0380859375
0 0.35009765625 0.40771484375 0.0078125 0.0380859375
0 0.34814453125 0.40966796875 0.0078125 0.0380859375
0 0.3583984375 0.40576171875 0.0078125 0.0380859375
0 0.376953125 0.408203125 0.0068359375 0.033203125
0 0.370849609375 0.40478515625 0.00927734375 0.0439453125
0 0.4365234375 0.4072265625 0.0078125 0.037109375
0 0.428466796875 0.40283203125 0.00830078125 0.0419921875
0 0.429931640625 0.40625 0.00830078125 0.041015625
0 0.390380859375 0.40625 0.00732421875 0.03515625
0 0.385498046875 0.404296875 0.00927734375 0.044921875
0 0.401611328125 0.40576171875 0.00732421875 0.0361328125
0 0.414794921875 0.4033203125 0.00927734375 0.04296875
0 0.41015625 0.39990234375 0.0087890625 0.0439453125
0 0.418212890625 0.40087890625 0.00927734375 0.0458984375
0 0.41259765625 0.4033203125 0.0078125 0.037109375
0 0.406005859375 0.40380859375 0.00830078125 0.0419921875
0 0.537841796875 0.3955078125 0.01025390625 0.05078125
0 0.5341796875 0.3740234375 0.001953125 0.005859375
0 0.50244140625 0.39990234375 0.009765625 0.0498046875
0 0.516357421875 0.392578125 0.01025390625 0.048828125
0 0.52294921875 0.3984375 0.0107421875 0.052734375
0 0.510009765625 0.40869140625 0.00634765625 0.0302734375
0 0.51220703125 0.39990234375 0.01171875 0.0576171875
0 0.554931640625 0.4130859375 0.00830078125 0.0390625
0 0.5595703125 0.40185546875 0.0166015625 0.0830078125
0 0.60107421875 0.388671875 0.0166015625 0.08203125
0 0.058349609375 0.43505859375 0.02197265625 0.1083984375
0 0.53173828125 0.41064453125 0.0185546875 0.0908203125
0 0.57763671875 0.40380859375 0.0361328125 0.1748046875
0 0.6455078125 0.42431640625 0.083984375 0.4111328125
