0 0.27001953125 0.39013671875 0.033203125 0.1611328125
0 0.799072265625 0.40478515625 0.02587890625 0.1259765625
0 0.587646484375 0.361328125 0.00537109375 0.025390625
0 0.605224609375 0.36572265625 0.00439453125 0.0224609375
0 0.568603515625 0.38134765625 0.00732421875 0.0361328125
0 0.57421875 0.380859375 0.0078125 0.037109375
0 0.562255859375 0.3857421875 0.00927734375 0.044921875
0 0.5556640625 0.38134765625 0.0087890625 0.0439453125
0 0.78662109375 0.38818359375 0.0283203125 0.1396484375
0 0.813232421875 0.4033203125 0.02880859375 0.140625
0 0.69287109375 0.39111328125 0.0166015625 0.0810546875
0 0.709228515625 0.39208984375 0.01513671875 0.0732421875
