0 0.893798828125 0.42822265625 0.00732421875 0.0166015625
0 0.8681640625 0.42822265625 0.0107421875 0.0380859375
0 0.884765625 0.41845703125 0.0029296875 0.0146484375
0 0.88818359375 0.42822265625 0.0048828125 0.0224609375
0 0.880126953125 0.42578125 0.00634765625 0.029296875
0 0.88134765625 0.43701171875 0.0263671875 0.0595703125
0 0.7080078125 0.45361328125 0.0234375 0.0556640625
0 0.712646484375 0.43115234375 0.01416015625 0.0439453125
0 0.646484375 0.45263671875 0.005859375 0.0458984375
0 0.774169921875 0.43115234375 0.03466796875 0.1708984375
0 0.593017578125 0.44775390625 0.01708984375 0.0830078125
0 0.60595703125 0.4453125 0.017578125 0.0859375
0 0.596435546875 0.4482421875 0.01708984375 0.083984375
0 0.941162109375 0.4404296875 0.03662109375 0.1796875
0 0.9111328125 0.43115234375 0.0400390625 0.1943359375
0 0.656494140625 0.42724609375 0.03759765625 0.1826171875
0 0.6650390625 0.44140625 0.0322265625 0.158203125
0 0.58203125 0.4306640625 0.0068359375 0.048828125
0 0.69580078125 0.43212890625 0.037109375 0.1806640625
0 0.558837890625 0.44384765625 0.01806640625 0.0888671875
0 0.63330078125 0.416015625 0.04296875 0.208984375
0 0.571044921875 0.423828125 0.03466796875 0.169921875
0 0.470458984375 0.43115234375 0.01611328125 0.0771484375
0 0.4921875 0.431640625 0.033203125 0.162109375
0 0.5185546875 0.43017578125 0.0361328125 0.1767578125
0 0.569580078125 0.4326171875 0.03564453125 0.173828125
0 0.54052734375 0.4326171875 0.03515625 0.169921875
0 0.301513671875 0.42919921875 0.01220703125 0.0576171875
0 0.2900390625 0.43017578125 0.01171875 0.0556640625
0 0.30615234375 0.4296875 0.01171875 0.05859375
0 0.2958984375 0.43115234375 0.009765625 0.0478515625
0 0.281005859375 0.4267578125 0.01220703125 0.05859375
0 0.2734375 0.41943359375 0.0068359375 0.0263671875
0 0.264404296875 0.42626953125 0.01318359375 0.0634765625
0 0.112548828125 0.41796875 0.01025390625 0.048828125
0 0.104248046875 0.4208984375 0.01220703125 0.05859375
0 0.122802734375 0.4150390625 0.01220703125 0.060546875
0 0.112548828125 0.42236328125 0.01123046875 0.0556640625
0 0.00341796875 0.4169921875 0.0009765625 0.00390625
0 0.769775390625 0.43212890625 0.02587890625 0.1259765625
