0 0.51806640625 0.39794921875 0.009765625 0.0498046875
0 0.63037109375 0.3818359375 0.0078125 0.0390625
0 0.622802734375 0.384765625 0.00732421875 0.037109375
0 0.734375 0.380859375 0.0205078125 0.099609375
0 0.759033203125 0.38427734375 0.01806640625 0.0888671875
0 0.375 0.39697265625 0.0029296875 0.0146484375
0 0.3759765625 0.3994140625 0.0068359375 0.03125
0 0.49560546875 0.400390625 0.0078125 0.0390625
0 0.48828125 0.40185546875 0.0078125 0.0361328125
0 0.482177734375 0.40283203125 0.00732421875 0.0341796875
0 0.536376953125 0.39501953125 0.00830078125 0.0419921875
0 0.54345703125 0.39892578125 0.0107421875 0.0537109375
0 0.567626953125 0.37841796875 0.01220703125 0.0126953125
0 0.575927734375 0.38134765625 0.00048828125 0.0009765625
0 0.578369140625 0.38232421875 0.00048828125 0.0009765625
0 0.58056640625 0.3857421875 0.001953125 0.00390625
0 0.58447265625 0.3876953125 0.0029296875 0.013671875
