0 0.278076171875 0.41845703125 0.00927734375 0.0458984375
0 0.1552734375 0.42138671875 0.0126953125 0.0615234375
0 0.134521484375 0.42236328125 0.01318359375 0.0654296875
0 0.273681640625 0.4208984375 0.00830078125 0.041015625
0 0.57861328125 0.42138671875 0.0107421875 0.0537109375
0 0.5888671875 0.4169921875 0.01171875 0.056640625
0 0.765380859375 0.41455078125 0.01904296875 0.0947265625
0 0.789306640625 0.42822265625 0.02197265625 0.1064453125
0 0.860107421875 0.416015625 0.02099609375 0.1015625
0 0.8857421875 0.41015625 0.0224609375 0.109375
0 0.78662109375 0.42822265625 0.025390625 0.1240234375
0 0.378173828125 0.42138671875 0.01806640625 0.0341796875
