0 0.995361328125 0.40380859375 0.00634765625 0.0302734375
0 0.759033203125 0.40234375 0.00537109375 0.02734375
0 0.763427734375 0.40380859375 0.00830078125 0.0283203125
0 0.793212890625 0.3955078125 0.01318359375 0.064453125
0 0.463134765625 0.359375 0.01416015625 0.0703125
0 0.5166015625 0.3818359375 0.0185546875 0.08984375
0 0.53466796875 0.39111328125 0.0185546875 0.0888671875
0 0.474609375 0.3994140625 0.0224609375 0.109375
0 0.446533203125 0.421875 0.05419921875 0.265625
0 0.43115234375 0.43505859375 0.05078125 0.2470703125
0 0.01220703125 0.41552734375 0.0341796875 0.1689453125
0 0.006591796875 0.44677734375 0.00732421875 0.1240234375
0 0.10693359375 0.4130859375 0.0244140625 0.119140625
0 0.097900390625 0.40869140625 0.02783203125 0.1357421875
0 0.11865234375 0.41748046875 0.03125 0.1533203125
0 0.08544921875 0.41845703125 0.033203125 0.1611328125
0 0.193115234375 0.40869140625 0.02978515625 0.1435546875
0 0.213623046875 0.41162109375 0.02783203125 0.1357421875
0 0.292724609375 0.43701171875 0.04638671875 0.2255859375
0 0.272705078125 0.42919921875 0.05126953125 0.2490234375
0 0.6474609375 0.44873046875 0.068359375 0.3330078125
0 0.59521484375 0.44287109375 0.07421875 0.3623046875
0 0.95166015625 0.40380859375 0.01953125 0.0947265625
0 0.4970703125 0.40283203125 0.0244140625 0.1181640625
