0 0.89501953125 0.44287109375 0.013671875 0.0673828125
0 0.49072265625 0.455078125 0.0634765625 0.30859375
0 0.32275390625 0.46044921875 0.064453125 0.3154296875
0 0.19580078125 0.470703125 0.0634765625 0.310546875
0 0.155517578125 0.458984375 0.07177734375 0.3515625
0 0.013427734375 0.6328125 0.02099609375 0.052734375
0 0.9052734375 0.494140625 0.103515625 0.505859375
0 0.99267578125 0.72998046875 0.009765625 0.0283203125
0 0.75146484375 0.43798828125 0.009765625 0.0478515625
0 0.740966796875 0.439453125 0.00927734375 0.044921875
0 0.01416015625 0.55322265625 0.0224609375 0.2080078125
