0 0.07080078125 0.43115234375 0.0107421875 0.0517578125
0 0.999267578125 0.38623046875 0.02880859375 0.1396484375
0 0.984619140625 0.3935546875 0.02783203125 0.138671875
0 0.967041015625 0.39013671875 0.03173828125 0.1533203125
0 0.911376953125 0.4140625 0.01416015625 0.0703125
0 0.6962890625 0.40185546875 0.005859375 0.0302734375
0 0.372802734375 0.43115234375 0.00732421875 0.0361328125
0 0.379150390625 0.43212890625 0.00634765625 0.0322265625
0 0.75439453125 0.39453125 0.0166015625 0.080078125
0 0.768310546875 0.39453125 0.01806640625 0.087890625
0 0.789794921875 0.38427734375 0.02197265625 0.1083984375
0 0.389404296875 0.4306640625 0.00634765625 0.03125
0 0.467529296875 0.42236328125 0.01806640625 0.0263671875
