0 0.7919921875 0.40234375 0.0478515625 0.232421875
0 0.786376953125 0.404296875 0.04736328125 0.232421875
0 0.75 0.4052734375 0.044921875 0.220703125
0 0.765380859375 0.40478515625 0.05126953125 0.2509765625
0 0.882080078125 0.3974609375 0.02587890625 0.126953125
0 0.943115234375 0.39990234375 0.02001953125 0.0986328125
0 0.965576171875 0.38330078125 0.02587890625 0.1279296875
0 0.999755859375 0.388671875 0.02197265625 0.10546875
0 0.967529296875 0.416015625 0.01904296875 0.09375
0 0.841796875 0.37548828125 0.0087890625 0.0419921875
0 0.58251953125 0.380859375 0.0107421875 0.0546875
0 0.49365234375 0.37255859375 0.00390625 0.0185546875
0 0.367431640625 0.37109375 0.01123046875 0.013671875
