0 0.04052734375 0.4150390625 0.00390625 0.017578125
0 0.03466796875 0.4150390625 0.00390625 0.01953125
0 0.33251953125 0.40283203125 0.01171875 0.0556640625
0 0.346923828125 0.4052734375 0.01220703125 0.05859375
0 0.363525390625 0.40673828125 0.01318359375 0.0634765625
0 0.373046875 0.40869140625 0.01171875 0.0556640625
0 0.37841796875 0.40625 0.0126953125 0.0625
0 0.383544921875 0.40625 0.01123046875 0.056640625
0 0.664794921875 0.40576171875 0.02978515625 0.1455078125
0 0.649658203125 0.40869140625 0.02880859375 0.1396484375
0 0.69384765625 0.41064453125 0.0166015625 0.0791015625
0 0.80078125 0.4140625 0.0087890625 0.041015625
0 0.8486328125 0.41650390625 0.0048828125 0.0244140625
0 0.9375 0.4189453125 0.005859375 0.029296875
0 0.95068359375 0.41748046875 0.0068359375 0.0341796875
0 0.1787109375 0.40283203125 0.009765625 0.0244140625
0 0.20849609375 0.41357421875 0.01171875 0.0576171875
0 0.621826171875 0.3984375 0.02294921875 0.111328125
0 0.78515625 0.4072265625 0.009765625 0.046875
0 0.82275390625 0.40966796875 0.0087890625 0.0439453125
0 0.82568359375 0.423828125 0.00390625 0.0234375
0 0.78759765625 0.4228515625 0.00390625 0.01953125
0 0.966064453125 0.41259765625 0.00732421875 0.0361328125
0 0.885986328125 0.40380859375 0.00732421875 0.0341796875
0 0.01611328125 0.41455078125 0.025390625 0.0322265625
0 0.44091796875 0.4228515625 0.01171875 0.033203125
0 0.853759765625 0.41845703125 0.00341796875 0.0244140625
0 0.91943359375 0.4140625 0.0078125 0.0078125
0 0.931640625 0.4208984375 0.0078125 0.033203125
0 0.95947265625 0.40771484375 0.009765625 0.0205078125
0 0.96337890625 0.41650390625 0.00390625 0.0107421875
0 0.982421875 0.4091796875 0.01171875 0.025390625
0 0.987548828125 0.431640625 0.00439453125 0.0078125
