0 0.460693359375 0.38720703125 0.00537109375 0.0244140625
0 0.486328125 0.4287109375 0.04296875 0.20703125
0 0.51318359375 0.43212890625 0.0380859375 0.1865234375
0 0.5263671875 0.42626953125 0.044921875 0.2197265625
0 0.363525390625 0.39111328125 0.00927734375 0.0458984375
0 0.32470703125 0.39013671875 0.0126953125 0.0634765625
0 0.302001953125 0.39404296875 0.01513671875 0.0732421875
0 0.298583984375 0.39453125 0.02099609375 0.1015625
0 0.287353515625 0.390625 0.01318359375 0.064453125
0 0.279052734375 0.390625 0.01416015625 0.0703125
0 0.24755859375 0.3916015625 0.0146484375 0.072265625
0 0.232666015625 0.38525390625 0.01416015625 0.0673828125
0 0.202880859375 0.38720703125 0.01611328125 0.0810546875
0 0.2529296875 0.39306640625 0.013671875 0.0654296875
0 0.177978515625 0.3916015625 0.01611328125 0.080078125
0 0.15576171875 0.3955078125 0.01953125 0.095703125
0 0.13720703125 0.40087890625 0.0380859375 0.1865234375
0 0.6328125 0.39794921875 0.009765625 0.0478515625
0 0.613525390625 0.423828125 0.04345703125 0.212890625
0 0.7138671875 0.40087890625 0.0205078125 0.0986328125
0 0.336181640625 0.39599609375 0.01220703125 0.0595703125
0 0.349853515625 0.39501953125 0.01318359375 0.0634765625
0 0.4052734375 0.4033203125 0.029296875 0.142578125
0 0.338623046875 0.41943359375 0.00146484375 0.0048828125
0 0.33837890625 0.42578125 0.0009765625 0.001953125
0 0.343505859375 0.39306640625 0.00830078125 0.0556640625
0 0.345947265625 0.388671875 0.00146484375 0.005859375
0 0.3564453125 0.39111328125 0.0068359375 0.0517578125
