0 0.59033203125 0.375 0.01171875 0.056640625
0 0.605712890625 0.37109375 0.01025390625 0.05078125
0 0.619873046875 0.37060546875 0.00927734375 0.0458984375
0 0.65087890625 0.369140625 0.017578125 0.087890625
0 0.680419921875 0.359375 0.00927734375 0.046875
0 0.7060546875 0.37060546875 0.029296875 0.1416015625
0 0.73193359375 0.36767578125 0.02734375 0.1337890625
0 0.45654296875 0.38525390625 0.0087890625 0.0439453125
0 0.448974609375 0.38623046875 0.01318359375 0.0634765625
0 0.427001953125 0.390625 0.00830078125 0.041015625
0 0.418212890625 0.3896484375 0.00830078125 0.041015625
0 0.392333984375 0.3837890625 0.00830078125 0.041015625
0 0.39990234375 0.38916015625 0.0087890625 0.0419921875
0 0.3837890625 0.3896484375 0.0087890625 0.04296875
0 0.207763671875 0.40283203125 0.02001953125 0.0986328125
0 0.395751953125 0.38330078125 0.00830078125 0.0419921875
0 0.59423828125 0.37060546875 0.00390625 0.0322265625
