0 0.533203125 0.3876953125 0.0048828125 0.0234375
0 0.34375 0.41650390625 0.0068359375 0.0322265625
0 0.56396484375 0.39111328125 0.005859375 0.0283203125
0 0.655517578125 0.37890625 0.00830078125 0.041015625
0 0.654296875 0.3740234375 0.0009765625 0.015625
0 0.667236328125 0.392578125 0.01123046875 0.0546875
0 0.674560546875 0.3994140625 0.01708984375 0.083984375
0 0.68017578125 0.41015625 0.01953125 0.09375
0 0.697998046875 0.40966796875 0.02099609375 0.1025390625
0 0.727294921875 0.404296875 0.02197265625 0.10546875
0 0.714111328125 0.40771484375 0.02197265625 0.1064453125
0 0.7587890625 0.40771484375 0.017578125 0.0869140625
0 0.746826171875 0.4111328125 0.02685546875 0.1328125
0 0.78173828125 0.39111328125 0.015625 0.0751953125
0 0.7802734375 0.39794921875 0.0205078125 0.0986328125
0 0.641357421875 0.3623046875 0.00244140625 0.017578125
0 0.637451171875 0.41552734375 0.02685546875 0.1318359375
0 0.61572265625 0.416015625 0.03515625 0.171875
0 0.627197265625 0.41552734375 0.03662109375 0.1787109375
0 0.8310546875 0.400390625 0.025390625 0.123046875
0 0.84814453125 0.400390625 0.0244140625 0.119140625
0 0.87060546875 0.400390625 0.0234375 0.115234375
0 0.54638671875 0.39404296875 0.005859375 0.0283203125
0 0.56298828125 0.39306640625 0.0048828125 0.0244140625
0 0.59912109375 0.40576171875 0.0107421875 0.0537109375
