0 0.03076171875 0.4130859375 0.013671875 0.06640625
0 0.071533203125 0.41064453125 0.01220703125 0.0595703125
0 0.049072265625 0.4091796875 0.01220703125 0.060546875
0 0.043212890625 0.4150390625 0.01318359375 0.064453125
0 0.09521484375 0.41162109375 0.0126953125 0.0615234375
0 0.0888671875 0.408203125 0.0126953125 0.0625
0 0.081787109375 0.42626953125 0.02001953125 0.0986328125
0 0.10009765625 0.412109375 0.0126953125 0.0625
0 0.113525390625 0.4091796875 0.01123046875 0.0546875
0 0.119384765625 0.41162109375 0.01025390625 0.0498046875
0 0.126220703125 0.4130859375 0.01025390625 0.048828125
0 0.13720703125 0.423828125 0.0146484375 0.0703125
0 0.145751953125 0.41796875 0.01318359375 0.064453125
0 0.132080078125 0.43603515625 0.01708984375 0.0830078125
0 0.163818359375 0.42919921875 0.01806640625 0.0869140625
0 0.176025390625 0.43017578125 0.01904296875 0.0927734375
0 0.175537109375 0.43115234375 0.01904296875 0.0908203125
0 0.322021484375 0.43408203125 0.01025390625 0.0478515625
0 0.216552734375 0.4296875 0.02001953125 0.09765625
0 0.3974609375 0.43212890625 0.0126953125 0.0634765625
0 0.22705078125 0.43310546875 0.01953125 0.0966796875
0 0.46435546875 0.4404296875 0.0224609375 0.109375
0 0.482421875 0.431640625 0.025390625 0.125
0 0.4873046875 0.4345703125 0.02734375 0.134765625
0 0.49462890625 0.43310546875 0.0283203125 0.1396484375
0 0.866943359375 0.42529296875 0.01025390625 0.0498046875
0 0.876953125 0.41845703125 0.0068359375 0.0341796875
0 0.864501953125 0.43408203125 0.01318359375 0.0634765625
0 0.54296875 0.44482421875 0.0263671875 0.1279296875
0 0.81982421875 0.43798828125 0.0322265625 0.1572265625
0 0.808349609375 0.43603515625 0.03271484375 0.1611328125
0 0.518798828125 0.431640625 0.02880859375 0.140625
0 0.5234375 0.4375 0.029296875 0.14453125
0 0.53173828125 0.43408203125 0.037109375 0.1806640625
0 0.56591796875 0.43115234375 0.029296875 0.1416015625
0 0.5400390625 0.439453125 0.0361328125 0.177734375
0 0.626953125 0.43896484375 0.0244140625 0.1181640625
0 0.591552734375 0.44091796875 0.02783203125 0.1376953125
0 0.660888671875 0.42822265625 0.02880859375 0.1396484375
0 0.68017578125 0.4345703125 0.0263671875 0.12890625
0 0.65087890625 0.43310546875 0.0283203125 0.1396484375
0 0.65576171875 0.43115234375 0.0283203125 0.1396484375
0 0.658935546875 0.43896484375 0.03173828125 0.1552734375
0 0.7060546875 0.43115234375 0.0341796875 0.1669921875
0 0.729736328125 0.44775390625 0.03271484375 0.1591796875
0 0.765625 0.4423828125 0.0439453125 0.21484375
0 0.7421875 0.4580078125 0.0380859375 0.185546875
0 0.25244140625 0.435546875 0.0166015625 0.080078125
0 0.2529296875 0.43212890625 0.021484375 0.1044921875
0 0.278564453125 0.427734375 0.02294921875 0.111328125
0 0.291015625 0.43310546875 0.0205078125 0.0986328125
0 0.108154296875 0.42138671875 0.01416015625 0.0693359375
0 0.056640625 0.416015625 0.0224609375 0.076171875
0 0.0673828125 0.46728515625 0.0048828125 0.0068359375
0 0.613525390625 0.42919921875 0.02978515625 0.2080078125
0 0.858642578125 0.42626953125 0.00927734375 0.0517578125
