0 0.3828125 0.3427734375 0.0048828125 0.0234375
0 0.3701171875 0.3447265625 0.00390625 0.01953125
0 0.36279296875 0.34765625 0.0048828125 0.0234375
0 0.263916015625 0.3427734375 0.00634765625 0.03125
0 0.258056640625 0.34130859375 0.00634765625 0.0302734375
0 0.613525390625 0.34033203125 0.00732421875 0.0361328125
0 0.603759765625 0.33935546875 0.00732421875 0.0361328125
0 0.619873046875 0.33837890625 0.00732421875 0.0341796875
0 0.721435546875 0.3759765625 0.01708984375 0.08203125
0 0.73681640625 0.375 0.0146484375 0.0703125
0 0.754638671875 0.3798828125 0.01513671875 0.07421875
0 0.9375 0.4169921875 0.0146484375 0.072265625
0 0.39208984375 0.390625 0.0244140625 0.12109375
0 0.423583984375 0.33837890625 0.00927734375 0.0185546875
0 0.43603515625 0.3349609375 0.009765625 0.015625
0 0.448486328125 0.32763671875 0.01025390625 0.0126953125
