0 0.078125 0.37451171875 0.013671875 0.0673828125
0 0.089599609375 0.376953125 0.01123046875 0.052734375
0 0.0966796875 0.373046875 0.0146484375 0.072265625
0 0.118896484375 0.37109375 0.01416015625 0.0703125
0 0.107421875 0.37109375 0.013671875 0.068359375
0 0.1318359375 0.39013671875 0.01953125 0.0947265625
0 0.153564453125 0.390625 0.01904296875 0.09375
0 0.19091796875 0.3837890625 0.0185546875 0.091796875
0 0.197509765625 0.38330078125 0.02001953125 0.0986328125
0 0.237060546875 0.3798828125 0.02099609375 0.1015625
0 0.22607421875 0.38818359375 0.0185546875 0.0908203125
0 0.66259765625 0.36181640625 0.0078125 0.0380859375
0 0.509521484375 0.37255859375 0.00830078125 0.0419921875
0 0.392822265625 0.37255859375 0.01513671875 0.0732421875
0 0.407470703125 0.3671875 0.01416015625 0.068359375
0 0.602294921875 0.3876953125 0.02001953125 0.09765625
0 0.593505859375 0.3876953125 0.01904296875 0.09375
0 0.673583984375 0.392578125 0.01904296875 0.091796875
0 0.70556640625 0.38623046875 0.0205078125 0.1005859375
0 0.706298828125 0.38720703125 0.02001953125 0.0966796875
0 0.07177734375 0.369140625 0.0126953125 0.0625
0 0.016357421875 0.34716796875 0.00732421875 0.0166015625
0 0.064208984375 0.34130859375 0.01220703125 0.0283203125
0 0.07568359375 0.345703125 0.0029296875 0.013671875
0 0.088134765625 0.349609375 0.01123046875 0.0234375
0 0.103271484375 0.34814453125 0.00537109375 0.0126953125
0 0.103271484375 0.39453125 0.00439453125 0.0234375
0 0.11328125 0.345703125 0.005859375 0.015625
0 0.115234375 0.38623046875 0.005859375 0.0341796875
