0 0.85009765625 0.388671875 0.029296875 0.130859375
0 0.54541015625 0.38134765625 0.01171875 0.0576171875
0 0.5908203125 0.375 0.0185546875 0.08984375
0 0.60791015625 0.37841796875 0.0166015625 0.0810546875
0 0.618896484375 0.37548828125 0.01513671875 0.0732421875
0 0.3515625 0.36865234375 0.0166015625 0.0341796875
0 0.371826171875 0.3857421875 0.02490234375 0.12109375
0 0.5556640625 0.38037109375 0.0234375 0.1142578125
0 0.63623046875 0.3818359375 0.0556640625 0.271484375
0 0.52978515625 0.3759765625 0.01171875 0.056640625
0 0.5380859375 0.38037109375 0.0078125 0.0380859375
0 0.539306640625 0.39404296875 0.00634765625 0.0322265625
0 0.278564453125 0.376953125 0.02099609375 0.03125
0 0.31982421875 0.373046875 0.0087890625 0.033203125
0 0.335205078125 0.3759765625 0.01025390625 0.02734375
