0 0.030029296875 0.0556640625 0.00537109375 0.025390625
0 0.123046875 0.205078125 0.0087890625 0.044921875
0 0.65283203125 0.3876953125 0.0048828125 0.025390625
0 0.69775390625 0.40478515625 0.0087890625 0.0439453125
0 0.53271484375 0.39990234375 0.00390625 0.0185546875
0 0.457275390625 0.40576171875 0.00732421875 0.0361328125
0 0.4384765625 0.40869140625 0.0068359375 0.0322265625
0 0.4248046875 0.40625 0.005859375 0.029296875
0 0.162841796875 0.3193359375 0.00927734375 0.044921875
0 0.20947265625 0.28173828125 0.0087890625 0.0419921875
0 0.2216796875 0.27734375 0.009765625 0.048828125
0 0.2314453125 0.28173828125 0.0078125 0.0380859375
0 0.239013671875 0.28076171875 0.00830078125 0.0400390625
0 0.247314453125 0.279296875 0.00927734375 0.046875
0 0.21435546875 0.28271484375 0.009765625 0.0478515625
0 0.21826171875 0.2890625 0.0078125 0.0390625
0 0.204833984375 0.306640625 0.01025390625 0.048828125
0 0.1923828125 0.31005859375 0.0087890625 0.0439453125
0 0.70458984375 0.26171875 0.0087890625 0.04296875
0 0.7099609375 0.26123046875 0.0087890625 0.0439453125
0 0.67578125 0.265625 0.0087890625 0.04296875
0 0.649658203125 0.265625 0.00830078125 0.0390625
0 0.63330078125 0.263671875 0.0087890625 0.04296875
0 0.62939453125 0.26220703125 0.009765625 0.0478515625
0 0.59619140625 0.263671875 0.009765625 0.046875
0 0.576904296875 0.26318359375 0.01025390625 0.0478515625
0 0.5615234375 0.26904296875 0.0078125 0.0380859375
0 0.5498046875 0.26904296875 0.0078125 0.0400390625
0 0.545166015625 0.27197265625 0.00732421875 0.0361328125
0 0.532470703125 0.26953125 0.00830078125 0.041015625
0 0.525146484375 0.26953125 0.00830078125 0.041015625
0 0.51806640625 0.26904296875 0.0087890625 0.0439453125
0 0.48779296875 0.26953125 0.0087890625 0.04296875
0 0.49169921875 0.26953125 0.0087890625 0.04296875
0 0.495849609375 0.27099609375 0.00830078125 0.0400390625
0 0.5087890625 0.26708984375 0.0068359375 0.0341796875
0 0.5048828125 0.26708984375 0.0078125 0.0400390625
0 0.34765625 0.2802734375 0.0087890625 0.044921875
0 0.385986328125 0.28173828125 0.00732421875 0.0361328125
0 0.370361328125 0.279296875 0.00830078125 0.041015625
0 0.723388671875 0.2646484375 0.00732421875 0.037109375
0 0.4169921875 0.2802734375 0.0078125 0.037109375
0 0.75146484375 0.263671875 0.0078125 0.0390625
0 0.727783203125 0.263671875 0.00830078125 0.041015625
0 0.424072265625 0.27685546875 0.00830078125 0.0400390625
0 0.448486328125 0.27783203125 0.00732421875 0.0361328125
0 0.442626953125 0.27392578125 0.00927734375 0.0458984375
0 0.324951171875 0.40771484375 0.02197265625 0.1083984375
0 0.74658203125 0.39599609375 0.01171875 0.0556640625
0 0.752685546875 0.39599609375 0.01025390625 0.0517578125
0 0.713134765625 0.4287109375 0.02294921875 0.111328125
0 0.7216796875 0.42919921875 0.021484375 0.1044921875
0 0.901123046875 0.4111328125 0.01708984375 0.08203125
0 0.89306640625 0.40673828125 0.0166015625 0.0830078125
0 0.892822265625 0.4130859375 0.01611328125 0.078125
0 0.867431640625 0.41796875 0.01904296875 0.09375
0 0.81591796875 0.4150390625 0.0146484375 0.072265625
0 0.805908203125 0.4169921875 0.01611328125 0.080078125
0 0.8359375 0.416015625 0.015625 0.076171875
0 0.82763671875 0.41015625 0.0166015625 0.08203125
0 0.821044921875 0.4140625 0.01708984375 0.083984375
0 0.811279296875 0.42529296875 0.01611328125 0.0791015625
0 0.839599609375 0.42529296875 0.01806640625 0.0888671875
0 0.830078125 0.421875 0.017578125 0.0859375
0 0.84326171875 0.43115234375 0.015625 0.0771484375
0 0.8857421875 0.4287109375 0.0283203125 0.13671875
0 0.85693359375 0.42041015625 0.0205078125 0.1005859375
0 0.855224609375 0.4248046875 0.03076171875 0.150390625
0 0.771728515625 0.43115234375 0.02978515625 0.1455078125
0 0.760498046875 0.43603515625 0.02783203125 0.1357421875
0 0.01611328125 0.04443359375 0.015625 0.0166015625
0 0.647216796875 0.3818359375 0.01806640625 0.01953125
0 0.656005859375 0.3876953125 0.00146484375 0.009765625
0 0.666259765625 0.3818359375 0.01123046875 0.025390625
