0 0.5146484375 0.380859375 0.0068359375 0.03515625
0 0.107421875 0.3369140625 0.0126953125 0.0625
0 0.016845703125 0.41259765625 0.02197265625 0.1064453125
0 0.0400390625 0.40673828125 0.0263671875 0.1279296875
0 0.713134765625 0.3818359375 0.01220703125 0.05859375
0 0.69482421875 0.3818359375 0.013671875 0.06640625
0 0.687744140625 0.38037109375 0.01318359375 0.0654296875
0 0.6826171875 0.3837890625 0.0126953125 0.0625
0 0.704345703125 0.3837890625 0.01220703125 0.05859375
0 0.807373046875 0.3740234375 0.01416015625 0.068359375
0 0.468017578125 0.39013671875 0.00830078125 0.0400390625
0 0.8173828125 0.37451171875 0.0205078125 0.1005859375
0 0.71337890625 0.38232421875 0.0126953125 0.0615234375
0 0.39990234375 0.384765625 0.0048828125 0.013671875
0 0.405517578125 0.37744140625 0.00244140625 0.0048828125
0 0.425537109375 0.375 0.00439453125 0.00390625
0 0.4365234375 0.38671875 0.0068359375 0.025390625
0 0.522216796875 0.37353515625 0.00634765625 0.0068359375
