0 0.335205078125 0.40234375 0.00634765625 0.029296875
0 0.529296875 0.4033203125 0.00390625 0.01953125
0 0.5361328125 0.40234375 0.0048828125 0.025390625
0 0.611083984375 0.39697265625 0.00927734375 0.0458984375
0 0.609130859375 0.39990234375 0.01025390625 0.0498046875
0 0.625 0.3974609375 0.009765625 0.048828125
0 0.6181640625 0.4013671875 0.01171875 0.056640625
0 0.629638671875 0.3994140625 0.01220703125 0.05859375
0 0.6435546875 0.39697265625 0.01171875 0.0576171875
0 0.638916015625 0.39697265625 0.01123046875 0.0537109375
0 0.657470703125 0.39306640625 0.01708984375 0.0830078125
0 0.685791015625 0.390625 0.01806640625 0.08984375
0 0.66845703125 0.40673828125 0.02734375 0.1318359375
0 0.682861328125 0.4384765625 0.03173828125 0.154296875
0 0.70556640625 0.443359375 0.0302734375 0.1484375
0 0.720947265625 0.4365234375 0.03173828125 0.15625
0 0.751953125 0.4228515625 0.0361328125 0.17578125
0 0.771240234375 0.4267578125 0.03369140625 0.1640625
0 0.74755859375 0.43212890625 0.033203125 0.1611328125
0 0.810546875 0.3916015625 0.03515625 0.171875
0 0.810302734375 0.41796875 0.04443359375 0.21875
0 0.8271484375 0.421875 0.0546875 0.267578125
0 0.77734375 0.4404296875 0.0390625 0.19140625
0 0.934326171875 0.39208984375 0.02978515625 0.1455078125
0 0.765869140625 0.453125 0.03857421875 0.189453125
0 0.9892578125 0.53173828125 0.0166015625 0.0654296875
0 0.344482421875 0.40966796875 0.00537109375 0.0263671875
0 0.59326171875 0.396484375 0.0078125 0.037109375
0 0.587646484375 0.37158203125 0.00048828125 0.0009765625
0 0.591796875 0.37841796875 0.0078125 0.0166015625
0 0.60302734375 0.39453125 0.0087890625 0.04296875
0 0.78955078125 0.373046875 0.0029296875 0.005859375
0 0.794921875 0.41162109375 0.01171875 0.0693359375
0 0.80078125 0.44580078125 0.0009765625 0.0009765625
0 0.84716796875 0.39013671875 0.0087890625 0.0673828125
