0 0.495849609375 0.427734375 0.02099609375 0.1015625
0 0.489990234375 0.42724609375 0.02001953125 0.0986328125
0 0.4794921875 0.42529296875 0.0224609375 0.1103515625
0 0.494140625 0.43310546875 0.021484375 0.1044921875
0 0.5888671875 0.42138671875 0.01171875 0.0556640625
0 0.615478515625 0.41259765625 0.01611328125 0.0791015625
0 0.569580078125 0.427734375 0.02197265625 0.107421875
0 0.643798828125 0.447265625 0.06005859375 0.291015625
0 0.66455078125 0.43701171875 0.0673828125 0.3291015625
0 0.519775390625 0.431640625 0.01904296875 0.09375
0 0.380859375 0.4228515625 0.0087890625 0.041015625
0 0.372802734375 0.42236328125 0.00927734375 0.0439453125
0 0.3623046875 0.42138671875 0.0087890625 0.0439453125
0 0.387451171875 0.4267578125 0.01123046875 0.0546875
0 0.38427734375 0.43212890625 0.01171875 0.0556640625
0 0.406005859375 0.43212890625 0.02001953125 0.0986328125
0 0.344482421875 0.42041015625 0.00927734375 0.0458984375
0 0.3388671875 0.42041015625 0.009765625 0.0478515625
0 0.3310546875 0.42041015625 0.009765625 0.0478515625
0 0.226318359375 0.43505859375 0.02197265625 0.1064453125
0 0.211181640625 0.43408203125 0.02294921875 0.1123046875
0 0.047607421875 0.42041015625 0.02294921875 0.1123046875
0 0.035400390625 0.41943359375 0.02197265625 0.1064453125
0 0.01416015625 0.423828125 0.0234375 0.11328125
0 0.0009765625 0.43310546875 0.0263671875 0.1298828125
0 0.251708984375 0.4404296875 0.02001953125 0.099609375
0 0.269287109375 0.44580078125 0.01904296875 0.0927734375
0 0.50634765625 0.4306640625 0.009765625 0.046875
0 0.723876953125 0.419921875 0.05322265625 0.2578125
0 0.743896484375 0.45703125 0.07275390625 0.353515625
0 0.3193359375 0.40283203125 0.0068359375 0.0068359375
