0 0.96240234375 0.3583984375 0.0048828125 0.025390625
0 0.966552734375 0.359375 0.00537109375 0.02734375
0 0.666015625 0.3671875 0.005859375 0.02734375
0 0.657470703125 0.3740234375 0.00927734375 0.044921875
0 0.6484375 0.373046875 0.00390625 0.01953125
0 0.6533203125 0.37451171875 0.009765625 0.0458984375
0 0.62744140625 0.37548828125 0.0107421875 0.0517578125
0 0.618408203125 0.376953125 0.00927734375 0.04296875
0 0.6259765625 0.37890625 0.009765625 0.046875
0 0.6220703125 0.376953125 0.0107421875 0.052734375
0 0.57568359375 0.35302734375 0.0048828125 0.0244140625
0 0.571044921875 0.349609375 0.00634765625 0.029296875
0 0.566650390625 0.34765625 0.00537109375 0.025390625
0 0.5615234375 0.3486328125 0.0068359375 0.033203125
0 0.567626953125 0.36669921875 0.00732421875 0.0361328125
0 0.572998046875 0.3837890625 0.01025390625 0.048828125
0 0.52978515625 0.34716796875 0.0087890625 0.0419921875
0 0.535888671875 0.34912109375 0.00830078125 0.0400390625
0 0.49365234375 0.34765625 0.0068359375 0.033203125
0 0.504150390625 0.34716796875 0.00732421875 0.0361328125
0 0.511474609375 0.349609375 0.00732421875 0.033203125
0 0.51416015625 0.34619140625 0.0078125 0.0380859375
0 0.51806640625 0.3466796875 0.0087890625 0.04296875
0 0.506591796875 0.3515625 0.00830078125 0.0390625
0 0.498046875 0.34814453125 0.0078125 0.0380859375
0 0.45458984375 0.34716796875 0.0078125 0.0380859375
0 0.461181640625 0.34423828125 0.00927734375 0.0458984375
0 0.4677734375 0.3466796875 0.0078125 0.0390625
0 0.473388671875 0.34521484375 0.00927734375 0.0458984375
0 0.480712890625 0.349609375 0.00732421875 0.03515625
0 0.3984375 0.345703125 0.009765625 0.048828125
0 0.391357421875 0.34814453125 0.00927734375 0.0478515625
0 0.411865234375 0.349609375 0.01025390625 0.048828125
0 0.40771484375 0.34228515625 0.009765625 0.0478515625
0 0.401123046875 0.35009765625 0.01025390625 0.0498046875
0 0.40576171875 0.349609375 0.009765625 0.048828125
0 0.427978515625 0.34912109375 0.00634765625 0.0322265625
0 0.42431640625 0.349609375 0.0087890625 0.041015625
0 0.4169921875 0.34326171875 0.0087890625 0.0419921875
0 0.43359375 0.3447265625 0.0078125 0.037109375
0 0.4462890625 0.32421875 0.0068359375 0.01171875
0 0.452392578125 0.34326171875 0.00830078125 0.0400390625
0 0.436767578125 0.345703125 0.00732421875 0.03515625
0 0.4443359375 0.35009765625 0.009765625 0.0478515625
0 0.3681640625 0.3408203125 0.0126953125 0.060546875
0 0.3525390625 0.35009765625 0.0078125 0.0380859375
0 0.35693359375 0.34033203125 0.01171875 0.0556640625
0 0.36865234375 0.3447265625 0.009765625 0.048828125
0 0.466064453125 0.38330078125 0.01025390625 0.0498046875
0 0.47314453125 0.3876953125 0.01171875 0.056640625
0 0.416748046875 0.37939453125 0.00927734375 0.0458984375
0 0.4228515625 0.38037109375 0.009765625 0.0458984375
0 0.4365234375 0.384765625 0.009765625 0.048828125
0 0.4267578125 0.38623046875 0.0107421875 0.0537109375
0 0.4501953125 0.384765625 0.0107421875 0.052734375
0 0.40771484375 0.396484375 0.01171875 0.056640625
0 0.414306640625 0.3916015625 0.01318359375 0.064453125
0 0.341064453125 0.34619140625 0.00830078125 0.0400390625
0 0.326171875 0.34423828125 0.009765625 0.0498046875
0 0.329833984375 0.34814453125 0.00830078125 0.0400390625
0 0.33837890625 0.3486328125 0.0126953125 0.0390625
0 0.3212890625 0.341796875 0.01171875 0.056640625
0 0.293701171875 0.34033203125 0.01123046875 0.0556640625
0 0.298583984375 0.34228515625 0.01123046875 0.0537109375
0 0.18017578125 0.3369140625 0.013671875 0.06640625
0 0.20556640625 0.3486328125 0.009765625 0.046875
0 0.21484375 0.34912109375 0.009765625 0.0478515625
0 0.208984375 0.34912109375 0.009765625 0.0458984375
0 0.24609375 0.349609375 0.0087890625 0.044921875
0 0.267578125 0.3486328125 0.0087890625 0.04296875
0 0.25146484375 0.34814453125 0.009765625 0.0458984375
0 0.259765625 0.34423828125 0.01171875 0.0576171875
0 0.225341796875 0.34912109375 0.01025390625 0.0478515625
0 0.23583984375 0.345703125 0.0107421875 0.052734375
0 0.232177734375 0.34765625 0.01123046875 0.0546875
0 0.241455078125 0.34716796875 0.01123046875 0.0556640625
0 0.200439453125 0.3466796875 0.01123046875 0.052734375
0 0.194091796875 0.345703125 0.00927734375 0.046875
0 0.18994140625 0.34130859375 0.0126953125 0.0615234375
0 0.1533203125 0.3408203125 0.01171875 0.056640625
0 0.144287109375 0.3349609375 0.01318359375 0.064453125
0 0.08984375 0.3466796875 0.0107421875 0.0546875
0 0.060791015625 0.3369140625 0.01513671875 0.07421875
0 0.075439453125 0.359375 0.01123046875 0.0546875
0 0.052001953125 0.32470703125 0.01513671875 0.0751953125
0 0.0322265625 0.33642578125 0.0107421875 0.0537109375
0 0.03955078125 0.32666015625 0.013671875 0.0673828125
0 0.01171875 0.3232421875 0.013671875 0.06640625
0 0.019287109375 0.3212890625 0.01513671875 0.07421875
0 0.02392578125 0.32421875 0.0146484375 0.0703125
0 0.574462890625 0.38525390625 0.01220703125 0.0595703125
0 0.55615234375 0.375 0.009765625 0.046875
0 0.0673828125 0.40380859375 0.0166015625 0.0810546875
0 0.072265625 0.400390625 0.01953125 0.095703125
0 0.79150390625 0.36767578125 0.005859375 0.0283203125
0 0.505126953125 0.41845703125 0.02490234375 0.1220703125
0 0.3388671875 0.38671875 0.009765625 0.017578125
0 0.63232421875 0.361328125 0.005859375 0.02734375
