0 0.75634765625 0.376953125 0.005859375 0.03125
0 0.791748046875 0.3779296875 0.01123046875 0.02734375
0 0.76318359375 0.37890625 0.0068359375 0.033203125
0 0.775390625 0.3818359375 0.0078125 0.0390625
0 0.770751953125 0.3759765625 0.00830078125 0.0390625
0 0.821044921875 0.37255859375 0.01904296875 0.0927734375
0 0.84228515625 0.39013671875 0.0302734375 0.1474609375
0 0.882568359375 0.373046875 0.03466796875 0.169921875
0 0.42724609375 0.38671875 0.0234375 0.134765625
0 0.862548828125 0.376953125 0.02587890625 0.125
0 0.85302734375 0.37646484375 0.0263671875 0.1279296875
