0 0.6103515625 0.3798828125 0.01171875 0.056640625
0 0.59814453125 0.38232421875 0.0087890625 0.0439453125
0 0.605224609375 0.38134765625 0.01025390625 0.0498046875
0 0.600830078125 0.380859375 0.01025390625 0.05078125
0 0.6181640625 0.3818359375 0.0107421875 0.052734375
0 0.217041015625 0.412109375 0.02587890625 0.126953125
0 0.243408203125 0.4111328125 0.02587890625 0.126953125
0 0.260009765625 0.4130859375 0.02490234375 0.12109375
0 0.186279296875 0.40380859375 0.03173828125 0.1552734375
0 0.151123046875 0.4111328125 0.03173828125 0.154296875
0 0.0927734375 0.4609375 0.0634765625 0.310546875
0 0.08154296875 0.4609375 0.0751953125 0.3671875
0 0.448974609375 0.38818359375 0.00537109375 0.0263671875
0 0.459716796875 0.38671875 0.00537109375 0.025390625
0 0.354736328125 0.3955078125 0.00146484375 0.015625
0 0.3662109375 0.39208984375 0.0185546875 0.0283203125
