0 0.455810546875 0.3974609375 0.00439453125 0.01953125
0 0.223876953125 0.4248046875 0.00830078125 0.041015625
0 0.23095703125 0.4375 0.0107421875 0.052734375
0 0.218017578125 0.43798828125 0.01318359375 0.0654296875
0 0.203857421875 0.439453125 0.01123046875 0.0546875
0 0.1953125 0.43994140625 0.009765625 0.0478515625
0 0.190673828125 0.44091796875 0.01220703125 0.0595703125
0 0.15380859375 0.439453125 0.0107421875 0.05078125
0 0.12109375 0.4375 0.0107421875 0.052734375
0 0.09326171875 0.43798828125 0.01171875 0.0576171875
0 0.82861328125 0.4267578125 0.0087890625 0.041015625
0 0.364990234375 0.400390625 0.00537109375 0.02734375
0 0.396484375 0.41748046875 0.0068359375 0.0322265625
0 0.401611328125 0.41650390625 0.00732421875 0.0341796875
0 0.84765625 0.421875 0.0087890625 0.04296875
0 0.188232421875 0.439453125 0.01220703125 0.060546875
0 0.161865234375 0.43505859375 0.01220703125 0.0576171875
0 0.84423828125 0.4130859375 0.0048828125 0.0234375
