0 0.2900390625 0.43310546875 0.0341796875 0.1669921875
0 0.219482421875 0.40380859375 0.00732421875 0.0380859375
0 0.283203125 0.4365234375 0.033203125 0.162109375
0 0.380859375 0.384765625 0.0146484375 0.072265625
0 0.703857421875 0.1640625 0.01806640625 0.087890625
0 0.723876953125 0.1689453125 0.00634765625 0.015625
0 0.7421875 0.16455078125 0.0068359375 0.0205078125
0 0.735595703125 0.16064453125 0.01611328125 0.0771484375
0 0.7841796875 0.1552734375 0.0205078125 0.048828125
0 0.9931640625 0.1005859375 0.0087890625 0.029296875
0 0.979248046875 0.099609375 0.01611328125 0.078125
0 0.9375 0.10595703125 0.0185546875 0.0517578125
0 0.914794921875 0.12451171875 0.01220703125 0.0380859375
0 0.88232421875 0.12841796875 0.009765625 0.0478515625
0 0.89892578125 0.12158203125 0.017578125 0.0478515625
0 0.825439453125 0.1572265625 0.01611328125 0.029296875
0 0.84521484375 0.13671875 0.0224609375 0.05078125
0 0.86669921875 0.130859375 0.017578125 0.041015625
0 0.77001953125 0.41748046875 0.037109375 0.1806640625
0 0.74560546875 0.421875 0.0361328125 0.177734375
0 0.718994140625 0.4345703125 0.04150390625 0.205078125
0 0.735107421875 0.43017578125 0.04541015625 0.2216796875
0 0.760009765625 0.42333984375 0.04443359375 0.2177734375
