0 0.318603515625 0.40869140625 0.01904296875 0.0947265625
0 0.49169921875 0.40966796875 0.0146484375 0.0712890625
0 0.472900390625 0.41552734375 0.01123046875 0.0556640625
0 0.45849609375 0.40380859375 0.015625 0.0751953125
0 0.46484375 0.40771484375 0.013671875 0.0673828125
0 0.435791015625 0.40380859375 0.01416015625 0.0693359375
0 0.43359375 0.40869140625 0.0166015625 0.0810546875
0 0.3984375 0.41015625 0.0166015625 0.08203125
0 0.40283203125 0.41845703125 0.0166015625 0.0810546875
0 0.337890625 0.4111328125 0.0205078125 0.099609375
0 0.27880859375 0.384765625 0.0048828125 0.0234375
0 0.283935546875 0.38671875 0.00537109375 0.025390625
0 0.2900390625 0.38671875 0.0048828125 0.0234375
0 0.45263671875 0.41650390625 0.017578125 0.0869140625
0 0.434814453125 0.4267578125 0.01806640625 0.087890625
0 0.37060546875 0.41015625 0.0185546875 0.08984375
0 0.5849609375 0.3994140625 0.01171875 0.056640625
0 0.41455078125 0.4228515625 0.0107421875 0.05078125
