0 0.76611328125 0.3515625 0.0068359375 0.033203125
0 0.7705078125 0.35205078125 0.0068359375 0.0322265625
0 0.498046875 0.3408203125 0.0068359375 0.0234375
0 0.5029296875 0.3388671875 0.0078125 0.02734375
0 0.509765625 0.34130859375 0.0087890625 0.0322265625
0 0.554931640625 0.34033203125 0.01025390625 0.0517578125
0 0.55126953125 0.3408203125 0.01171875 0.05859375
0 0.53466796875 0.33935546875 0.0107421875 0.0517578125
0 0.543701171875 0.33935546875 0.01123046875 0.0556640625
0 0.531005859375 0.34765625 0.00537109375 0.046875
0 0.3681640625 0.3525390625 0.009765625 0.046875
0 0.34033203125 0.34619140625 0.0146484375 0.0712890625
0 0.35791015625 0.345703125 0.0185546875 0.08984375
0 0.352294921875 0.34375 0.02099609375 0.103515625
0 0.3154296875 0.30859375 0.01953125 0.09375
0 0.30810546875 0.3076171875 0.01953125 0.095703125
0 0.275146484375 0.3076171875 0.01904296875 0.09375
0 0.23876953125 0.2978515625 0.0185546875 0.08984375
0 0.3876953125 0.35791015625 0.0185546875 0.0908203125
0 0.2275390625 0.28173828125 0.0224609375 0.1083984375
0 0.099853515625 0.37744140625 0.02685546875 0.1318359375
0 0.104736328125 0.3828125 0.02587890625 0.126953125
0 0.097412109375 0.3818359375 0.02783203125 0.134765625
0 0.41455078125 0.384765625 0.0263671875 0.12890625
0 0.914794921875 0.34326171875 0.00927734375 0.0458984375
0 0.873046875 0.37841796875 0.0166015625 0.0361328125
0 0.845703125 0.37158203125 0.0146484375 0.0556640625
0 0.98681640625 0.37109375 0.017578125 0.052734375
0 0.96630859375 0.3701171875 0.017578125 0.048828125
0 0.74072265625 0.38330078125 0.021484375 0.1044921875
0 0.755859375 0.37548828125 0.025390625 0.1240234375
0 0.564697265625 0.39794921875 0.02685546875 0.1298828125
0 0.588623046875 0.39697265625 0.02783203125 0.1357421875
0 0.64208984375 0.40673828125 0.0283203125 0.1376953125
0 0.66015625 0.41845703125 0.029296875 0.1416015625
0 0.516357421875 0.33984375 0.00634765625 0.037109375
0 0.530517578125 0.3232421875 0.00341796875 0.0078125
0 0.530029296875 0.34130859375 0.00146484375 0.0166015625
0 0.539306640625 0.32177734375 0.00537109375 0.0126953125
0 0.5390625 0.34716796875 0.00390625 0.0341796875
0 0.54443359375 0.3564453125 0.00390625 0.015625
0 0.54638671875 0.3173828125 0.00390625 0.0078125
0 0.549072265625 0.3623046875 0.00146484375 0.00390625
0 0.86083984375 0.35595703125 0.015625 0.0283203125
0 0.857421875 0.3955078125 0.001953125 0.01171875
0 0.863037109375 0.392578125 0.00634765625 0.013671875
