0 0.6708984375 0.33837890625 0.0107421875 0.0517578125
0 0.65576171875 0.33935546875 0.01171875 0.0576171875
0 0.663818359375 0.34716796875 0.01513671875 0.0751953125
0 0.74658203125 0.37158203125 0.0224609375 0.1083984375
0 0.72021484375 0.373046875 0.0234375 0.11328125
0 0.90771484375 0.36328125 0.0302734375 0.1484375
0 0.873046875 0.37646484375 0.0205078125 0.1005859375
0 0.607421875 0.32568359375 0.0078125 0.0400390625
0 0.614501953125 0.32568359375 0.00830078125 0.0400390625
0 0.617431640625 0.3125 0.00634765625 0.015625
0 0.623779296875 0.3232421875 0.00927734375 0.044921875
0 0.63037109375 0.33447265625 0.0107421875 0.0517578125
0 0.639892578125 0.3310546875 0.01220703125 0.05859375
0 0.641845703125 0.333984375 0.01123046875 0.052734375
0 0.645263671875 0.34228515625 0.01220703125 0.0576171875
0 0.54833984375 0.32470703125 0.0068359375 0.0341796875
0 0.578369140625 0.32666015625 0.00732421875 0.0341796875
0 0.572509765625 0.33056640625 0.00732421875 0.0361328125
0 0.563232421875 0.32958984375 0.00830078125 0.0400390625
0 0.53955078125 0.326171875 0.0068359375 0.033203125
0 0.536376953125 0.326171875 0.00732421875 0.03515625
0 0.492431640625 0.32177734375 0.00537109375 0.0263671875
0 0.498779296875 0.322265625 0.00537109375 0.02734375
0 0.474365234375 0.32421875 0.00634765625 0.029296875
0 0.484130859375 0.3291015625 0.00927734375 0.044921875
0 0.46484375 0.3271484375 0.0068359375 0.033203125
0 0.45166015625 0.3203125 0.0068359375 0.033203125
0 0.45751953125 0.3212890625 0.0068359375 0.033203125
0 0.44580078125 0.3232421875 0.005859375 0.029296875
0 0.436767578125 0.3232421875 0.00927734375 0.044921875
0 0.42822265625 0.31884765625 0.0048828125 0.0224609375
0 0.414794921875 0.32275390625 0.00634765625 0.0302734375
0 0.418212890625 0.337890625 0.00634765625 0.03125
0 0.4130859375 0.33984375 0.0068359375 0.033203125
0 0.432861328125 0.357421875 0.01513671875 0.07421875
0 0.43115234375 0.3623046875 0.0146484375 0.0703125
0 0.62646484375 0.3671875 0.01953125 0.083984375
0 0.5224609375 0.41357421875 0.03515625 0.1708984375
0 0.37109375 0.34619140625 0.0107421875 0.0517578125
0 0.367431640625 0.35888671875 0.01220703125 0.0576171875
0 0.333984375 0.36962890625 0.0205078125 0.0986328125
0 0.32861328125 0.38671875 0.0224609375 0.111328125
0 0.35498046875 0.41845703125 0.048828125 0.2392578125
0 0.221435546875 0.39208984375 0.02685546875 0.1318359375
0 0.2470703125 0.392578125 0.025390625 0.125
0 0.21630859375 0.39453125 0.0283203125 0.138671875
0 0.204345703125 0.39599609375 0.03076171875 0.1494140625
0 0.17431640625 0.38720703125 0.02734375 0.1337890625
0 0.17724609375 0.3916015625 0.029296875 0.14453125
0 0.137451171875 0.39013671875 0.02685546875 0.1318359375
0 0.1015625 0.3916015625 0.0224609375 0.109375
0 0.14111328125 0.4013671875 0.0322265625 0.158203125
0 0.114501953125 0.39892578125 0.03466796875 0.1689453125
0 0.0546875 0.41064453125 0.0361328125 0.1748046875
0 0.598876953125 0.36376953125 0.01806640625 0.0888671875
0 0.166015625 0.4033203125 0.0341796875 0.16796875
0 0.423095703125 0.322265625 0.00537109375 0.02734375
0 0.070556640625 0.41748046875 0.03271484375 0.1591796875
