0 0.954345703125 0.37939453125 0.01318359375 0.0654296875
0 0.96875 0.380859375 0.0146484375 0.072265625
0 0.768798828125 0.35546875 0.00634765625 0.03125
0 0.90576171875 0.37744140625 0.013671875 0.0673828125
0 0.89453125 0.37890625 0.0146484375 0.0703125
0 0.935791015625 0.3779296875 0.01318359375 0.064453125
0 0.865234375 0.3720703125 0.013671875 0.068359375
0 0.67138671875 0.37744140625 0.013671875 0.0654296875
0 0.675048828125 0.3759765625 0.01416015625 0.068359375
0 0.852294921875 0.373046875 0.01416015625 0.068359375
0 0.707275390625 0.37548828125 0.01123046875 0.0556640625
0 0.794677734375 0.47314453125 0.08154296875 0.3994140625
0 0.471923828125 0.34619140625 0.00537109375 0.0263671875
0 0.479248046875 0.34716796875 0.00537109375 0.0263671875
0 0.415771484375 0.353515625 0.00732421875 0.03515625
0 0.419189453125 0.35302734375 0.00732421875 0.0361328125
0 0.75244140625 0.37158203125 0.01171875 0.0576171875
0 0.7265625 0.36962890625 0.013671875 0.0673828125
0 0.430419921875 0.34814453125 0.00634765625 0.0302734375
0 0.60205078125 0.37451171875 0.015625 0.0771484375
0 0.556884765625 0.38232421875 0.01513671875 0.0732421875
