0 0.491943359375 0.4130859375 0.00634765625 0.03125
0 0.466796875 0.4111328125 0.0048828125 0.025390625
0 0.091796875 0.41357421875 0.0205078125 0.1005859375
0 0.353759765625 0.42578125 0.02880859375 0.140625
0 0.9140625 0.4140625 0.0341796875 0.16796875
0 0.072265625 0.40966796875 0.021484375 0.1044921875
0 0.755859375 0.34326171875 0.0537109375 0.2626953125
0 0.74755859375 0.45556640625 0.0634765625 0.3076171875
0 0.960205078125 0.4052734375 0.03369140625 0.1640625
0 0.842041015625 0.45703125 0.07763671875 0.376953125
0 0.40673828125 0.43359375 0.02734375 0.1328125
