0 0.083984375 0.396484375 0.02734375 0.1328125
0 0.20947265625 0.3984375 0.0283203125 0.13671875
0 0.225341796875 0.388671875 0.02978515625 0.146484375
0 0.572998046875 0.3857421875 0.00439453125 0.0234375
0 0.586669921875 0.38916015625 0.00244140625 0.0126953125
0 0.081787109375 0.3974609375 0.03076171875 0.1484375
0 0.02490234375 0.40869140625 0.015625 0.1083984375
0 0.05810546875 0.39013671875 0.0341796875 0.0693359375
0 0.351318359375 0.40625 0.02392578125 0.115234375
0 0.38671875 0.41259765625 0.021484375 0.1044921875
0 0.415283203125 0.3955078125 0.02783203125 0.13671875
0 0.439453125 0.4697265625 0.0908203125 0.443359375
0 0.52734375 0.3916015625 0.0068359375 0.03125
0 0.947998046875 0.41552734375 0.07666015625 0.1845703125
0 0.95703125 0.4365234375 0.0810546875 0.140625
0 0.8828125 0.3818359375 0.0517578125 0.25390625
0 0.052978515625 0.4111328125 0.02783203125 0.107421875
0 0.017578125 0.41015625 0.029296875 0.11328125
0 0.40966796875 0.41796875 0.01953125 0.095703125
0 0.582763671875 0.3857421875 0.00537109375 0.025390625
0 0.578125 0.38427734375 0.0048828125 0.0244140625
0 0.589599609375 0.38671875 0.00341796875 0.017578125
0 0.243408203125 0.41015625 0.02783203125 0.1015625
