0 0.730712890625 0.3798828125 0.00830078125 0.041015625
0 0.7060546875 0.38037109375 0.0078125 0.0380859375
0 0.70947265625 0.380859375 0.0078125 0.0390625
0 0.713623046875 0.380859375 0.00830078125 0.0390625
0 0.723876953125 0.37939453125 0.00927734375 0.0439453125
0 0.808837890625 0.46630859375 0.08447265625 0.4130859375
0 0.8154296875 0.470703125 0.0908203125 0.443359375
0 0.992431640625 0.46923828125 0.08056640625 0.3916015625
0 0.968994140625 0.50146484375 0.08642578125 0.4208984375
0 0.66650390625 0.44091796875 0.08203125 0.3994140625
0 0.65625 0.4697265625 0.0810546875 0.396484375
0 0.035888671875 0.43408203125 0.01513671875 0.0732421875
0 0.570556640625 0.3955078125 0.00732421875 0.03515625
0 0.572265625 0.3974609375 0.0068359375 0.033203125
0 0.578125 0.4052734375 0.0048828125 0.0234375
0 0.586181640625 0.40185546875 0.01025390625 0.0517578125
0 0.48974609375 0.40673828125 0.01171875 0.0556640625
0 0.556396484375 0.46923828125 0.06103515625 0.2998046875
0 0.489013671875 0.40869140625 0.01025390625 0.0498046875
0 0.466552734375 0.41064453125 0.01220703125 0.0576171875
0 0.53125 0.44140625 0.080078125 0.390625
0 0.552001953125 0.45703125 0.07958984375 0.388671875
0 0.627685546875 0.4794921875 0.09130859375 0.4453125
0 0.173095703125 0.42529296875 0.01123046875 0.0537109375
0 0.4365234375 0.41259765625 0.00390625 0.0185546875
0 0.44140625 0.4091796875 0.0048828125 0.0234375
0 0.3916015625 0.4033203125 0.0078125 0.037109375
0 0.386962890625 0.4033203125 0.00830078125 0.041015625
0 0.379150390625 0.41552734375 0.00341796875 0.0166015625
0 0.3828125 0.4072265625 0.0068359375 0.033203125
0 0.38916015625 0.41943359375 0.01171875 0.0576171875
0 0.360107421875 0.404296875 0.00830078125 0.0390625
0 0.347412109375 0.408203125 0.01025390625 0.048828125
0 0.3544921875 0.4189453125 0.0126953125 0.0625
0 0.20947265625 0.41748046875 0.0087890625 0.0419921875
0 0.284423828125 0.4951171875 0.05517578125 0.267578125
0 0.309814453125 0.453125 0.06103515625 0.298828125
0 0.3095703125 0.490234375 0.0849609375 0.4140625
0 0.066650390625 0.5 0.05712890625 0.279296875
0 0.096435546875 0.4853515625 0.07080078125 0.345703125
0 0.156982421875 0.48388671875 0.07470703125 0.3642578125
0 0.122314453125 0.51904296875 0.06884765625 0.3369140625
0 0.018310546875 0.5126953125 0.06005859375 0.29296875
0 0.241455078125 0.49853515625 0.09619140625 0.4697265625
0 0.3623046875 0.4052734375 0.0087890625 0.04296875
0 0.33984375 0.4111328125 0.0107421875 0.052734375
0 0.719970703125 0.3779296875 0.00927734375 0.044921875
0 0.40869140625 0.41455078125 0.0029296875 0.0146484375
0 0.412109375 0.4072265625 0.005859375 0.029296875
0 0.41650390625 0.4150390625 0.0107421875 0.0546875
0 0.4052734375 0.40576171875 0.0068359375 0.0322265625
0 0.20458984375 0.41455078125 0.009765625 0.0458984375
0 0.248046875 0.4716796875 0.0703125 0.341796875
0 0.217041015625 0.408203125 0.00927734375 0.02734375
0 0.3974609375 0.4150390625 0.0107421875 0.056640625
0 0.430908203125 0.4091796875 0.00927734375 0.02734375
0 0.45361328125 0.408203125 0.0068359375 0.025390625
0 0.468017578125 0.4306640625 0.00341796875 0.009765625
0 0.477294921875 0.41162109375 0.01318359375 0.0537109375
0 0.7509765625 0.3720703125 0.037109375 0.041015625
