0 0.09912109375 0.44140625 0.0146484375 0.0703125
0 0.13037109375 0.43994140625 0.009765625 0.0341796875
0 0.1435546875 0.45166015625 0.0126953125 0.0615234375
0 0.153564453125 0.451171875 0.01416015625 0.0703125
0 0.18896484375 0.44677734375 0.0146484375 0.0732421875
0 0.17333984375 0.45166015625 0.013671875 0.0673828125
0 0.2021484375 0.43896484375 0.009765625 0.0478515625
0 0.21240234375 0.44677734375 0.0107421875 0.0517578125
0 0.232177734375 0.4169921875 0.00537109375 0.02734375
0 0.2353515625 0.43408203125 0.0078125 0.0380859375
0 0.421875 0.40771484375 0.015625 0.0751953125
0 0.4052734375 0.40869140625 0.0087890625 0.0419921875
0 0.375732421875 0.41650390625 0.00830078125 0.0400390625
0 0.36572265625 0.419921875 0.0087890625 0.04296875
0 0.359130859375 0.419921875 0.00927734375 0.044921875
0 0.3447265625 0.42041015625 0.0078125 0.0380859375
0 0.348876953125 0.4189453125 0.00830078125 0.041015625
0 0.281982421875 0.416015625 0.00634765625 0.029296875
0 0.27880859375 0.42919921875 0.0087890625 0.0419921875
0 0.27001953125 0.43310546875 0.0078125 0.0400390625
0 0.275390625 0.43115234375 0.0087890625 0.0419921875
0 0.30859375 0.4306640625 0.0107421875 0.05078125
0 0.295166015625 0.43701171875 0.01025390625 0.0498046875
0 0.859130859375 0.3759765625 0.04541015625 0.220703125
0 0.853515625 0.36474609375 0.0517578125 0.2529296875
0 0.56494140625 0.39306640625 0.033203125 0.1630859375
0 0.567626953125 0.380859375 0.03759765625 0.185546875
0 0.546142578125 0.39306640625 0.03271484375 0.1611328125
0 0.52783203125 0.42431640625 0.060546875 0.2939453125
0 0.593017578125 0.42724609375 0.05908203125 0.2880859375
0 0.646240234375 0.36767578125 0.05029296875 0.2451171875
0 0.690185546875 0.37158203125 0.05126953125 0.2509765625
0 0.718017578125 0.365234375 0.05224609375 0.255859375
0 0.719970703125 0.3779296875 0.05224609375 0.25390625
0 0.676025390625 0.39306640625 0.06396484375 0.3115234375
0 0.655517578125 0.41064453125 0.06494140625 0.3173828125
0 0.78662109375 0.35986328125 0.0576171875 0.2802734375
0 0.7568359375 0.38134765625 0.0556640625 0.2705078125
0 0.22509765625 0.43798828125 0.0087890625 0.0400390625
0 0.243408203125 0.43359375 0.00830078125 0.041015625
0 0.333251953125 0.40673828125 0.00439453125 0.0224609375
0 0.768310546875 0.36865234375 0.04833984375 0.2353515625
0 0.20751953125 0.42529296875 0.033203125 0.0419921875
0 0.225341796875 0.41748046875 0.00048828125 0.0009765625
0 0.22802734375 0.42431640625 0.0029296875 0.0126953125
