0 0.48388671875 0.39892578125 0.0078125 0.0380859375
0 0.48974609375 0.40087890625 0.0068359375 0.0322265625
0 0.49609375 0.4013671875 0.0068359375 0.033203125
0 0.493408203125 0.40185546875 0.00732421875 0.0341796875
0 0.501953125 0.4033203125 0.0068359375 0.033203125
0 0.530517578125 0.40576171875 0.00927734375 0.0439453125
0 0.535400390625 0.40576171875 0.01025390625 0.0498046875
0 0.54443359375 0.39990234375 0.0087890625 0.0439453125
0 0.55224609375 0.40380859375 0.01171875 0.0576171875
0 0.54248046875 0.408203125 0.01171875 0.056640625
0 0.56298828125 0.4052734375 0.0126953125 0.0625
0 0.5556640625 0.40625 0.01171875 0.056640625
0 0.575439453125 0.404296875 0.01318359375 0.0625
0 0.65087890625 0.40869140625 0.0234375 0.1142578125
0 0.676025390625 0.4130859375 0.02099609375 0.103515625
0 0.701416015625 0.4091796875 0.02197265625 0.107421875
0 0.859619140625 0.42431640625 0.03564453125 0.1748046875
0 0.89697265625 0.40673828125 0.0419921875 0.2060546875
0 0.35009765625 0.4013671875 0.00390625 0.01953125
0 0.353271484375 0.400390625 0.00439453125 0.021484375
0 0.321533203125 0.4052734375 0.00634765625 0.03125
0 0.313720703125 0.4033203125 0.00634765625 0.029296875
0 0.26220703125 0.41259765625 0.009765625 0.0478515625
0 0.246826171875 0.41162109375 0.01025390625 0.0498046875
0 0.248291015625 0.4140625 0.01123046875 0.052734375
0 0.238525390625 0.4140625 0.01123046875 0.0546875
0 0.254150390625 0.4111328125 0.01220703125 0.05859375
0 0.19873046875 0.41796875 0.015625 0.078125
0 0.1796875 0.41748046875 0.015625 0.0771484375
