0 0.021728515625 0.4580078125 0.03759765625 0.19140625
0 0.29833984375 0.41748046875 0.005859375 0.0302734375
0 0.326171875 0.4150390625 0.005859375 0.02734375
0 0.334716796875 0.41650390625 0.00634765625 0.0322265625
0 0.341064453125 0.4130859375 0.00634765625 0.029296875
0 0.35595703125 0.41259765625 0.0087890625 0.0244140625
0 0.43896484375 0.43408203125 0.0224609375 0.1103515625
0 0.439697265625 0.44189453125 0.02099609375 0.1044921875
0 0.47216796875 0.44775390625 0.03125 0.1533203125
0 0.44384765625 0.44384765625 0.0341796875 0.1669921875
0 0.66455078125 0.4521484375 0.0390625 0.189453125
0 0.614990234375 0.44580078125 0.04150390625 0.2021484375
0 0.709716796875 0.43896484375 0.04345703125 0.2099609375
0 0.880126953125 0.43408203125 0.06298828125 0.3076171875
0 0.9248046875 0.45703125 0.0751953125 0.3671875
0 0.86669921875 0.44775390625 0.0810546875 0.3935546875
0 0.83544921875 0.44189453125 0.08984375 0.4365234375
0 0.87109375 0.42333984375 0.0625 0.3056640625
0 0.424560546875 0.39013671875 0.01220703125 0.0302734375
