0 0.210205078125 0.365234375 0.01904296875 0.09375
0 0.19873046875 0.37255859375 0.0185546875 0.0908203125
0 0.23046875 0.3671875 0.0185546875 0.08984375
0 0.21533203125 0.37158203125 0.01953125 0.0927734375
0 0.405029296875 0.34130859375 0.00537109375 0.0244140625
0 0.41357421875 0.3837890625 0.0234375 0.11328125
0 0.38525390625 0.384765625 0.0224609375 0.111328125
0 0.51220703125 0.380859375 0.017578125 0.083984375
0 0.51806640625 0.3818359375 0.0185546875 0.08984375
0 0.61376953125 0.3466796875 0.0205078125 0.099609375
0 0.597900390625 0.3935546875 0.01025390625 0.046875
0 0.603759765625 0.390625 0.02001953125 0.056640625
0 0.63818359375 0.3828125 0.015625 0.048828125
0 0.400390625 0.341796875 0.0048828125 0.0234375
0 0.6376953125 0.375 0.0205078125 0.1015625
0 0.396484375 0.341796875 0.0078125 0.02734375
0 0.401611328125 0.3525390625 0.00341796875 0.005859375
0 0.404052734375 0.35498046875 0.00048828125 0.0009765625
0 0.484130859375 0.390625 0.02099609375 0.080078125
0 0.503662109375 0.423828125 0.00732421875 0.01171875
0 0.526123046875 0.38818359375 0.00146484375 0.0166015625
0 0.5322265625 0.36279296875 0.009765625 0.0244140625
0 0.5537109375 0.36181640625 0.01953125 0.0322265625
