0 0.68701171875 0.39404296875 0.0029296875 0.0146484375
0 0.630615234375 0.39208984375 0.00537109375 0.0263671875
0 0.625 0.39453125 0.0048828125 0.0234375
0 0.09912109375 0.427734375 0.0048828125 0.025390625
0 0.95166015625 0.36669921875 0.0078125 0.0380859375
0 0.006591796875 0.431640625 0.00830078125 0.0390625
0 0.87744140625 0.38623046875 0.01171875 0.0556640625
0 0.006103515625 0.41259765625 0.00537109375 0.0185546875
0 0.004150390625 0.43994140625 0.00146484375 0.0185546875
0 0.009033203125 0.4375 0.00146484375 0.005859375
0 0.0712890625 0.4296875 0.01171875 0.029296875
0 0.08935546875 0.42724609375 0.0126953125 0.0322265625
0 0.676513671875 0.39404296875 0.00537109375 0.0205078125
0 0.93310546875 0.35302734375 0.0146484375 0.0146484375
