0 0.56982421875 0.43310546875 0.017578125 0.0849609375
0 0.572509765625 0.43798828125 0.01708984375 0.0849609375
0 0.697265625 0.4443359375 0.017578125 0.083984375
0 0.706787109375 0.44189453125 0.02001953125 0.0966796875
0 0.717529296875 0.44384765625 0.01904296875 0.0927734375
0 0.77294921875 0.44384765625 0.0205078125 0.0986328125
0 0.848876953125 0.451171875 0.08154296875 0.396484375
0 0.91259765625 0.4765625 0.076171875 0.373046875
0 0.879150390625 0.4716796875 0.10595703125 0.517578125
0 0.64306640625 0.47021484375 0.0732421875 0.3564453125
0 0.614013671875 0.46142578125 0.08154296875 0.3994140625
0 0.482421875 0.47314453125 0.06640625 0.3232421875
0 0.342041015625 0.45068359375 0.06884765625 0.3349609375
0 0.337158203125 0.47802734375 0.07763671875 0.3798828125
0 0.224365234375 0.45166015625 0.07666015625 0.3740234375
0 0.28076171875 0.47265625 0.076171875 0.373046875
0 0.167236328125 0.474609375 0.07568359375 0.369140625
0 0.363525390625 0.4228515625 0.08447265625 0.412109375
0 0.894287109375 0.49169921875 0.09033203125 0.4423828125
