0 0.470703125 0.46728515625 0.0107421875 0.0537109375
0 0.041259765625 0.4775390625 0.01513671875 0.07421875
0 0.533935546875 0.4736328125 0.02197265625 0.109375
0 0.494873046875 0.4677734375 0.02197265625 0.109375
0 0.445556640625 0.46826171875 0.01318359375 0.0634765625
0 0.478759765625 0.46435546875 0.01513671875 0.0751953125
0 0.419921875 0.4658203125 0.015625 0.078125
0 0.299072265625 0.470703125 0.02294921875 0.111328125
0 0.146728515625 0.47509765625 0.02685546875 0.1318359375
0 0.05078125 0.478515625 0.015625 0.076171875
0 0.01708984375 0.474609375 0.02734375 0.130859375
0 0.00634765625 0.47216796875 0.03125 0.1533203125
0 0.692626953125 0.4755859375 0.00634765625 0.029296875
0 0.43017578125 0.4638671875 0.0068359375 0.0078125
0 0.4375 0.46435546875 0.005859375 0.0166015625
