0 0.68408203125 0.396484375 0.0029296875 0.0234375
0 0.448974609375 0.40185546875 0.01318359375 0.0654296875
0 0.39990234375 0.40185546875 0.0185546875 0.0908203125
0 0.2109375 0.4130859375 0.0302734375 0.1484375
0 0.731201171875 0.3984375 0.00830078125 0.041015625
0 0.717529296875 0.3984375 0.00830078125 0.0390625
0 0.723876953125 0.39111328125 0.01904296875 0.0908203125
0 0.76171875 0.39501953125 0.0087890625 0.0419921875
0 0.77294921875 0.3935546875 0.015625 0.076171875
0 0.787353515625 0.3916015625 0.01611328125 0.078125
0 0.80126953125 0.39013671875 0.009765625 0.0478515625
0 0.794677734375 0.3955078125 0.01416015625 0.068359375
0 0.353271484375 0.40185546875 0.01904296875 0.0947265625
0 0.56640625 0.39013671875 0.01953125 0.0947265625
0 0.666259765625 0.39990234375 0.00537109375 0.0263671875
0 0.214111328125 0.41455078125 0.02978515625 0.1455078125
0 0.685302734375 0.400390625 0.00537109375 0.025390625
0 0.30126953125 0.38037109375 0.005859375 0.0361328125
0 0.319580078125 0.3798828125 0.01708984375 0.03515625
