0 0.950927734375 0.43115234375 0.02294921875 0.1123046875
0 0.947021484375 0.43359375 0.02392578125 0.1171875
0 0.9658203125 0.4228515625 0.02734375 0.134765625
0 0.70703125 0.4267578125 0.0146484375 0.072265625
0 0.7255859375 0.44091796875 0.0302734375 0.1494140625
0 0.891845703125 0.42822265625 0.02197265625 0.1064453125
0 0.618408203125 0.4306640625 0.02978515625 0.146484375
0 0.029052734375 0.40576171875 0.02587890625 0.1259765625
0 0.05029296875 0.4091796875 0.025390625 0.125
0 0.077880859375 0.41162109375 0.02392578125 0.1162109375
0 0.10791015625 0.39404296875 0.01953125 0.0947265625
0 0.08056640625 0.39208984375 0.0185546875 0.0283203125
0 0.012939453125 0.40869140625 0.03173828125 0.1533203125
0 0.0654296875 0.4404296875 0.046875 0.125
0 0.0986328125 0.44287109375 0.0283203125 0.1279296875
0 0.2724609375 0.40478515625 0.0244140625 0.1181640625
0 0.388427734375 0.4208984375 0.02880859375 0.140625
0 0.24169921875 0.42041015625 0.025390625 0.1220703125
0 0.138916015625 0.39453125 0.02294921875 0.0703125
0 0.241455078125 0.390625 0.03271484375 0.11328125
0 0.230712890625 0.46826171875 0.00439453125 0.0126953125
0 0.24072265625 0.47021484375 0.0009765625 0.0009765625
0 0.242919921875 0.47021484375 0.00244140625 0.0009765625
0 0.25390625 0.4560546875 0.0048828125 0.03125
0 0.251708984375 0.4560546875 0.00048828125 0.00390625
0 0.255859375 0.4140625 0.00390625 0.01171875
0 0.44091796875 0.38916015625 0.0263671875 0.1083984375
0 0.434326171875 0.46728515625 0.01025390625 0.0556640625
0 0.435302734375 0.41015625 0.01123046875 0.02734375
