0 0.661865234375 0.3974609375 0.03369140625 0.1640625
0 0.388427734375 0.37939453125 0.01806640625 0.0888671875
0 0.40234375 0.400390625 0.029296875 0.142578125
0 0.424560546875 0.38330078125 0.02001953125 0.0986328125
0 0.477294921875 0.39208984375 0.02685546875 0.1318359375
0 0.569580078125 0.38525390625 0.03466796875 0.1669921875
0 0.096923828125 0.39404296875 0.00927734375 0.0458984375
0 0.085205078125 0.3935546875 0.00927734375 0.044921875
0 0.066650390625 0.3935546875 0.01025390625 0.05078125
0 0.07568359375 0.39306640625 0.009765625 0.0498046875
0 0.008544921875 0.3955078125 0.01123046875 0.0546875
0 0.02734375 0.39501953125 0.0087890625 0.0419921875
0 0.033203125 0.39794921875 0.015625 0.0498046875
