0 0.97705078125 0.42138671875 0.02734375 0.1337890625
0 0.998779296875 0.4111328125 0.03076171875 0.150390625
0 0.8759765625 0.4130859375 0.01953125 0.09375
0 0.85498046875 0.416015625 0.0234375 0.115234375
0 0.8671875 0.4208984375 0.0224609375 0.109375
0 0.900634765625 0.41748046875 0.02392578125 0.1142578125
0 0.90478515625 0.42041015625 0.0244140625 0.1201171875
0 0.015380859375 0.43115234375 0.01123046875 0.0556640625
0 0.274169921875 0.43994140625 0.03076171875 0.1494140625
0 0.831787109375 0.412109375 0.02001953125 0.09765625
