0 0.336669921875 0.40478515625 0.00537109375 0.0263671875
0 0.212646484375 0.41943359375 0.01416015625 0.0693359375
0 0.2333984375 0.4296875 0.005859375 0.029296875
0 0.19921875 0.4306640625 0.0078125 0.0390625
0 0.10009765625 0.43701171875 0.0078125 0.0380859375
0 0.264404296875 0.44970703125 0.03271484375 0.1611328125
0 0.41943359375 0.40673828125 0.0068359375 0.0322265625
0 0.492919921875 0.3984375 0.00537109375 0.02734375
0 0.487548828125 0.39208984375 0.01025390625 0.0498046875
0 0.66357421875 0.37353515625 0.0126953125 0.0615234375
0 0.588623046875 0.38330078125 0.01806640625 0.0888671875
