0 0.756103515625 0.05126953125 0.01806640625 0.0869140625
0 0.732421875 0.169921875 0.015625 0.076171875
0 0.640869140625 0.396484375 0.01806640625 0.087890625
0 0.29833984375 0.4169921875 0.02734375 0.1328125
0 0.089111328125 0.42578125 0.01416015625 0.068359375
0 0.61376953125 0.39501953125 0.0224609375 0.1103515625
0 0.5478515625 0.40185546875 0.00390625 0.0302734375
0 0.5556640625 0.39501953125 0.0087890625 0.0224609375
0 0.552490234375 0.4111328125 0.00146484375 0.0078125
0 0.55810546875 0.41064453125 0.001953125 0.0009765625
