0 0.9833984375 0.39013671875 0.0458984375 0.2236328125
0 0.63134765625 0.404296875 0.017578125 0.087890625
0 0.66162109375 0.3955078125 0.0185546875 0.091796875
0 0.88037109375 0.4033203125 0.044921875 0.21875
0 0.3056640625 0.42236328125 0.0048828125 0.0244140625
0 0.2705078125 0.43017578125 0.0078125 0.0361328125
0 0.277099609375 0.427734375 0.00830078125 0.0390625
0 0.28466796875 0.42724609375 0.0068359375 0.0341796875
0 0.338134765625 0.42041015625 0.00732421875 0.0361328125
0 0.508056640625 0.41015625 0.01220703125 0.05859375
0 0.51611328125 0.41357421875 0.0166015625 0.0830078125
0 0.47265625 0.423828125 0.01171875 0.05859375
0 0.35009765625 0.4169921875 0.0068359375 0.033203125
