0 0.11328125 0.40380859375 0.0166015625 0.0517578125
0 0.12841796875 0.39453125 0.0146484375 0.072265625
0 0.0078125 0.4404296875 0.009765625 0.123046875
0 0.038330078125 0.41650390625 0.02587890625 0.1259765625
0 0.0703125 0.42578125 0.02734375 0.1328125
0 0.055419921875 0.421875 0.02978515625 0.14453125
0 0.059814453125 0.427734375 0.02978515625 0.146484375
0 0.728515625 0.388671875 0.0087890625 0.04296875
0 0.78662109375 0.38427734375 0.009765625 0.0478515625
0 0.793701171875 0.37353515625 0.01025390625 0.0498046875
0 0.904052734375 0.37548828125 0.01220703125 0.0615234375
0 0.986572265625 0.359375 0.01220703125 0.01953125
0 0.7177734375 0.4140625 0.0283203125 0.13671875
0 0.776123046875 0.38330078125 0.00830078125 0.0400390625
0 0.751220703125 0.421875 0.02783203125 0.134765625
0 0.7685546875 0.3837890625 0.009765625 0.048828125
0 0.81982421875 0.40576171875 0.0244140625 0.1181640625
0 0.966552734375 0.39453125 0.02978515625 0.14453125
0 0.925537109375 0.40087890625 0.02587890625 0.1259765625
0 0.93603515625 0.4091796875 0.0341796875 0.166015625
0 0.91796875 0.39892578125 0.0390625 0.1923828125
0 0.388916015625 0.39501953125 0.00830078125 0.0400390625
0 0.401611328125 0.39404296875 0.00830078125 0.0380859375
0 0.55908203125 0.38916015625 0.0087890625 0.0439453125
0 0.501708984375 0.41943359375 0.03662109375 0.1787109375
0 0.1630859375 0.3876953125 0.013671875 0.068359375
0 0.762939453125 0.3759765625 0.00830078125 0.02734375
0 0.765869140625 0.40283203125 0.00048828125 0.0009765625
0 0.772216796875 0.4013671875 0.00341796875 0.0078125
0 0.774169921875 0.369140625 0.00537109375 0.01171875
0 0.78173828125 0.37158203125 0.0087890625 0.0185546875
0 0.780029296875 0.3955078125 0.00146484375 0.01171875
