0 0.196533203125 0.42041015625 0.01123046875 0.0556640625
0 0.211181640625 0.4169921875 0.01318359375 0.064453125
0 0.241943359375 0.42236328125 0.01416015625 0.0693359375
0 0.266845703125 0.4150390625 0.01025390625 0.048828125
0 0.5712890625 0.41796875 0.0146484375 0.0703125
0 0.595947265625 0.4072265625 0.01806640625 0.08984375
0 0.687744140625 0.416015625 0.02978515625 0.14453125
0 0.766357421875 0.43994140625 0.04541015625 0.2216796875
0 0.13720703125 0.41845703125 0.0185546875 0.0908203125
0 0.125732421875 0.42431640625 0.02001953125 0.0986328125
0 0.67431640625 0.41845703125 0.029296875 0.1435546875
0 0.464111328125 0.4130859375 0.02880859375 0.140625
0 0.51220703125 0.42529296875 0.0234375 0.1142578125
0 0.5546875 0.42236328125 0.0234375 0.1123046875
