0 0.51416015625 0.39794921875 0.0185546875 0.0888671875
0 0.622802734375 0.3837890625 0.01513671875 0.072265625
0 0.587646484375 0.41796875 0.06005859375 0.294921875
0 0.7041015625 0.42724609375 0.05859375 0.2841796875
0 0.67578125 0.41748046875 0.072265625 0.3505859375
0 0.896240234375 0.40234375 0.04638671875 0.2265625
0 0.92431640625 0.400390625 0.05078125 0.248046875
0 0.218017578125 0.4013671875 0.01318359375 0.064453125
0 0.209228515625 0.4013671875 0.01220703125 0.05859375
0 0.010986328125 0.4794921875 0.01611328125 0.12890625
0 0.3076171875 0.4091796875 0.017578125 0.0859375
0 0.30908203125 0.39208984375 0.0224609375 0.1103515625
0 0.166748046875 0.390625 0.03173828125 0.154296875
0 0.41748046875 0.39599609375 0.0107421875 0.0517578125
0 0.482666015625 0.39501953125 0.04345703125 0.2119140625
