0 0.11767578125 0.376953125 0.00390625 0.01953125
0 0.1748046875 0.380859375 0.0087890625 0.04296875
0 0.29638671875 0.388671875 0.0078125 0.037109375
0 0.31640625 0.39111328125 0.005859375 0.0283203125
0 0.312744140625 0.388671875 0.00732421875 0.037109375
0 0.327880859375 0.3916015625 0.00537109375 0.02734375
0 0.55224609375 0.404296875 0.0078125 0.0390625
0 0.57373046875 0.40673828125 0.0087890625 0.0419921875
0 0.564453125 0.41943359375 0.0146484375 0.0712890625
0 0.55615234375 0.41552734375 0.0185546875 0.0888671875
0 0.00830078125 0.375 0.005859375 0.02734375
0 0.9169921875 0.4208984375 0.009765625 0.046875
0 0.947998046875 0.4248046875 0.00927734375 0.044921875
0 0.89453125 0.41796875 0.009765625 0.046875
0 0.751220703125 0.42041015625 0.01220703125 0.0595703125
0 0.76025390625 0.4228515625 0.0107421875 0.052734375
0 0.7587890625 0.421875 0.01171875 0.056640625
0 0.7685546875 0.42578125 0.009765625 0.046875
0 0.900146484375 0.4287109375 0.01611328125 0.080078125
0 0.19970703125 0.37890625 0.0087890625 0.04296875
0 0.302001953125 0.38525390625 0.00537109375 0.0244140625
0 0.360107421875 0.3984375 0.01025390625 0.017578125
