0 0.178466796875 0.41748046875 0.00634765625 0.0302734375
0 0.031982421875 0.4384765625 0.03466796875 0.169921875
0 0.10107421875 0.43310546875 0.03515625 0.1708984375
0 0.53466796875 0.41357421875 0.0068359375 0.0341796875
0 0.5576171875 0.4208984375 0.005859375 0.02734375
0 0.99365234375 0.5595703125 0.0078125 0.099609375
0 0.69677734375 0.42529296875 0.0068359375 0.0322265625
0 0.656494140625 0.41357421875 0.00537109375 0.0263671875
0 0.707275390625 0.40478515625 0.00732421875 0.0166015625
0 0.821533203125 0.388671875 0.02001953125 0.0390625
0 0.79833984375 0.4130859375 0.0341796875 0.099609375
0 0.871337890625 0.42578125 0.02099609375 0.068359375
0 0.62939453125 0.416015625 0.017578125 0.0859375
0 0.767822265625 0.419921875 0.02197265625 0.107421875
0 0.74853515625 0.4228515625 0.021484375 0.103515625
0 0.840576171875 0.48681640625 0.10205078125 0.2353515625
0 0.6923828125 0.4287109375 0.0078125 0.021484375
0 0.9736328125 0.42724609375 0.080078125 0.3896484375
0 0.736572265625 0.43701171875 0.05517578125 0.1162109375
0 0.5419921875 0.4140625 0.0078125 0.037109375
0 0.1767578125 0.4384765625 0.013671875 0.06640625
0 0.123291015625 0.41552734375 0.01416015625 0.0224609375
0 0.1396484375 0.4189453125 0.015625 0.037109375
0 0.538330078125 0.41455078125 0.00048828125 0.0009765625
0 0.538818359375 0.41845703125 0.00048828125 0.0009765625
0 0.550537109375 0.41796875 0.00927734375 0.029296875
0 0.570068359375 0.41796875 0.01708984375 0.033203125
0 0.58837890625 0.41796875 0.0126953125 0.03125
0 0.605712890625 0.41943359375 0.00830078125 0.0595703125
0 0.617431640625 0.42041015625 0.00830078125 0.0302734375
