0 0.680908203125 0.37109375 0.02587890625 0.126953125
0 0.693115234375 0.38818359375 0.03173828125 0.1552734375
0 0.296630859375 0.3935546875 0.00830078125 0.0390625
0 0.30517578125 0.38916015625 0.0068359375 0.0341796875
0 0.10888671875 0.40087890625 0.0146484375 0.0712890625
0 0.123046875 0.4033203125 0.0126953125 0.0625
0 0.429931640625 0.384765625 0.00537109375 0.025390625
0 0.434326171875 0.38330078125 0.00537109375 0.0244140625
0 0.581298828125 0.375 0.00830078125 0.041015625
0 0.58544921875 0.3779296875 0.009765625 0.048828125
0 0.65771484375 0.3798828125 0.0234375 0.115234375
0 0.56689453125 0.3818359375 0.009765625 0.048828125
0 0.439453125 0.38330078125 0.005859375 0.0283203125
0 0.534423828125 0.3828125 0.01123046875 0.0546875
0 0.54541015625 0.3857421875 0.0078125 0.0390625
