0 0.414794921875 0.4189453125 0.01220703125 0.060546875
0 0.401123046875 0.45361328125 0.02392578125 0.1162109375
0 0.39990234375 0.44970703125 0.025390625 0.1240234375
0 0.40869140625 0.44775390625 0.0302734375 0.1474609375
0 0.42626953125 0.45166015625 0.0234375 0.1162109375
0 0.377685546875 0.44677734375 0.02783203125 0.1357421875
0 0.353271484375 0.4501953125 0.02490234375 0.12109375
0 0.32373046875 0.4521484375 0.02734375 0.1328125
0 0.687744140625 0.4052734375 0.00830078125 0.041015625
0 0.761474609375 0.3984375 0.00634765625 0.03125
0 0.77490234375 0.39404296875 0.0068359375 0.0341796875
0 0.825927734375 0.39697265625 0.00537109375 0.0263671875
