0 0.558349609375 0.392578125 0.00732421875 0.037109375
0 0.565673828125 0.39111328125 0.01025390625 0.0478515625
0 0.549560546875 0.39794921875 0.01416015625 0.0693359375
0 0.543212890625 0.3974609375 0.01416015625 0.0703125
0 0.57568359375 0.3916015625 0.017578125 0.0859375
0 0.58837890625 0.3955078125 0.0107421875 0.052734375
0 0.8544921875 0.39697265625 0.0576171875 0.2802734375
0 0.779296875 0.3974609375 0.05859375 0.28515625
0 0.736083984375 0.38232421875 0.06787109375 0.3291015625
0 0.368896484375 0.40673828125 0.00830078125 0.0400390625
0 0.37255859375 0.40673828125 0.0087890625 0.0419921875
0 0.36376953125 0.408203125 0.009765625 0.048828125
0 0.34814453125 0.40625 0.0078125 0.0390625
0 0.350830078125 0.41162109375 0.00927734375 0.0439453125
0 0.34033203125 0.41064453125 0.0087890625 0.0419921875
0 0.33349609375 0.41162109375 0.0107421875 0.0517578125
0 0.322998046875 0.40869140625 0.01025390625 0.0517578125
0 0.313720703125 0.40625 0.01123046875 0.0546875
0 0.085205078125 0.42236328125 0.01611328125 0.0791015625
0 0.06689453125 0.42333984375 0.017578125 0.0849609375
0 0.04638671875 0.42724609375 0.0166015625 0.0810546875
0 0.602294921875 0.4013671875 0.03173828125 0.154296875
0 0.358154296875 0.40869140625 0.00830078125 0.0419921875
0 0.42529296875 0.39208984375 0.0068359375 0.0126953125
