0 0.0537109375 0.38916015625 0.0185546875 0.0908203125
0 0.04150390625 0.39013671875 0.021484375 0.1044921875
0 0.712890625 0.36181640625 0.033203125 0.1630859375
0 0.663818359375 0.361328125 0.02099609375 0.1015625
0 0.583984375 0.3564453125 0.013671875 0.068359375
0 0.6240234375 0.3544921875 0.0146484375 0.072265625
0 0.541259765625 0.35546875 0.00927734375 0.046875
0 0.52783203125 0.35888671875 0.0048828125 0.0244140625
0 0.516845703125 0.361328125 0.00439453125 0.021484375
0 0.5478515625 0.3662109375 0.0166015625 0.08203125
