0 0.31884765625 0.4287109375 0.0078125 0.041015625
0 0.844482421875 0.408203125 0.00830078125 0.0234375
0 0.681884765625 0.400390625 0.01123046875 0.056640625
0 0.901123046875 0.39892578125 0.01611328125 0.0791015625
0 0.765869140625 0.40576171875 0.01513671875 0.0751953125
0 0.792724609375 0.40771484375 0.01611328125 0.0791015625
0 0.685791015625 0.41259765625 0.01318359375 0.0654296875
0 0.668701171875 0.40283203125 0.01220703125 0.0595703125
0 0.818359375 0.40576171875 0.01953125 0.0966796875
0 0.8056640625 0.40673828125 0.01953125 0.0947265625
0 0.832763671875 0.40869140625 0.02001953125 0.0966796875
0 0.602783203125 0.41943359375 0.02099609375 0.1025390625
0 0.62060546875 0.416015625 0.0224609375 0.107421875
0 0.538818359375 0.4267578125 0.01806640625 0.087890625
0 0.511474609375 0.41845703125 0.01806640625 0.0869140625
0 0.494140625 0.41455078125 0.01953125 0.0966796875
0 0.5263671875 0.4208984375 0.0234375 0.115234375
0 0.49609375 0.42431640625 0.0107421875 0.0380859375
0 0.482177734375 0.4384765625 0.02490234375 0.07421875
0 0.4912109375 0.4443359375 0.0439453125 0.083984375
0 0.55615234375 0.43798828125 0.0458984375 0.2236328125
0 0.44482421875 0.4169921875 0.0048828125 0.021484375
0 0.459716796875 0.4208984375 0.01318359375 0.06640625
0 0.41650390625 0.43408203125 0.0263671875 0.1279296875
0 0.298828125 0.42431640625 0.021484375 0.1064453125
0 0.269287109375 0.4248046875 0.01220703125 0.05859375
0 0.216796875 0.46044921875 0.0302734375 0.1474609375
0 0.886474609375 0.39794921875 0.01513671875 0.0732421875
0 0.874755859375 0.4130859375 0.03173828125 0.060546875
0 0.235595703125 0.41796875 0.01123046875 0.056640625
0 0.08935546875 0.41357421875 0.0068359375 0.0166015625
0 0.088134765625 0.44287109375 0.00048828125 0.0009765625
0 0.099853515625 0.41650390625 0.00927734375 0.0185546875
0 0.10791015625 0.4189453125 0.00390625 0.015625
0 0.13671875 0.416015625 0.05078125 0.044921875
0 0.17041015625 0.41796875 0.009765625 0.044921875
0 0.288818359375 0.42138671875 0.01513671875 0.0517578125
0 0.611083984375 0.4091796875 0.01025390625 0.056640625
0 0.63623046875 0.41552734375 0.0126953125 0.0712890625
0 0.639892578125 0.45263671875 0.00048828125 0.0009765625
0 0.640380859375 0.45458984375 0.00048828125 0.0009765625
0 0.640869140625 0.45654296875 0.00048828125 0.0009765625
0 0.641357421875 0.45849609375 0.00048828125 0.0009765625
0 0.659912109375 0.4052734375 0.01513671875 0.072265625
0 0.67138671875 0.38134765625 0.0009765625 0.0048828125
0 0.6748046875 0.40771484375 0.0009765625 0.0009765625
0 0.690673828125 0.38037109375 0.01220703125 0.0498046875
0 0.7314453125 0.39794921875 0.01953125 0.0712890625
0 0.749755859375 0.3984375 0.00732421875 0.052734375
0 0.87109375 0.40087890625 0.0234375 0.0380859375
0 0.8603515625 0.4345703125 0.0009765625 0.001953125
0 0.864013671875 0.44384765625 0.00439453125 0.0068359375
0 0.8828125 0.3876953125 0.0009765625 0.001953125
0 0.884033203125 0.38623046875 0.00048828125 0.0009765625
