0 0.114501953125 0.43115234375 0.02294921875 0.1142578125
0 0.719970703125 0.404296875 0.00732421875 0.03515625
0 0.74169921875 0.4072265625 0.0087890625 0.04296875
0 0.734375 0.40673828125 0.0087890625 0.0439453125
0 0.771484375 0.4267578125 0.0263671875 0.12890625
0 0.818359375 0.43505859375 0.0302734375 0.1474609375
0 0.8583984375 0.416015625 0.029296875 0.142578125
0 0.849365234375 0.4189453125 0.03369140625 0.1640625
0 0.846923828125 0.4248046875 0.03271484375 0.16015625
0 0.866943359375 0.42333984375 0.03662109375 0.1787109375
0 0.91748046875 0.43310546875 0.0361328125 0.1767578125
0 0.081787109375 0.44287109375 0.01220703125 0.0615234375
