0 0.621826171875 0.423828125 0.01806640625 0.087890625
0 0.64599609375 0.41943359375 0.017578125 0.0869140625
0 0.6337890625 0.4228515625 0.0185546875 0.091796875
0 0.658935546875 0.42333984375 0.01806640625 0.0888671875
0 0.6923828125 0.421875 0.0166015625 0.08203125
0 0.701904296875 0.4189453125 0.01904296875 0.09375
0 0.691162109375 0.4267578125 0.01708984375 0.083984375
0 0.676025390625 0.42041015625 0.01806640625 0.0869140625
0 0.665283203125 0.42626953125 0.01806640625 0.0888671875
0 0.752685546875 0.4189453125 0.01904296875 0.091796875
0 0.728271484375 0.4248046875 0.01708984375 0.083984375
0 0.717041015625 0.42431640625 0.01806640625 0.0888671875
0 0.054443359375 0.4404296875 0.01416015625 0.0703125
0 0.2421875 0.4931640625 0.080078125 0.390625
0 0.352783203125 0.47509765625 0.07568359375 0.3681640625
0 0.416015625 0.5009765625 0.0751953125 0.365234375
0 0.423095703125 0.49609375 0.08935546875 0.435546875
0 0.0947265625 0.4375 0.013671875 0.068359375
