0 0.388916015625 0.3818359375 0.01220703125 0.05859375
0 0.419921875 0.37939453125 0.0087890625 0.0439453125
0 0.183349609375 0.4248046875 0.02685546875 0.130859375
0 0.22265625 0.40966796875 0.0244140625 0.1181640625
0 0.929443359375 0.41064453125 0.03076171875 0.1513671875
0 0.677490234375 0.37255859375 0.01220703125 0.0595703125
0 0.593994140625 0.36572265625 0.00048828125 0.0224609375
0 0.59521484375 0.37158203125 0.0068359375 0.0322265625
0 0.251708984375 0.4287109375 0.03564453125 0.173828125
0 0.4853515625 0.37890625 0.009765625 0.048828125
0 0.476318359375 0.38818359375 0.01318359375 0.0634765625
0 0.54052734375 0.3662109375 0.00390625 0.017578125
0 0.58544921875 0.3662109375 0.00390625 0.01953125
