0 0.22998046875 0.384765625 0.0126953125 0.060546875
0 0.225341796875 0.392578125 0.01220703125 0.060546875
0 0.236083984375 0.3935546875 0.01416015625 0.0703125
0 0.266357421875 0.38671875 0.01123046875 0.0234375
0 0.281982421875 0.3876953125 0.01220703125 0.021484375
0 0.4033203125 0.3857421875 0.0126953125 0.01953125
0 0.702880859375 0.3759765625 0.01220703125 0.021484375
0 0.675048828125 0.375 0.00439453125 0.0234375
0 0.67138671875 0.3740234375 0.0068359375 0.025390625
0 0.6669921875 0.3740234375 0.01171875 0.025390625
0 0.27734375 0.38818359375 0.0107421875 0.0205078125
0 0.0166015625 0.40673828125 0.0380859375 0.1845703125
0 0.009765625 0.41259765625 0.0361328125 0.1748046875
0 0.045654296875 0.4091796875 0.03662109375 0.177734375
0 0.177978515625 0.39453125 0.01513671875 0.07421875
0 0.300048828125 0.42529296875 0.03955078125 0.1083984375
0 0.342529296875 0.400390625 0.03564453125 0.173828125
0 0.38623046875 0.3955078125 0.0400390625 0.1953125
0 0.38720703125 0.4091796875 0.037109375 0.1796875
0 0.635009765625 0.3916015625 0.03466796875 0.171875
0 0.651611328125 0.400390625 0.03271484375 0.16015625
0 0.732666015625 0.3935546875 0.02685546875 0.130859375
0 0.74609375 0.3935546875 0.0283203125 0.138671875
0 0.905029296875 0.408203125 0.02294921875 0.064453125
0 0.929443359375 0.38720703125 0.02490234375 0.1220703125
0 0.91064453125 0.3828125 0.02734375 0.1328125
0 0.98876953125 0.39111328125 0.017578125 0.0634765625
0 0.992431640625 0.3896484375 0.01025390625 0.134765625
0 0.814453125 0.38525390625 0.0283203125 0.1396484375
