0 0.59375 0.40478515625 0.0107421875 0.0517578125
0 0.61376953125 0.4033203125 0.0107421875 0.05078125
0 0.557373046875 0.3955078125 0.00927734375 0.044921875
0 0.574951171875 0.4033203125 0.01123046875 0.052734375
0 0.766357421875 0.39990234375 0.00927734375 0.0439453125
0 0.785400390625 0.40185546875 0.01025390625 0.0498046875
0 0.8154296875 0.396484375 0.0078125 0.0390625
0 0.82275390625 0.3955078125 0.005859375 0.029296875
0 0.818115234375 0.3994140625 0.00830078125 0.0390625
0 0.801025390625 0.39501953125 0.00537109375 0.0146484375
0 0.791748046875 0.41162109375 0.01708984375 0.0615234375
0 0.799072265625 0.41943359375 0.01025390625 0.0478515625
0 0.80908203125 0.3994140625 0.017578125 0.0859375
0 0.884765625 0.396484375 0.013671875 0.06640625
0 0.932861328125 0.41259765625 0.01220703125 0.0595703125
0 0.587890625 0.4072265625 0.009765625 0.048828125
0 0.58056640625 0.4072265625 0.00390625 0.037109375
0 0.58642578125 0.41064453125 0.013671875 0.0673828125
0 0.474365234375 0.39599609375 0.00537109375 0.0107421875
0 0.483642578125 0.3994140625 0.00634765625 0.0234375
0 0.23291015625 0.4326171875 0.05859375 0.287109375
0 0.530029296875 0.40478515625 0.00927734375 0.0458984375
