0 0.880859375 0.4091796875 0.02734375 0.1328125
0 0.762939453125 0.4296875 0.02392578125 0.119140625
0 0.60546875 0.423828125 0.029296875 0.142578125
0 0.633544921875 0.41552734375 0.03271484375 0.1591796875
0 0.644287109375 0.4169921875 0.02783203125 0.134765625
0 0.66455078125 0.41845703125 0.02734375 0.1357421875
0 0.423828125 0.4404296875 0.033203125 0.162109375
0 0.387451171875 0.43310546875 0.03173828125 0.1552734375
0 0.3818359375 0.43310546875 0.0380859375 0.1845703125
0 0.3427734375 0.47900390625 0.068359375 0.3330078125
0 0.017822265625 0.44873046875 0.02587890625 0.1259765625
0 0.05224609375 0.447265625 0.025390625 0.123046875
0 0.07080078125 0.44580078125 0.025390625 0.1220703125
0 0.56982421875 0.4814453125 0.0732421875 0.357421875
0 0.42919921875 0.4833984375 0.05078125 0.248046875
