0 0.689453125 0.3857421875 0.01953125 0.095703125
0 0.682861328125 0.38525390625 0.02099609375 0.1025390625
0 0.710205078125 0.39111328125 0.01513671875 0.0732421875
0 0.716552734375 0.38525390625 0.01708984375 0.0830078125
0 0.7197265625 0.390625 0.0185546875 0.08984375
0 0.766845703125 0.38330078125 0.01904296875 0.0927734375
0 0.794677734375 0.38525390625 0.01904296875 0.0908203125
0 0.778076171875 0.40087890625 0.01318359375 0.0654296875
0 0.97802734375 0.38037109375 0.015625 0.0751953125
0 0.990478515625 0.3759765625 0.00537109375 0.025390625
0 0.872802734375 0.41357421875 0.01123046875 0.0537109375
0 0.906494140625 0.3798828125 0.03173828125 0.15625
0 0.500244140625 0.40673828125 0.01513671875 0.0732421875
