0 0.404296875 0.4384765625 0.0615234375 0.30078125
0 0.958251953125 0.35791015625 0.02783203125 0.1357421875
0 0.559326171875 0.39111328125 0.01025390625 0.0517578125
0 0.5830078125 0.43017578125 0.0576171875 0.2822265625
0 0.725341796875 0.384765625 0.02978515625 0.146484375
0 0.854248046875 0.3671875 0.02392578125 0.115234375
0 0.831298828125 0.36572265625 0.02197265625 0.1083984375
0 0.936767578125 0.37158203125 0.02685546875 0.1318359375
0 0.765380859375 0.380859375 0.03466796875 0.169921875
0 0.35498046875 0.40869140625 0.01171875 0.0576171875
