0 0.64013671875 0.41015625 0.01171875 0.056640625
0 0.673095703125 0.39794921875 0.01708984375 0.0810546875
0 0.6650390625 0.39892578125 0.0185546875 0.0888671875
0 0.68896484375 0.3994140625 0.015625 0.076171875
0 0.40283203125 0.40576171875 0.0146484375 0.0712890625
0 0.385498046875 0.4013671875 0.01318359375 0.064453125
0 0.373291015625 0.39111328125 0.01220703125 0.0615234375
0 0.346923828125 0.3955078125 0.01123046875 0.0546875
0 0.240478515625 0.4072265625 0.01318359375 0.064453125
0 0.22802734375 0.4052734375 0.0146484375 0.072265625
0 0.16943359375 0.41748046875 0.017578125 0.0869140625
0 0.177490234375 0.41650390625 0.01806640625 0.0888671875
0 0.643798828125 0.40234375 0.01416015625 0.0703125
0 0.647216796875 0.39990234375 0.01708984375 0.0830078125
0 0.30224609375 0.408203125 0.0341796875 0.1640625
0 0.23681640625 0.3837890625 0.0078125 0.017578125
0 0.2431640625 0.38330078125 0.0009765625 0.0029296875
0 0.24853515625 0.39013671875 0.0087890625 0.0205078125
0 0.36279296875 0.3798828125 0.0146484375 0.041015625
