0 0.73974609375 0.37255859375 0.009765625 0.0126953125
0 0.7998046875 0.3818359375 0.0234375 0.115234375
0 0.76123046875 0.38818359375 0.0263671875 0.1298828125
0 0.913330078125 0.39892578125 0.03759765625 0.1845703125
0 0.98388671875 0.5263671875 0.01171875 0.11328125
0 0.986572265625 0.40380859375 0.08154296875 0.3974609375
0 0.87060546875 0.39892578125 0.0576171875 0.2822265625
0 0.821044921875 0.3994140625 0.03076171875 0.119140625
0 0.404052734375 0.390625 0.00341796875 0.01171875
0 0.408935546875 0.3896484375 0.00537109375 0.025390625
0 0.86376953125 0.4365234375 0.060546875 0.2734375
0 0.934326171875 0.4736328125 0.03955078125 0.193359375
0 0.70263671875 0.38134765625 0.021484375 0.1064453125
0 0.44189453125 0.3984375 0.005859375 0.029296875
0 0.41357421875 0.39697265625 0.0068359375 0.0341796875
0 0.41943359375 0.3994140625 0.005859375 0.029296875
0 0.32080078125 0.392578125 0.0126953125 0.01171875
0 0.309326171875 0.40478515625 0.01611328125 0.0771484375
0 0.335693359375 0.40185546875 0.01611328125 0.0771484375
0 0.2314453125 0.41015625 0.015625 0.076171875
0 0.248291015625 0.41015625 0.01513671875 0.07421875
0 0.218505859375 0.43115234375 0.03173828125 0.1552734375
0 0.296142578125 0.41064453125 0.03076171875 0.1494140625
0 0.384033203125 0.4287109375 0.03857421875 0.1875
0 0.462646484375 0.412109375 0.02392578125 0.1171875
0 0.53515625 0.4111328125 0.04296875 0.208984375
0 0.121337890625 0.41796875 0.03955078125 0.193359375
0 0.05224609375 0.4423828125 0.0458984375 0.22265625
0 0.63916015625 0.3896484375 0.015625 0.078125
0 0.643310546875 0.392578125 0.01806640625 0.087890625
0 0.6484375 0.38623046875 0.021484375 0.1044921875
0 0.5615234375 0.3837890625 0.0205078125 0.01953125
0 0.58544921875 0.3828125 0.0224609375 0.03125
0 0.59912109375 0.3828125 0.00390625 0.025390625
0 0.61572265625 0.390625 0.0234375 0.072265625
0 0.63427734375 0.365234375 0.001953125 0.005859375
0 0.6357421875 0.4072265625 0.0009765625 0.01953125
0 0.63671875 0.35302734375 0.0009765625 0.0029296875
