0 0.125732421875 0.44677734375 0.03271484375 0.0908203125
0 0.340576171875 0.4150390625 0.00732421875 0.03515625
0 0.45068359375 0.40869140625 0.005859375 0.0302734375
0 0.447509765625 0.4072265625 0.00732421875 0.03515625
0 0.352783203125 0.41748046875 0.00927734375 0.0458984375
0 0.37939453125 0.41552734375 0.0087890625 0.0439453125
0 0.468017578125 0.4052734375 0.00634765625 0.033203125
0 0.4404296875 0.40966796875 0.0078125 0.0380859375
0 0.54345703125 0.40771484375 0.0185546875 0.0908203125
0 0.623291015625 0.3955078125 0.00927734375 0.044921875
0 0.635986328125 0.39599609375 0.01123046875 0.0556640625
0 0.643798828125 0.40087890625 0.01025390625 0.0498046875
0 0.648681640625 0.39404296875 0.01123046875 0.0537109375
0 0.73046875 0.416015625 0.0458984375 0.224609375
0 0.786865234375 0.4443359375 0.03369140625 0.1640625
0 0.695556640625 0.41845703125 0.06201171875 0.3037109375
0 0.55322265625 0.40234375 0.009765625 0.048828125
