0 0.763916015625 0.38427734375 0.02099609375 0.1005859375
0 0.7470703125 0.38623046875 0.0166015625 0.0810546875
0 0.667724609375 0.376953125 0.01318359375 0.064453125
0 0.6767578125 0.37744140625 0.0146484375 0.0712890625
0 0.334228515625 0.41455078125 0.01123046875 0.0556640625
0 0.341796875 0.41455078125 0.0107421875 0.0537109375
0 0.323486328125 0.4150390625 0.01123046875 0.052734375
0 0.31787109375 0.416015625 0.0107421875 0.0546875
0 0.349609375 0.4189453125 0.021484375 0.10546875
0 0.4091796875 0.41162109375 0.0205078125 0.1005859375
0 0.2041015625 0.4296875 0.015625 0.076171875
0 0.189453125 0.43115234375 0.0166015625 0.0810546875
0 0.015625 0.4560546875 0.0263671875 0.12890625
0 0.0009765625 0.44482421875 0.03125 0.1513671875
