0 0.093994140625 0.41943359375 0.01513671875 0.0732421875
0 0.998046875 0.3935546875 0.021484375 0.10546875
0 0.9912109375 0.39453125 0.025390625 0.125
0 0.97216796875 0.4189453125 0.0263671875 0.12890625
0 0.522216796875 0.41357421875 0.00341796875 0.0166015625
0 0.6845703125 0.404296875 0.0087890625 0.04296875
0 0.348876953125 0.404296875 0.00634765625 0.03125
0 0.69091796875 0.40478515625 0.0078125 0.0380859375
0 0.697998046875 0.40478515625 0.00927734375 0.0458984375
0 0.70654296875 0.4033203125 0.009765625 0.048828125
0 0.342041015625 0.4130859375 0.00830078125 0.041015625
0 0.320068359375 0.404296875 0.00830078125 0.0390625
0 0.526123046875 0.41455078125 0.00341796875 0.0166015625
0 0.730712890625 0.40478515625 0.01513671875 0.0732421875
0 0.50634765625 0.40771484375 0.005859375 0.0263671875
0 0.489013671875 0.42626953125 0.01806640625 0.0888671875
0 0.465087890625 0.42822265625 0.02099609375 0.1025390625
0 0.67626953125 0.40771484375 0.0107421875 0.0517578125
0 0.554931640625 0.41162109375 0.01220703125 0.0263671875
0 0.5634765625 0.39990234375 0.0029296875 0.0029296875
