0 0.432373046875 0.42333984375 0.00439453125 0.0224609375
0 0.443115234375 0.41845703125 0.00439453125 0.0224609375
0 0.446533203125 0.41943359375 0.00537109375 0.0263671875
0 0.45166015625 0.41845703125 0.005859375 0.0283203125
0 0.456298828125 0.419921875 0.00634765625 0.03125
0 0.462646484375 0.419921875 0.00634765625 0.03125
0 0.497314453125 0.4189453125 0.00634765625 0.029296875
0 0.50732421875 0.4091796875 0.001953125 0.0078125
0 0.512451171875 0.41650390625 0.01123046875 0.0537109375
0 0.5205078125 0.4248046875 0.0087890625 0.041015625
0 0.531005859375 0.421875 0.01123046875 0.056640625
0 0.62548828125 0.44287109375 0.029296875 0.1416015625
0 0.6171875 0.44140625 0.0341796875 0.16796875
0 0.675537109375 0.427734375 0.03173828125 0.154296875
0 0.75732421875 0.4375 0.0380859375 0.185546875
0 0.930908203125 0.43212890625 0.02294921875 0.1123046875
0 0.969970703125 0.42333984375 0.02978515625 0.1455078125
0 0.242431640625 0.41943359375 0.01220703125 0.0615234375
0 0.2333984375 0.41748046875 0.01171875 0.0556640625
0 0.10107421875 0.41455078125 0.017578125 0.0869140625
0 0.111083984375 0.4140625 0.01806640625 0.087890625
0 0.122802734375 0.4326171875 0.02490234375 0.12109375
0 0.129638671875 0.447265625 0.02880859375 0.140625
0 0.182373046875 0.447265625 0.02880859375 0.140625
0 0.208740234375 0.4423828125 0.02587890625 0.125
0 0.436279296875 0.4169921875 0.00439453125 0.021484375
0 0.713134765625 0.44189453125 0.03076171875 0.1494140625
0 0.803955078125 0.4189453125 0.04248046875 0.20703125
0 0.89404296875 0.41357421875 0.029296875 0.1435546875
