0 0.8115234375 0.3408203125 0.0146484375 0.072265625
0 0.172607421875 0.44091796875 0.02490234375 0.1201171875
0 0.28125 0.43310546875 0.015625 0.0751953125
0 0.266357421875 0.43017578125 0.01611328125 0.0791015625
0 0.276123046875 0.42529296875 0.02294921875 0.1123046875
0 0.254638671875 0.4345703125 0.01904296875 0.09375
0 0.23291015625 0.4365234375 0.01953125 0.09375
0 0.201171875 0.4404296875 0.0234375 0.1171875
0 0.7958984375 0.34619140625 0.0146484375 0.0712890625
0 0.5029296875 0.39013671875 0.0107421875 0.0517578125
0 0.521240234375 0.38232421875 0.00927734375 0.0458984375
