0 0.1611328125 0.40283203125 0.0068359375 0.0322265625
0 0.17919921875 0.4033203125 0.0078125 0.037109375
0 0.194091796875 0.40478515625 0.00634765625 0.0302734375
0 0.663818359375 0.39599609375 0.00927734375 0.0439453125
0 0.66943359375 0.3994140625 0.0078125 0.0390625
0 0.6455078125 0.39599609375 0.0068359375 0.0322265625
0 0.809814453125 0.3955078125 0.01513671875 0.07421875
0 0.85400390625 0.40283203125 0.013671875 0.0654296875
0 0.355712890625 0.4033203125 0.00634765625 0.03125
0 0.329345703125 0.400390625 0.00634765625 0.03125
0 0.3408203125 0.40283203125 0.0068359375 0.0341796875
