0 0.28857421875 0.44189453125 0.04296875 0.2099609375
0 0.3935546875 0.44189453125 0.05078125 0.2490234375
0 0.43310546875 0.4443359375 0.0498046875 0.244140625
0 0.443359375 0.4384765625 0.0556640625 0.271484375
0 0.418212890625 0.4384765625 0.06103515625 0.296875
0 0.472900390625 0.4130859375 0.00439453125 0.01953125
0 0.66748046875 0.39501953125 0.0166015625 0.0810546875
0 0.290771484375 0.44873046875 0.04638671875 0.2275390625
0 0.303466796875 0.44384765625 0.04833984375 0.2353515625
0 0.23193359375 0.42333984375 0.0126953125 0.0634765625
0 0.22216796875 0.423828125 0.01171875 0.05859375
0 0.210205078125 0.421875 0.01318359375 0.064453125
0 0.200439453125 0.42626953125 0.01123046875 0.0556640625
0 0.1767578125 0.42529296875 0.015625 0.0771484375
0 0.132568359375 0.4267578125 0.01806640625 0.087890625
0 0.111572265625 0.42333984375 0.01904296875 0.0927734375
0 0.046630859375 0.4853515625 0.05419921875 0.265625
0 0.5771484375 0.43505859375 0.044921875 0.2197265625
0 0.464599609375 0.41015625 0.00634765625 0.03125
0 0.16259765625 0.421875 0.017578125 0.083984375
0 0.12353515625 0.388671875 0.0146484375 0.03125
0 0.12255859375 0.4365234375 0.009765625 0.056640625
0 0.1298828125 0.4599609375 0.00390625 0.005859375
0 0.1396484375 0.40625 0.0087890625 0.0390625
0 0.140869140625 0.4638671875 0.00439453125 0.01171875
0 0.227783203125 0.40478515625 0.00439453125 0.0087890625
0 0.241455078125 0.41064453125 0.00927734375 0.0283203125
