0 0.737548828125 0.41162109375 0.02001953125 0.0966796875
0 0.75927734375 0.4111328125 0.0205078125 0.1015625
0 0.7587890625 0.41796875 0.037109375 0.181640625
0 0.85498046875 0.42431640625 0.0263671875 0.1298828125
0 0.897705078125 0.42724609375 0.02783203125 0.1357421875
0 0.990234375 0.41748046875 0.0322265625 0.1552734375
0 0.933349609375 0.41015625 0.03466796875 0.16796875
0 0.142578125 0.4384765625 0.0283203125 0.138671875
0 0.1748046875 0.4462890625 0.025390625 0.123046875
0 0.82275390625 0.42431640625 0.0283203125 0.1376953125
