0 0.0810546875 0.412109375 0.0087890625 0.04296875
0 0.087646484375 0.4130859375 0.00830078125 0.0390625
0 0.225830078125 0.40087890625 0.00537109375 0.0263671875
0 0.22021484375 0.40869140625 0.0078125 0.0380859375
0 0.224365234375 0.40771484375 0.00830078125 0.0400390625
0 0.343994140625 0.4013671875 0.00439453125 0.0234375
0 0.335693359375 0.400390625 0.00537109375 0.025390625
0 0.756591796875 0.41796875 0.04443359375 0.21875
0 0.313720703125 0.4130859375 0.01025390625 0.05078125
0 0.2958984375 0.42041015625 0.017578125 0.0869140625
0 0.3994140625 0.40478515625 0.0087890625 0.0419921875
0 0.47021484375 0.40478515625 0.0087890625 0.0419921875
0 0.237060546875 0.41943359375 0.01806640625 0.0888671875
0 0.474365234375 0.4111328125 0.00634765625 0.029296875
0 0.4072265625 0.42041015625 0.0166015625 0.0830078125
0 0.5048828125 0.3984375 0.009765625 0.048828125
0 0.502197265625 0.40234375 0.00927734375 0.04296875
0 0.485107421875 0.4091796875 0.00732421875 0.033203125
0 0.57568359375 0.419921875 0.001953125 0.001953125
0 0.58349609375 0.412109375 0.0166015625 0.080078125
0 0.570068359375 0.412109375 0.01904296875 0.091796875
0 0.552490234375 0.40771484375 0.01513671875 0.0732421875
0 0.5458984375 0.4130859375 0.0166015625 0.080078125
0 0.595458984375 0.4033203125 0.01416015625 0.0703125
0 0.560791015625 0.41748046875 0.02294921875 0.1123046875
0 0.590576171875 0.41357421875 0.02294921875 0.1103515625
0 0.5263671875 0.3984375 0.0087890625 0.04296875
0 0.39111328125 0.41357421875 0.017578125 0.0849609375
0 0.427734375 0.4033203125 0.013671875 0.06640625
0 0.4560546875 0.4033203125 0.0078125 0.037109375
