0 0.36962890625 0.41748046875 0.0078125 0.0400390625
0 0.32763671875 0.42333984375 0.0078125 0.0380859375
0 0.084228515625 0.43212890625 0.02392578125 0.1181640625
0 0.7080078125 0.39599609375 0.009765625 0.0263671875
0 0.719970703125 0.4091796875 0.00830078125 0.041015625
0 0.7294921875 0.4072265625 0.0087890625 0.04296875
0 0.75634765625 0.40869140625 0.0078125 0.0380859375
0 0.761962890625 0.40771484375 0.01123046875 0.0537109375
0 0.786865234375 0.404296875 0.01318359375 0.064453125
0 0.804443359375 0.4072265625 0.01318359375 0.064453125
0 0.397216796875 0.42236328125 0.01025390625 0.0498046875
0 0.42822265625 0.4189453125 0.0107421875 0.052734375
0 0.339599609375 0.423828125 0.01513671875 0.03125
