0 0.513427734375 0.4248046875 0.01416015625 0.068359375
0 0.694580078125 0.40966796875 0.01025390625 0.0498046875
0 0.7138671875 0.41357421875 0.009765625 0.0458984375
0 0.739013671875 0.4140625 0.01513671875 0.07421875
0 0.753173828125 0.41796875 0.01416015625 0.068359375
0 0.6328125 0.42529296875 0.0478515625 0.2314453125
0 0.3857421875 0.4248046875 0.015625 0.076171875
0 0.378173828125 0.42919921875 0.01513671875 0.0732421875
0 0.29931640625 0.4248046875 0.0087890625 0.04296875
0 0.288330078125 0.4267578125 0.00830078125 0.041015625
0 0.262451171875 0.46533203125 0.04736328125 0.2314453125
0 0.1572265625 0.46484375 0.0712890625 0.34765625
0 0.101806640625 0.4365234375 0.01416015625 0.068359375
0 0.456298828125 0.4462890625 0.05322265625 0.259765625
0 0.046630859375 0.44287109375 0.01611328125 0.0791015625
0 0.58984375 0.4052734375 0.01171875 0.01171875
0 0.664794921875 0.40185546875 0.01904296875 0.0947265625
0 0.120849609375 0.44287109375 0.01123046875 0.0712890625
0 0.128173828125 0.44384765625 0.00439453125 0.0244140625
0 0.13720703125 0.44189453125 0.009765625 0.0693359375
