0 0.510498046875 0.435546875 0.00634765625 0.03125
0 0.50634765625 0.43505859375 0.009765625 0.0478515625
0 0.502197265625 0.43603515625 0.00634765625 0.0302734375
0 0.493896484375 0.435546875 0.00634765625 0.029296875
0 0.484375 0.43701171875 0.01171875 0.0576171875
0 0.431640625 0.43505859375 0.0068359375 0.0341796875
0 0.41162109375 0.44287109375 0.0087890625 0.0419921875
0 0.4091796875 0.4462890625 0.0087890625 0.04296875
0 0.532470703125 0.43359375 0.01220703125 0.060546875
0 0.69580078125 0.42138671875 0.0380859375 0.1865234375
0 0.747314453125 0.44091796875 0.04638671875 0.2275390625
0 0.72705078125 0.44873046875 0.0458984375 0.2216796875
0 0.433837890625 0.435546875 0.00830078125 0.041015625
0 0.438720703125 0.43994140625 0.01123046875 0.0537109375
0 0.711669921875 0.486328125 0.00634765625 0.00390625
