0 0.0498046875 0.451171875 0.013671875 0.068359375
0 0.034912109375 0.46630859375 0.02880859375 0.1416015625
0 0.234130859375 0.4365234375 0.00830078125 0.041015625
0 0.20703125 0.4365234375 0.0107421875 0.052734375
0 0.43310546875 0.39990234375 0.0068359375 0.0341796875
0 0.458251953125 0.396484375 0.00634765625 0.03125
0 0.81787109375 0.37451171875 0.0185546875 0.0400390625
0 0.8291015625 0.3720703125 0.0048828125 0.01171875
0 0.518310546875 0.42529296875 0.02490234375 0.1201171875
0 0.65234375 0.4052734375 0.0478515625 0.232421875
0 0.991455078125 0.4599609375 0.09423828125 0.458984375
0 0.3232421875 0.4365234375 0.037109375 0.181640625
