0 0.482421875 0.37939453125 0.0048828125 0.0087890625
0 0.4677734375 0.40673828125 0.0107421875 0.0595703125
0 0.660888671875 0.36328125 0.00439453125 0.005859375
0 0.66064453125 0.39111328125 0.01171875 0.0576171875
0 0.089111328125 0.43115234375 0.01513671875 0.0732421875
0 0.728759765625 0.3935546875 0.01806640625 0.0859375
0 0.10546875 0.421875 0.021484375 0.10546875
0 0.270751953125 0.4169921875 0.01416015625 0.0703125
0 0.2119140625 0.421875 0.0126953125 0.060546875
0 0.203857421875 0.4228515625 0.01318359375 0.0625
0 0.48291015625 0.39990234375 0.0087890625 0.0439453125
0 0.466552734375 0.40673828125 0.01220703125 0.0595703125
0 0.60498046875 0.421875 0.0205078125 0.099609375
0 0.33251953125 0.3955078125 0.0068359375 0.009765625
0 0.351318359375 0.41064453125 0.00732421875 0.0380859375
0 0.181640625 0.431640625 0.0361328125 0.177734375
0 0.331787109375 0.40869140625 0.00634765625 0.0302734375
0 0.351806640625 0.40771484375 0.00732421875 0.0361328125
0 0.634521484375 0.4140625 0.03076171875 0.150390625
0 0.24072265625 0.4033203125 0.05078125 0.033203125
0 0.26123046875 0.427734375 0.0068359375 0.01171875
0 0.5 0.38818359375 0.0126953125 0.0283203125
0 0.767578125 0.357421875 0.01171875 0.00390625
