0 0.986083984375 0.3955078125 0.02294921875 0.296875
0 0.05908203125 0.4169921875 0.017578125 0.087890625
0 0.0244140625 0.4169921875 0.0185546875 0.08984375
0 0.045166015625 0.4130859375 0.02099609375 0.1015625
0 0.12255859375 0.41357421875 0.0166015625 0.0810546875
0 0.11328125 0.41455078125 0.01953125 0.0947265625
0 0.142578125 0.41259765625 0.01953125 0.0966796875
0 0.18212890625 0.44287109375 0.044921875 0.2216796875
0 0.258056640625 0.45361328125 0.05029296875 0.2451171875
0 0.330078125 0.4033203125 0.009765625 0.048828125
0 0.337646484375 0.40966796875 0.01904296875 0.0927734375
0 0.605712890625 0.38671875 0.00927734375 0.044921875
0 0.608154296875 0.39013671875 0.00927734375 0.0439453125
0 0.63671875 0.396484375 0.0146484375 0.0703125
0 0.68115234375 0.3896484375 0.005859375 0.0234375
0 0.684814453125 0.3916015625 0.00537109375 0.0234375
0 0.671875 0.400390625 0.017578125 0.0859375
0 0.44091796875 0.4404296875 0.046875 0.2265625
0 0.713623046875 0.39013671875 0.01123046875 0.0556640625
0 0.729248046875 0.39013671875 0.01513671875 0.0732421875
0 0.733642578125 0.3857421875 0.01513671875 0.076171875
0 0.710693359375 0.40576171875 0.02197265625 0.0556640625
0 0.760009765625 0.38671875 0.01220703125 0.060546875
0 0.8359375 0.40087890625 0.0185546875 0.0908203125
0 0.787353515625 0.45263671875 0.06591796875 0.3212890625
0 0.491455078125 0.400390625 0.03564453125 0.173828125
0 0.62451171875 0.37890625 0.025390625 0.037109375
