0 0.340576171875 0.33935546875 0.01025390625 0.0498046875
0 0.478515625 0.31396484375 0.0029296875 0.0146484375
0 0.48876953125 0.31689453125 0.00390625 0.0185546875
0 0.492919921875 0.3134765625 0.00537109375 0.02734375
0 0.790283203125 0.3359375 0.00439453125 0.02734375
0 0.758056640625 0.40966796875 0.04248046875 0.2080078125
0 0.033935546875 0.3759765625 0.01806640625 0.087890625
0 0.0166015625 0.3779296875 0.017578125 0.0859375
0 0.357421875 0.345703125 0.009765625 0.048828125
0 0.686767578125 0.3349609375 0.01123046875 0.0546875
0 0.375 0.33837890625 0.0087890625 0.0419921875
0 0.37060546875 0.3427734375 0.0087890625 0.041015625
0 0.065185546875 0.34716796875 0.01123046875 0.0537109375
