0 0.26318359375 0.48388671875 0.0146484375 0.0712890625
0 0.368896484375 0.47119140625 0.00830078125 0.0400390625
0 0.396240234375 0.4697265625 0.00634765625 0.03125
0 0.40283203125 0.46728515625 0.0078125 0.0380859375
0 0.414794921875 0.46435546875 0.00830078125 0.0400390625
0 0.488525390625 0.458984375 0.01025390625 0.048828125
0 0.654541015625 0.470703125 0.03271484375 0.16015625
0 0.681884765625 0.474609375 0.02978515625 0.14453125
0 0.69482421875 0.46337890625 0.0361328125 0.1748046875
0 0.759765625 0.44384765625 0.0234375 0.1142578125
0 0.750732421875 0.44482421875 0.02392578125 0.1162109375
0 0.796142578125 0.43017578125 0.01220703125 0.0244140625
0 0.8037109375 0.43017578125 0.0146484375 0.0244140625
0 0.82275390625 0.4453125 0.0234375 0.05859375
0 0.857421875 0.43505859375 0.0205078125 0.0986328125
0 0.886962890625 0.49462890625 0.01611328125 0.0302734375
0 0.900634765625 0.46240234375 0.03857421875 0.1884765625
0 0.959228515625 0.43701171875 0.03271484375 0.1591796875
0 0.972900390625 0.45654296875 0.04052734375 0.1962890625
0 0.54345703125 0.44921875 0.00390625 0.01953125
0 0.383544921875 0.47021484375 0.01611328125 0.0419921875
