0 0.219482421875 0.4326171875 0.00927734375 0.046875
0 0.197021484375 0.43359375 0.01025390625 0.048828125
0 0.5849609375 0.41552734375 0.0068359375 0.0322265625
0 0.21240234375 0.43505859375 0.0087890625 0.0439453125
0 0.72314453125 0.45068359375 0.0595703125 0.2900390625
0 0.779541015625 0.458984375 0.05908203125 0.2890625
0 0.8505859375 0.4404296875 0.0830078125 0.404296875
0 0.947021484375 0.47412109375 0.08349609375 0.4072265625
0 0.909912109375 0.43408203125 0.10107421875 0.4931640625
0 0.98681640625 0.47265625 0.021484375 0.283203125
0 0.19384765625 0.43603515625 0.0087890625 0.0439453125
0 0.26025390625 0.42626953125 0.0185546875 0.0908203125
0 0.373291015625 0.4228515625 0.02197265625 0.107421875
0 0.60400390625 0.43017578125 0.029296875 0.1435546875
0 0.17431640625 0.43408203125 0.013671875 0.0478515625
