0 0.412109375 0.4130859375 0.009765625 0.044921875
0 0.420166015625 0.41748046875 0.00732421875 0.0380859375
0 0.417724609375 0.4140625 0.00927734375 0.044921875
0 0.4228515625 0.41455078125 0.0078125 0.0361328125
0 0.426513671875 0.41455078125 0.00830078125 0.0400390625
0 0.4306640625 0.41357421875 0.009765625 0.0478515625
0 0.442626953125 0.4140625 0.00927734375 0.044921875
0 0.482177734375 0.40625 0.00537109375 0.02734375
0 0.493896484375 0.41064453125 0.00634765625 0.0322265625
0 0.51953125 0.3955078125 0.0078125 0.01171875
0 0.577880859375 0.3994140625 0.00732421875 0.03515625
0 0.581298828125 0.40185546875 0.00830078125 0.0400390625
0 0.61474609375 0.404296875 0.0126953125 0.0625
0 0.623046875 0.40087890625 0.021484375 0.1044921875
0 0.652099609375 0.404296875 0.02099609375 0.1015625
0 0.069091796875 0.439453125 0.05712890625 0.279296875
0 0.40771484375 0.41015625 0.009765625 0.048828125
