0 0.328369140625 0.38720703125 0.00537109375 0.0263671875
0 0.41162109375 0.3916015625 0.005859375 0.02734375
0 0.21533203125 0.40283203125 0.03125 0.1533203125
0 0.3388671875 0.41357421875 0.0322265625 0.1572265625
0 0.35595703125 0.41357421875 0.03515625 0.1708984375
0 0.30322265625 0.47509765625 0.068359375 0.3330078125
0 0.11962890625 0.3896484375 0.033203125 0.162109375
0 0.133056640625 0.39404296875 0.03564453125 0.1728515625
0 0.085693359375 0.39404296875 0.05517578125 0.2685546875
0 0.018798828125 0.3798828125 0.03369140625 0.1640625
0 0.159423828125 0.40966796875 0.04443359375 0.2138671875
0 0.427001953125 0.412109375 0.03173828125 0.154296875
0 0.688720703125 0.4111328125 0.01416015625 0.068359375
0 0.980712890625 0.4248046875 0.00927734375 0.044921875
0 0.85986328125 0.4345703125 0.0078125 0.037109375
0 0.734130859375 0.41748046875 0.01123046875 0.0537109375
0 0.7060546875 0.416015625 0.02734375 0.078125
0 0.645751953125 0.4150390625 0.02392578125 0.1171875
0 0.662109375 0.42333984375 0.0341796875 0.1669921875
0 0.616943359375 0.41552734375 0.03857421875 0.1884765625
0 0.631591796875 0.43359375 0.03564453125 0.173828125
0 0.434326171875 0.416015625 0.02978515625 0.14453125
0 0.584716796875 0.41796875 0.03466796875 0.169921875
0 0.5595703125 0.41943359375 0.0380859375 0.1845703125
0 0.4697265625 0.40478515625 0.033203125 0.1611328125
0 0.465576171875 0.41259765625 0.03857421875 0.1884765625
0 0.465087890625 0.42529296875 0.03564453125 0.1728515625
0 0.51708984375 0.4189453125 0.0361328125 0.17578125
0 0.49853515625 0.42333984375 0.037109375 0.1806640625
0 0.50390625 0.41748046875 0.041015625 0.2001953125
0 0.523681640625 0.3994140625 0.02685546875 0.130859375
0 0.59375 0.3984375 0.0029296875 0.017578125
0 0.6044921875 0.4404296875 0.0166015625 0.056640625
0 0.601318359375 0.37158203125 0.00830078125 0.0185546875
0 0.84814453125 0.42919921875 0.0146484375 0.0263671875
