0 0.61962890625 0.39990234375 0.015625 0.0751953125
0 0.439697265625 0.380859375 0.01513671875 0.072265625
0 0.451904296875 0.384765625 0.00537109375 0.04296875
0 0.456298828125 0.39306640625 0.01318359375 0.0654296875
0 0.440673828125 0.39599609375 0.01318359375 0.0654296875
0 0.4482421875 0.39697265625 0.0166015625 0.0810546875
0 0.419189453125 0.39111328125 0.01904296875 0.0927734375
0 0.482421875 0.38330078125 0.0146484375 0.0712890625
0 0.47802734375 0.39208984375 0.017578125 0.0849609375
0 0.362548828125 0.404296875 0.01806640625 0.06640625
0 0.382080078125 0.3935546875 0.01904296875 0.044921875
0 0.246337890625 0.36865234375 0.01220703125 0.0595703125
0 0.34619140625 0.40576171875 0.03515625 0.1708984375
0 0.272216796875 0.40234375 0.03564453125 0.173828125
0 0.25927734375 0.357421875 0.0087890625 0.025390625
0 0.25146484375 0.3603515625 0.0068359375 0.01171875
0 0.2578125 0.38623046875 0.0078125 0.0419921875
0 0.22216796875 0.365234375 0.0068359375 0.015625
0 0.251220703125 0.39306640625 0.02392578125 0.0654296875
0 0.199951171875 0.3671875 0.01513671875 0.0234375
0 0.17333984375 0.3798828125 0.015625 0.07421875
0 0.179443359375 0.39013671875 0.01318359375 0.0634765625
0 0.56103515625 0.40478515625 0.0302734375 0.1455078125
0 0.5810546875 0.40576171875 0.0224609375 0.1103515625
0 0.572021484375 0.41552734375 0.03076171875 0.1494140625
0 0.42333984375 0.38720703125 0.0205078125 0.1005859375
0 0.505126953125 0.3876953125 0.01708984375 0.08203125
0 0.321533203125 0.38134765625 0.01806640625 0.0869140625
0 0.231689453125 0.38623046875 0.01123046875 0.0087890625
0 0.234375 0.36962890625 0.0078125 0.0107421875
