0 0.70361328125 0.400390625 0.0322265625 0.15625
0 0.744140625 0.4169921875 0.04296875 0.208984375
0 0.78857421875 0.396484375 0.0498046875 0.244140625
0 0.75244140625 0.40234375 0.064453125 0.314453125
0 0.62939453125 0.38916015625 0.0185546875 0.0888671875
0 0.837890625 0.40673828125 0.0556640625 0.2705078125
0 0.603271484375 0.3857421875 0.01806640625 0.08984375
0 0.616455078125 0.39013671875 0.02099609375 0.1025390625
0 0.58056640625 0.392578125 0.0146484375 0.072265625
0 0.352294921875 0.3896484375 0.00732421875 0.03515625
0 0.34423828125 0.38916015625 0.0068359375 0.0341796875
0 0.257568359375 0.3876953125 0.01025390625 0.05078125
0 0.265380859375 0.39990234375 0.01708984375 0.0830078125
0 0.243408203125 0.39697265625 0.01708984375 0.0830078125
0 0.2080078125 0.40673828125 0.017578125 0.0849609375
0 0.1201171875 0.41015625 0.0224609375 0.107421875
0 0.095458984375 0.412109375 0.02294921875 0.111328125
0 0.072509765625 0.4130859375 0.02197265625 0.107421875
0 0.087890625 0.4140625 0.0263671875 0.126953125
0 0.639404296875 0.384765625 0.01708984375 0.083984375
0 0.66162109375 0.40625 0.0498046875 0.2421875
0 0.31982421875 0.3935546875 0.009765625 0.046875
0 0.329833984375 0.39306640625 0.00732421875 0.0341796875
0 0.26806640625 0.390625 0.0087890625 0.041015625
