0 0.125 0.4140625 0.0068359375 0.033203125
0 0.1181640625 0.41552734375 0.0068359375 0.0322265625
0 0.17578125 0.4150390625 0.0126953125 0.0625
0 0.1611328125 0.41552734375 0.0126953125 0.0615234375
0 0.2001953125 0.42333984375 0.017578125 0.0849609375
0 0.213623046875 0.42041015625 0.01708984375 0.0830078125
0 0.253662109375 0.408203125 0.01220703125 0.05859375
0 0.248046875 0.41064453125 0.017578125 0.0849609375
0 0.375732421875 0.40380859375 0.01513671875 0.0732421875
0 0.3212890625 0.44482421875 0.02734375 0.0439453125
0 0.30126953125 0.4189453125 0.0224609375 0.109375
0 0.474609375 0.4111328125 0.0244140625 0.119140625
0 0.626708984375 0.388671875 0.02001953125 0.0390625
0 0.639892578125 0.3974609375 0.01708984375 0.021484375
0 0.665283203125 0.3896484375 0.02197265625 0.033203125
0 0.42041015625 0.4111328125 0.02734375 0.134765625
0 0.811767578125 0.38427734375 0.05029296875 0.2451171875
