0 0.394287109375 0.3955078125 0.01025390625 0.05078125
0 0.271240234375 0.40087890625 0.01904296875 0.0927734375
0 0.862060546875 0.376953125 0.01611328125 0.078125
0 0.83203125 0.39599609375 0.033203125 0.0751953125
0 0.81640625 0.3779296875 0.0166015625 0.08203125
0 0.80322265625 0.3798828125 0.015625 0.078125
0 0.69873046875 0.388671875 0.0078125 0.03125
0 0.789306640625 0.37939453125 0.01416015625 0.0693359375
0 0.998779296875 0.4658203125 0.09619140625 0.46875
0 0.739501953125 0.3818359375 0.01806640625 0.087890625
0 0.654052734375 0.38134765625 0.01123046875 0.0556640625
0 0.650390625 0.39794921875 0.0205078125 0.0986328125
0 0.6650390625 0.384765625 0.0146484375 0.072265625
0 0.678466796875 0.39501953125 0.02197265625 0.1064453125
0 0.570556640625 0.39599609375 0.00927734375 0.0458984375
0 0.454833984375 0.392578125 0.00537109375 0.025390625
0 0.5654296875 0.3857421875 0.0068359375 0.03125
0 0.62158203125 0.37060546875 0.0078125 0.0400390625
0 0.6142578125 0.376953125 0.0078125 0.037109375
0 0.42529296875 0.40185546875 0.0146484375 0.0732421875
0 0.587646484375 0.3984375 0.02197265625 0.10546875
0 0.5576171875 0.404296875 0.0244140625 0.119140625
0 0.598876953125 0.39990234375 0.03076171875 0.1494140625
0 0.576416015625 0.38427734375 0.01123046875 0.0244140625
0 0.621337890625 0.38427734375 0.02001953125 0.0458984375
0 0.7060546875 0.3876953125 0.0166015625 0.044921875
