0 0.7783203125 0.40966796875 0.0078125 0.0380859375
0 0.95068359375 0.4228515625 0.0419921875 0.203125
0 0.78271484375 0.412109375 0.0068359375 0.03515625
0 0.89501953125 0.4140625 0.0986328125 0.48046875
0 0.53955078125 0.4013671875 0.0078125 0.0390625
0 0.553466796875 0.4013671875 0.00927734375 0.044921875
0 0.640380859375 0.396484375 0.01025390625 0.02734375
0 0.5595703125 0.408203125 0.0224609375 0.111328125
0 0.573486328125 0.4130859375 0.02197265625 0.107421875
0 0.60400390625 0.40869140625 0.0166015625 0.0810546875
0 0.625244140625 0.40869140625 0.01611328125 0.0791015625
0 0.6123046875 0.41357421875 0.0234375 0.1142578125
0 0.656494140625 0.43505859375 0.03466796875 0.1689453125
0 0.742919921875 0.42578125 0.06201171875 0.302734375
0 0.071533203125 0.3798828125 0.00634765625 0.029296875
0 0.2890625 0.41015625 0.0224609375 0.109375
0 0.272705078125 0.40625 0.02490234375 0.12109375
0 0.32470703125 0.40625 0.0234375 0.11328125
0 0.341796875 0.40966796875 0.0263671875 0.1279296875
0 0.332763671875 0.41796875 0.02392578125 0.115234375
0 0.3798828125 0.40673828125 0.0234375 0.1142578125
0 0.376953125 0.41162109375 0.025390625 0.1240234375
0 0.358154296875 0.41015625 0.02783203125 0.13671875
0 0.4609375 0.41943359375 0.0244140625 0.1201171875
0 0.3857421875 0.41064453125 0.0244140625 0.1201171875
0 0.441650390625 0.41748046875 0.02783203125 0.1357421875
0 0.450927734375 0.4091796875 0.03369140625 0.162109375
0 0.40478515625 0.41552734375 0.0341796875 0.1669921875
0 0.802490234375 0.42822265625 0.00830078125 0.0400390625
0 0.669189453125 0.39794921875 0.01806640625 0.0869140625
0 0.7080078125 0.39404296875 0.0390625 0.1904296875
0 0.24072265625 0.38818359375 0.00390625 0.0185546875
0 0.128662109375 0.38232421875 0.01025390625 0.0341796875
0 0.154052734375 0.38525390625 0.01025390625 0.0263671875
0 0.403076171875 0.46240234375 0.00537109375 0.0322265625
0 0.41015625 0.35693359375 0.001953125 0.0009765625
0 0.41845703125 0.36279296875 0.013671875 0.0185546875
0 0.423095703125 0.44140625 0.02001953125 0.05859375
0 0.4248046875 0.4033203125 0.0029296875 0.009765625
0 0.42431640625 0.38232421875 0.0009765625 0.0087890625
0 0.424560546875 0.39599609375 0.00048828125 0.0009765625
