0 0.566650390625 0.42041015625 0.01904296875 0.0927734375
0 0.569580078125 0.4189453125 0.01904296875 0.09375
0 0.603271484375 0.4111328125 0.01806640625 0.087890625
0 0.6064453125 0.419921875 0.0185546875 0.091796875
0 0.857177734375 0.412109375 0.02001953125 0.09765625
0 0.8330078125 0.40869140625 0.0205078125 0.1005859375
0 0.813720703125 0.404296875 0.02001953125 0.09765625
0 0.78125 0.41357421875 0.01953125 0.0966796875
0 0.791748046875 0.4150390625 0.01904296875 0.091796875
0 0.798828125 0.42041015625 0.017578125 0.0849609375
0 0.753662109375 0.4150390625 0.01513671875 0.0703125
0 0.764892578125 0.4296875 0.01904296875 0.06640625
0 0.739013671875 0.41357421875 0.02099609375 0.1025390625
0 0.707763671875 0.4150390625 0.01904296875 0.09375
0 0.714111328125 0.42626953125 0.01806640625 0.0732421875
0 0.6552734375 0.41748046875 0.0185546875 0.0927734375
0 0.646728515625 0.41650390625 0.02001953125 0.0966796875
0 0.638916015625 0.42138671875 0.01904296875 0.0927734375
0 0.674560546875 0.4150390625 0.01904296875 0.09375
0 0.662353515625 0.42236328125 0.01806640625 0.0869140625
0 0.679931640625 0.42138671875 0.01806640625 0.0888671875
0 0.693115234375 0.41845703125 0.02001953125 0.0966796875
0 0.011962890625 0.43408203125 0.01220703125 0.0576171875
0 0.02734375 0.4296875 0.013671875 0.06640625
0 0.011474609375 0.45703125 0.01708984375 0.150390625
0 0.321044921875 0.43701171875 0.01708984375 0.0810546875
0 0.37353515625 0.43310546875 0.015625 0.0751953125
0 0.337158203125 0.43603515625 0.01708984375 0.0849609375
0 0.3515625 0.435546875 0.017578125 0.0859375
0 0.363525390625 0.43896484375 0.01708984375 0.0830078125
0 0.40185546875 0.4296875 0.0205078125 0.099609375
0 0.60693359375 0.41357421875 0.0166015625 0.0810546875
