0 0.5283203125 0.40478515625 0.0087890625 0.0439453125
0 0.51611328125 0.40625 0.0087890625 0.04296875
0 0.5068359375 0.40771484375 0.009765625 0.0478515625
0 0.465576171875 0.41162109375 0.01220703125 0.0576171875
0 0.40185546875 0.4111328125 0.01171875 0.056640625
0 0.418212890625 0.4111328125 0.01220703125 0.060546875
0 0.324462890625 0.412109375 0.00927734375 0.04296875
0 0.307861328125 0.4287109375 0.02392578125 0.115234375
0 0.286376953125 0.419921875 0.02001953125 0.09765625
0 0.257568359375 0.4189453125 0.02294921875 0.11328125
0 0.08642578125 0.4306640625 0.0302734375 0.146484375
0 0.5712890625 0.42138671875 0.0205078125 0.1005859375
0 0.131591796875 0.4736328125 0.01513671875 0.080078125
0 0.13525390625 0.3740234375 0.0048828125 0.017578125
0 0.13720703125 0.421875 0.001953125 0.009765625
0 0.162841796875 0.42822265625 0.01416015625 0.1611328125
0 0.183837890625 0.48193359375 0.01708984375 0.0634765625
0 0.492919921875 0.412109375 0.01220703125 0.044921875
0 0.55615234375 0.40478515625 0.0087890625 0.0498046875
