0 0.4697265625 0.35693359375 0.0029296875 0.0126953125
0 0.544189453125 0.3486328125 0.00439453125 0.021484375
0 0.44140625 0.36962890625 0.0087890625 0.0419921875
0 0.433837890625 0.3662109375 0.00732421875 0.037109375
0 0.6376953125 0.37646484375 0.0263671875 0.1279296875
0 0.65771484375 0.37939453125 0.0244140625 0.1181640625
0 0.1943359375 0.42431640625 0.0380859375 0.1845703125
0 0.468994140625 0.3564453125 0.00341796875 0.017578125
0 0.473388671875 0.35498046875 0.00341796875 0.0166015625
0 0.529541015625 0.36376953125 0.00830078125 0.0400390625
0 0.755126953125 0.4384765625 0.07861328125 0.3828125
0 0.541015625 0.35400390625 0.0078125 0.0322265625
