0 0.345458984375 0.3935546875 0.00634765625 0.029296875
0 0.422607421875 0.3994140625 0.00634765625 0.03125
0 0.43115234375 0.40185546875 0.0048828125 0.0244140625
0 0.810546875 0.4248046875 0.005859375 0.029296875
0 0.81884765625 0.4169921875 0.0078125 0.0390625
0 0.126708984375 0.5244140625 0.11181640625 0.544921875
0 0.10986328125 0.53076171875 0.142578125 0.6962890625
0 0.297607421875 0.43017578125 0.03564453125 0.1748046875
0 0.303466796875 0.44970703125 0.02978515625 0.1435546875
0 0.401123046875 0.41845703125 0.03466796875 0.1708984375
0 0.3935546875 0.42333984375 0.0361328125 0.1767578125
0 0.52099609375 0.40380859375 0.009765625 0.0478515625
0 0.54833984375 0.40380859375 0.0087890625 0.0419921875
0 0.55126953125 0.39697265625 0.0087890625 0.0205078125
0 0.611083984375 0.4091796875 0.00732421875 0.03515625
0 0.581298828125 0.3955078125 0.00830078125 0.02734375
0 0.607421875 0.3974609375 0.0078125 0.03125
0 0.599853515625 0.40625 0.00732421875 0.03515625
0 0.648193359375 0.4130859375 0.00732421875 0.03515625
0 0.73876953125 0.41455078125 0.009765625 0.0478515625
0 0.912841796875 0.44140625 0.00927734375 0.044921875
0 0.752685546875 0.4228515625 0.02978515625 0.083984375
0 0.869873046875 0.431640625 0.03564453125 0.171875
0 0.6796875 0.42626953125 0.0390625 0.1904296875
0 0.72265625 0.4375 0.052734375 0.255859375
0 0.489990234375 0.43115234375 0.04345703125 0.2119140625
0 0.484375 0.4404296875 0.044921875 0.220703125
0 0.351318359375 0.392578125 0.00537109375 0.02734375
0 0.79443359375 0.4091796875 0.025390625 0.123046875
