0 0.774658203125 0.404296875 0.02197265625 0.109375
0 0.79345703125 0.404296875 0.0205078125 0.099609375
0 0.813232421875 0.400390625 0.02392578125 0.115234375
0 0.923583984375 0.3955078125 0.01611328125 0.078125
0 0.5302734375 0.38427734375 0.0068359375 0.0146484375
0 0.53857421875 0.38720703125 0.0048828125 0.0166015625
0 0.54443359375 0.38720703125 0.009765625 0.0166015625
0 0.578369140625 0.40771484375 0.02099609375 0.1005859375
0 0.623291015625 0.41357421875 0.02099609375 0.1025390625
0 0.765380859375 0.412109375 0.02490234375 0.12109375
0 0.750732421875 0.40576171875 0.03173828125 0.1572265625
0 0.95751953125 0.396484375 0.0205078125 0.1015625
0 0.9736328125 0.40087890625 0.021484375 0.1064453125
0 0.44921875 0.41748046875 0.015625 0.0751953125
0 0.461181640625 0.4140625 0.01708984375 0.08203125
0 0.4140625 0.39697265625 0.005859375 0.0302734375
0 0.32373046875 0.39794921875 0.0078125 0.0400390625
0 0.3271484375 0.408203125 0.009765625 0.046875
0 0.348876953125 0.4150390625 0.01318359375 0.064453125
0 0.359130859375 0.4140625 0.01123046875 0.0546875
0 0.3837890625 0.40966796875 0.015625 0.0751953125
0 0.37939453125 0.416015625 0.0166015625 0.08203125
0 0.398193359375 0.42333984375 0.02685546875 0.1298828125
0 0.42822265625 0.416015625 0.0146484375 0.072265625
0 0.42822265625 0.40771484375 0.025390625 0.1240234375
0 0.30517578125 0.423828125 0.0166015625 0.080078125
0 0.287841796875 0.4267578125 0.01220703125 0.05859375
0 0.2880859375 0.42529296875 0.0146484375 0.0712890625
0 0.302490234375 0.423828125 0.02001953125 0.09765625
0 0.333984375 0.42138671875 0.0185546875 0.0908203125
