0 0.79833984375 0.45361328125 0.0625 0.3056640625
0 0.849609375 0.45166015625 0.06640625 0.3251953125
0 0.461669921875 0.4423828125 0.01123046875 0.052734375
0 0.39404296875 0.4482421875 0.01171875 0.056640625
0 0.131103515625 0.4189453125 0.00341796875 0.001953125
0 0.603759765625 0.4375 0.01904296875 0.091796875
0 0.020263671875 0.43310546875 0.01611328125 0.0380859375
0 0.12255859375 0.44189453125 0.009765625 0.0341796875
0 0.1318359375 0.4384765625 0.015625 0.041015625
0 0.111328125 0.466796875 0.0234375 0.0859375
0 0.15234375 0.43212890625 0.0087890625 0.0224609375
0 0.039794921875 0.4404296875 0.01513671875 0.033203125
0 0.0537109375 0.4423828125 0.017578125 0.03515625
0 0.084716796875 0.44384765625 0.03662109375 0.0419921875
