0 0.864990234375 0.41748046875 0.01904296875 0.0908203125
0 0.859619140625 0.416015625 0.02001953125 0.09765625
0 0.670166015625 0.4208984375 0.02001953125 0.09765625
0 0.693359375 0.419921875 0.017578125 0.083984375
0 0.741455078125 0.421875 0.01611328125 0.078125
0 0.4814453125 0.41357421875 0.005859375 0.0283203125
0 0.574951171875 0.41845703125 0.02001953125 0.0986328125
0 0.571533203125 0.4306640625 0.02490234375 0.12109375
0 0.50439453125 0.42431640625 0.01171875 0.0556640625
0 0.36279296875 0.41796875 0.0087890625 0.041015625
