0 0.282958984375 0.39599609375 0.01025390625 0.0498046875
0 0.8720703125 0.37939453125 0.04296875 0.2099609375
0 0.91015625 0.41796875 0.06640625 0.32421875
0 0.79248046875 0.41796875 0.052734375 0.255859375
0 0.027099609375 0.41064453125 0.01318359375 0.0634765625
0 0.06591796875 0.40771484375 0.015625 0.0771484375
0 0.439697265625 0.3955078125 0.01123046875 0.0546875
0 0.407958984375 0.39501953125 0.01416015625 0.0712890625
0 0.37353515625 0.3916015625 0.0107421875 0.05078125
0 0.375244140625 0.39013671875 0.01220703125 0.0576171875
0 0.32666015625 0.3974609375 0.013671875 0.06640625
0 0.317626953125 0.39794921875 0.01416015625 0.0673828125
0 0.0791015625 0.4091796875 0.0146484375 0.072265625
0 0.069580078125 0.4091796875 0.01513671875 0.072265625
0 0.1240234375 0.40380859375 0.0166015625 0.0810546875
0 0.112060546875 0.40966796875 0.01513671875 0.0732421875
0 0.100830078125 0.4052734375 0.01904296875 0.091796875
0 0.12646484375 0.4052734375 0.015625 0.076171875
0 0.5859375 0.3818359375 0.0078125 0.037109375
0 0.180908203125 0.41015625 0.01708984375 0.041015625
0 0.22119140625 0.40283203125 0.015625 0.0751953125
0 0.2294921875 0.40576171875 0.0146484375 0.0732421875
0 0.54345703125 0.38525390625 0.009765625 0.0478515625
0 0.51318359375 0.38427734375 0.005859375 0.0126953125
0 0.525390625 0.38720703125 0.001953125 0.0048828125
0 0.250244140625 0.4033203125 0.01318359375 0.064453125
0 0.535400390625 0.37841796875 0.01025390625 0.0224609375
0 0.25634765625 0.404296875 0.013671875 0.06640625
0 0.617431640625 0.3876953125 0.00927734375 0.04296875
0 0.5478515625 0.3837890625 0.0107421875 0.052734375
0 0.559326171875 0.3857421875 0.01025390625 0.048828125
0 0.573486328125 0.38134765625 0.00927734375 0.0458984375
0 0.581298828125 0.3837890625 0.00732421875 0.037109375
0 0.57666015625 0.3798828125 0.009765625 0.015625
0 0.564453125 0.380859375 0.0068359375 0.015625
0 0.613525390625 0.38671875 0.01025390625 0.05078125
0 0.60302734375 0.3837890625 0.0068359375 0.033203125
0 0.59716796875 0.38818359375 0.0087890625 0.0439453125
0 0.62646484375 0.38232421875 0.0087890625 0.0419921875
0 0.52001953125 0.39111328125 0.009765625 0.0458984375
0 0.501220703125 0.388671875 0.01123046875 0.0546875
0 0.648193359375 0.39453125 0.02294921875 0.111328125
0 0.67138671875 0.39208984375 0.0234375 0.1142578125
0 0.69873046875 0.40283203125 0.0361328125 0.1767578125
0 0.659423828125 0.40625 0.03662109375 0.177734375
0 0.386962890625 0.388671875 0.01123046875 0.056640625
