0 0.8056640625 0.4013671875 0.03125 0.154296875
0 0.820556640625 0.408203125 0.03662109375 0.1796875
0 0.148681640625 0.4091796875 0.01220703125 0.060546875
0 0.06494140625 0.4150390625 0.0126953125 0.0625
0 0.0244140625 0.43701171875 0.0126953125 0.0634765625
0 0.01123046875 0.4169921875 0.021484375 0.103515625
0 0.04443359375 0.42724609375 0.0234375 0.1142578125
0 0.2265625 0.40625 0.0087890625 0.04296875
0 0.1689453125 0.423828125 0.0234375 0.11328125
0 0.19384765625 0.4150390625 0.02734375 0.134765625
0 0.503173828125 0.39306640625 0.00537109375 0.0263671875
0 0.257568359375 0.416015625 0.01611328125 0.078125
0 0.2705078125 0.41796875 0.01953125 0.095703125
0 0.130859375 0.423828125 0.03125 0.15234375
0 0.659423828125 0.392578125 0.01513671875 0.072265625
0 0.10107421875 0.4365234375 0.0263671875 0.12890625
0 0.12646484375 0.4326171875 0.0302734375 0.1484375
0 0.65576171875 0.40625 0.0185546875 0.091796875
0 0.005859375 0.48046875 0.005859375 0.166015625
0 0.6435546875 0.39794921875 0.021484375 0.1044921875
0 0.694091796875 0.3994140625 0.01904296875 0.09375
0 0.679443359375 0.40576171875 0.02685546875 0.1298828125
0 0.2451171875 0.41943359375 0.017578125 0.0849609375
0 0.240478515625 0.42138671875 0.02392578125 0.1181640625
0 0.347900390625 0.408203125 0.01708984375 0.08203125
0 0.339111328125 0.41455078125 0.01611328125 0.0791015625
0 0.32421875 0.4150390625 0.015625 0.076171875
0 0.331787109375 0.4150390625 0.02001953125 0.09765625
0 0.40478515625 0.40234375 0.01171875 0.056640625
0 0.39404296875 0.40185546875 0.01171875 0.0556640625
0 0.400634765625 0.408203125 0.01708984375 0.048828125
0 0.4296875 0.39892578125 0.0068359375 0.0341796875
0 0.4189453125 0.40283203125 0.0126953125 0.0615234375
0 0.425537109375 0.4072265625 0.01123046875 0.0546875
0 0.449951171875 0.4052734375 0.01220703125 0.05859375
0 0.30126953125 0.4111328125 0.0244140625 0.1171875
0 0.2841796875 0.41015625 0.0244140625 0.119140625
0 0.595947265625 0.40966796875 0.01806640625 0.0869140625
0 0.37353515625 0.39892578125 0.0224609375 0.0419921875
0 0.440673828125 0.39404296875 0.01513671875 0.0224609375
0 0.457763671875 0.39453125 0.00830078125 0.021484375
0 0.4677734375 0.3974609375 0.0078125 0.029296875
0 0.480712890625 0.40185546875 0.01220703125 0.0361328125
0 0.49169921875 0.3955078125 0.0048828125 0.0234375
0 0.49609375 0.39599609375 0.001953125 0.0185546875
0 0.501708984375 0.392578125 0.00146484375 0.021484375
0 0.505615234375 0.38525390625 0.00146484375 0.0068359375
0 0.506103515625 0.3955078125 0.00146484375 0.01171875
