0 0.5244140625 0.38134765625 0.005859375 0.0283203125
0 0.46484375 0.400390625 0.01171875 0.05859375
0 0.60986328125 0.37646484375 0.005859375 0.0283203125
0 0.61376953125 0.3828125 0.0078125 0.037109375
0 0.62158203125 0.38134765625 0.0078125 0.0380859375
0 0.5947265625 0.37890625 0.001953125 0.015625
0 0.54736328125 0.37646484375 0.00390625 0.0185546875
0 0.596923828125 0.37939453125 0.00439453125 0.0224609375
0 0.600830078125 0.384765625 0.00634765625 0.03125
0 0.606689453125 0.39404296875 0.00634765625 0.0322265625
0 0.62841796875 0.41015625 0.0166015625 0.08203125
0 0.638916015625 0.42138671875 0.02197265625 0.1064453125
