0 0.616455078125 0.39111328125 0.00634765625 0.0302734375
0 0.764404296875 0.39208984375 0.02197265625 0.1083984375
0 0.737548828125 0.39453125 0.02197265625 0.107421875
0 0.717041015625 0.40869140625 0.03076171875 0.1494140625
0 0.689697265625 0.41357421875 0.03076171875 0.1494140625
0 0.607421875 0.38916015625 0.0078125 0.0361328125
0 0.597900390625 0.3896484375 0.01220703125 0.060546875
0 0.53759765625 0.38720703125 0.0078125 0.0361328125
0 0.457275390625 0.3935546875 0.01123046875 0.0546875
0 0.35009765625 0.42041015625 0.033203125 0.1630859375
0 0.204345703125 0.41064453125 0.03662109375 0.1787109375
