0 0.192626953125 0.43310546875 0.00830078125 0.0419921875
0 0.187744140625 0.4404296875 0.00927734375 0.03515625
0 0.1875 0.44677734375 0.0224609375 0.0419921875
0 0.173583984375 0.447265625 0.01611328125 0.044921875
0 0.438720703125 0.39892578125 0.01123046875 0.0556640625
0 0.499267578125 0.3994140625 0.00732421875 0.029296875
0 0.50439453125 0.40478515625 0.009765625 0.0302734375
0 0.82763671875 0.39208984375 0.01953125 0.0966796875
0 0.791015625 0.41015625 0.029296875 0.14453125
0 0.77587890625 0.41259765625 0.029296875 0.1416015625
0 0.242919921875 0.42822265625 0.01123046875 0.0419921875
