0 0.794921875 0.392578125 0.0068359375 0.033203125
0 0.8017578125 0.39697265625 0.0068359375 0.0341796875
0 0.806396484375 0.388671875 0.00439453125 0.021484375
0 0.3193359375 0.42333984375 0.0419921875 0.2041015625
0 0.343505859375 0.42626953125 0.03955078125 0.1943359375
0 0.328125 0.42724609375 0.04296875 0.2099609375
0 0.29833984375 0.43701171875 0.04296875 0.2099609375
0 0.28369140625 0.43505859375 0.044921875 0.2177734375
0 0.337890625 0.41162109375 0.03125 0.1533203125
0 0.771484375 0.39697265625 0.0068359375 0.0322265625
0 0.76123046875 0.39697265625 0.0048828125 0.0244140625
0 0.9921875 0.380859375 0.01171875 0.048828125
