0 0.027099609375 0.38720703125 0.01904296875 0.0927734375
0 0.258056640625 0.384765625 0.00830078125 0.0078125
0 0.105712890625 0.380859375 0.01220703125 0.05859375
0 0.19873046875 0.39013671875 0.01171875 0.0576171875
0 0.220458984375 0.3798828125 0.00634765625 0.013671875
0 0.250732421875 0.38427734375 0.00634765625 0.0068359375
0 0.127197265625 0.388671875 0.01220703125 0.05859375
0 0.181884765625 0.375 0.00732421875 0.01953125
0 0.233154296875 0.400390625 0.01611328125 0.078125
0 0.21240234375 0.40673828125 0.017578125 0.0869140625
0 0.46484375 0.4150390625 0.0126953125 0.0625
0 0.521240234375 0.41748046875 0.01220703125 0.0595703125
0 0.51806640625 0.4169921875 0.0126953125 0.0625
0 0.4892578125 0.4033203125 0.0107421875 0.052734375
0 0.494384765625 0.40576171875 0.01123046875 0.0537109375
0 0.5068359375 0.4248046875 0.009765625 0.046875
0 0.498291015625 0.41455078125 0.01123046875 0.0556640625
0 0.50048828125 0.4208984375 0.0126953125 0.0625
0 0.48876953125 0.41796875 0.013671875 0.06640625
0 0.480712890625 0.416015625 0.01416015625 0.0703125
0 0.9140625 0.43896484375 0.0146484375 0.0712890625
0 0.875244140625 0.4287109375 0.01513671875 0.07421875
0 0.876708984375 0.4345703125 0.01416015625 0.0703125
0 0.89501953125 0.43505859375 0.013671875 0.0673828125
0 0.903564453125 0.43505859375 0.01513671875 0.0751953125
0 0.909423828125 0.439453125 0.01416015625 0.0703125
0 0.888671875 0.43408203125 0.0166015625 0.0791015625
0 0.113037109375 0.39111328125 0.01318359375 0.0654296875
0 0.1513671875 0.3857421875 0.0126953125 0.0625
0 0.146484375 0.39013671875 0.013671875 0.0673828125
0 0.428955078125 0.404296875 0.01416015625 0.0703125
