0 0.070556640625 0.39794921875 0.04248046875 0.2060546875
0 0.20947265625 0.44287109375 0.0380859375 0.0615234375
0 0.215576171875 0.40625 0.03466796875 0.16796875
0 0.452392578125 0.38134765625 0.00927734375 0.0205078125
0 0.1875 0.40380859375 0.0361328125 0.1767578125
0 0.445556640625 0.3818359375 0.01220703125 0.02734375
0 0.46826171875 0.38525390625 0.005859375 0.0126953125
0 0.302001953125 0.39501953125 0.02587890625 0.1259765625
0 0.3291015625 0.3994140625 0.025390625 0.125
0 0.5419921875 0.388671875 0.0146484375 0.0703125
0 0.998046875 0.4189453125 0.060546875 0.296875
0 0.6376953125 0.39794921875 0.0087890625 0.0439453125
0 0.598876953125 0.39013671875 0.01025390625 0.0498046875
0 0.675048828125 0.3857421875 0.01123046875 0.033203125
0 0.845703125 0.40087890625 0.013671875 0.0400390625
