0 0.807373046875 0.38671875 0.01220703125 0.060546875
0 0.83203125 0.38037109375 0.02734375 0.1318359375
0 0.7666015625 0.38232421875 0.0107421875 0.0537109375
0 0.7607421875 0.380859375 0.0146484375 0.072265625
0 0.23095703125 0.42529296875 0.0234375 0.1162109375
0 0.09033203125 0.4296875 0.0302734375 0.1484375
0 0.104736328125 0.421875 0.03076171875 0.150390625
0 0.111572265625 0.43017578125 0.03076171875 0.1494140625
0 0.043212890625 0.42333984375 0.02294921875 0.1123046875
0 0.012939453125 0.423828125 0.02490234375 0.12109375
0 0.69091796875 0.4091796875 0.037109375 0.181640625
0 0.736572265625 0.4140625 0.05322265625 0.2578125
0 0.618896484375 0.38916015625 0.01513671875 0.0732421875
0 0.401611328125 0.40185546875 0.01513671875 0.0732421875
0 0.212158203125 0.4345703125 0.03369140625 0.125
