0 0.07373046875 0.3896484375 0.0068359375 0.033203125
0 0.3896484375 0.39453125 0.0087890625 0.04296875
0 0.431640625 0.3955078125 0.0087890625 0.041015625
0 0.418701171875 0.39794921875 0.00732421875 0.0341796875
0 0.412353515625 0.39453125 0.00830078125 0.041015625
0 0.1669921875 0.39111328125 0.013671875 0.0654296875
0 0.457275390625 0.39892578125 0.00537109375 0.0263671875
0 0.462158203125 0.396484375 0.00634765625 0.03125
0 0.534423828125 0.39599609375 0.00927734375 0.0458984375
0 0.54345703125 0.404296875 0.013671875 0.02734375
0 0.544189453125 0.3994140625 0.01123046875 0.0546875
0 0.796630859375 0.40673828125 0.01416015625 0.0693359375
0 0.811279296875 0.404296875 0.01416015625 0.0703125
0 0.696044921875 0.40673828125 0.01220703125 0.0595703125
0 0.562744140625 0.40380859375 0.00830078125 0.0439453125
0 0.564208984375 0.4052734375 0.01904296875 0.04296875
0 0.19189453125 0.3857421875 0.015625 0.076171875
0 0.136962890625 0.3876953125 0.01708984375 0.08203125
0 0.47412109375 0.39306640625 0.0078125 0.0380859375
0 0.888427734375 0.408203125 0.01708984375 0.083984375
