0 0.10791015625 0.42626953125 0.01171875 0.0576171875
0 0.202880859375 0.42138671875 0.02099609375 0.0595703125
0 0.187255859375 0.41455078125 0.01416015625 0.0322265625
0 0.351318359375 0.41650390625 0.00634765625 0.0322265625
0 0.25341796875 0.41943359375 0.005859375 0.0302734375
0 0.292724609375 0.4287109375 0.00732421875 0.037109375
0 0.29833984375 0.42822265625 0.009765625 0.0478515625
0 0.32470703125 0.4169921875 0.005859375 0.02734375
0 0.262939453125 0.41455078125 0.01513671875 0.0751953125
0 0.408447265625 0.41552734375 0.01416015625 0.0693359375
0 0.45556640625 0.42041015625 0.0126953125 0.0634765625
0 0.4501953125 0.42138671875 0.0126953125 0.0615234375
0 0.82568359375 0.41552734375 0.0126953125 0.0615234375
0 0.833251953125 0.41064453125 0.01318359375 0.0634765625
0 0.820556640625 0.412109375 0.01513671875 0.07421875
0 0.7724609375 0.40869140625 0.01171875 0.0576171875
0 0.785888671875 0.4072265625 0.01513671875 0.07421875
0 0.723388671875 0.40966796875 0.01318359375 0.0654296875
0 0.724609375 0.41162109375 0.01171875 0.0576171875
0 0.66552734375 0.40576171875 0.0126953125 0.0615234375
0 0.671875 0.40966796875 0.013671875 0.0654296875
0 0.514892578125 0.4140625 0.01416015625 0.068359375
0 0.51806640625 0.4140625 0.013671875 0.068359375
0 0.53662109375 0.4130859375 0.01171875 0.05859375
0 0.530029296875 0.41552734375 0.01318359375 0.0634765625
0 0.547607421875 0.41455078125 0.01123046875 0.0556640625
0 0.55029296875 0.41455078125 0.0126953125 0.0615234375
0 0.568359375 0.41357421875 0.013671875 0.0673828125
0 0.580322265625 0.41357421875 0.01318359375 0.0634765625
0 0.576171875 0.41259765625 0.015625 0.0771484375
0 0.59228515625 0.4130859375 0.013671875 0.06640625
0 0.602294921875 0.4111328125 0.01416015625 0.068359375
0 0.60546875 0.40673828125 0.01953125 0.0947265625
0 0.61572265625 0.412109375 0.01171875 0.056640625
0 0.62255859375 0.4150390625 0.0126953125 0.060546875
0 0.640380859375 0.41455078125 0.01123046875 0.0556640625
0 0.6357421875 0.41015625 0.0126953125 0.0625
0 0.647705078125 0.4150390625 0.01123046875 0.0546875
0 0.654052734375 0.4169921875 0.01904296875 0.09375
0 0.16259765625 0.41943359375 0.0146484375 0.0693359375
0 0.4228515625 0.40869140625 0.0078125 0.0380859375
0 0.448486328125 0.40625 0.00830078125 0.04296875
0 0.462158203125 0.4072265625 0.00830078125 0.041015625
0 0.1240234375 0.43505859375 0.0224609375 0.1083984375
0 0.7490234375 0.40185546875 0.009765625 0.0478515625
0 0.7890625 0.41357421875 0.013671875 0.0673828125
