0 0.489013671875 0.306640625 0.00341796875 0.017578125
0 0.4990234375 0.3271484375 0.0087890625 0.04296875
0 0.523681640625 0.35009765625 0.01513671875 0.0732421875
0 0.7080078125 0.3779296875 0.0263671875 0.068359375
0 0.73193359375 0.40625 0.029296875 0.12109375
0 0.78076171875 0.37109375 0.025390625 0.05859375
0 0.77685546875 0.36962890625 0.0126953125 0.0419921875
0 0.841552734375 0.43310546875 0.04052734375 0.1494140625
0 0.888427734375 0.431640625 0.04150390625 0.16015625
0 0.322265625 0.3984375 0.0517578125 0.1171875
0 0.277587890625 0.416015625 0.05908203125 0.287109375
0 0.329833984375 0.42041015625 0.05517578125 0.2666015625
0 0.377197265625 0.4267578125 0.05712890625 0.27734375
0 0.4443359375 0.36376953125 0.0205078125 0.1005859375
0 0.448974609375 0.369140625 0.02490234375 0.12109375
0 0.507080078125 0.32275390625 0.00732421875 0.0341796875
0 0.49560546875 0.31298828125 0.009765625 0.0224609375
