0 0.42333984375 0.43310546875 0.0078125 0.0380859375
0 0.460693359375 0.427734375 0.01220703125 0.060546875
0 0.35498046875 0.43798828125 0.02734375 0.1337890625
0 0.323974609375 0.462890625 0.01806640625 0.08984375
0 0.3056640625 0.42724609375 0.03125 0.1533203125
0 0.27734375 0.4443359375 0.037109375 0.181640625
0 0.226318359375 0.44140625 0.03955078125 0.193359375
0 0.042236328125 0.49462890625 0.08349609375 0.4072265625
0 0.585205078125 0.4189453125 0.00634765625 0.03125
0 0.5908203125 0.41650390625 0.0078125 0.0361328125
0 0.577880859375 0.4267578125 0.01123046875 0.0546875
0 0.437744140625 0.4287109375 0.01708984375 0.064453125
