0 0.290283203125 0.4248046875 0.01220703125 0.060546875
0 0.140380859375 0.43212890625 0.01123046875 0.0537109375
0 0.4794921875 0.43408203125 0.0302734375 0.1474609375
0 0.5126953125 0.42431640625 0.0146484375 0.0712890625
0 0.5771484375 0.42138671875 0.013671875 0.0673828125
0 0.583251953125 0.42724609375 0.01708984375 0.0830078125
0 0.530517578125 0.4345703125 0.05029296875 0.24609375
0 0.673095703125 0.44873046875 0.03173828125 0.1533203125
0 0.661865234375 0.470703125 0.03662109375 0.1796875
0 0.63623046875 0.45556640625 0.04296875 0.2099609375
0 0.986328125 0.5166015625 0.0458984375 0.224609375
0 0.862548828125 0.4638671875 0.07177734375 0.189453125
0 0.2451171875 0.43798828125 0.03125 0.1025390625
