0 0.402587890625 0.396484375 0.01025390625 0.048828125
0 0.492431640625 0.40283203125 0.00439453125 0.0224609375
0 0.488037109375 0.39404296875 0.00830078125 0.0400390625
0 0.265625 0.43408203125 0.0166015625 0.0791015625
0 0.1220703125 0.4404296875 0.0419921875 0.205078125
0 0.602783203125 0.40087890625 0.01123046875 0.0537109375
0 0.59619140625 0.40283203125 0.01171875 0.0556640625
0 0.71044921875 0.419921875 0.03515625 0.171875
0 0.7802734375 0.4228515625 0.03125 0.154296875
0 0.4384765625 0.40185546875 0.009765625 0.0458984375
0 0.56982421875 0.4072265625 0.0166015625 0.080078125
0 0.60498046875 0.4052734375 0.0107421875 0.05078125
0 0.430419921875 0.40283203125 0.03564453125 0.0615234375
0 0.43798828125 0.42822265625 0.01171875 0.0107421875
0 0.471435546875 0.39990234375 0.02294921875 0.0458984375
0 0.505126953125 0.3974609375 0.01025390625 0.0390625
0 0.53515625 0.3974609375 0.009765625 0.033203125
