0 0.733642578125 0.41357421875 0.00927734375 0.0458984375
0 0.883544921875 0.41455078125 0.01123046875 0.0556640625
0 0.94970703125 0.42138671875 0.01171875 0.0576171875
0 0.97216796875 0.41943359375 0.013671875 0.0654296875
0 0.421142578125 0.431640625 0.02392578125 0.115234375
0 0.439208984375 0.423828125 0.02587890625 0.125
0 0.311279296875 0.443359375 0.01416015625 0.068359375
0 0.33154296875 0.41552734375 0.02734375 0.1337890625
0 0.23583984375 0.42138671875 0.0361328125 0.1748046875
0 0.2451171875 0.4326171875 0.03515625 0.171875
0 0.1943359375 0.416015625 0.0361328125 0.17578125
0 0.601318359375 0.3994140625 0.00634765625 0.03125
0 0.597412109375 0.39794921875 0.00634765625 0.0322265625
0 0.57861328125 0.4033203125 0.009765625 0.048828125
0 0.513671875 0.40576171875 0.0078125 0.0361328125
0 0.51806640625 0.404296875 0.0107421875 0.05078125
0 0.52880859375 0.40185546875 0.01171875 0.0576171875
0 0.45068359375 0.4150390625 0.0166015625 0.080078125
0 0.462158203125 0.4013671875 0.00927734375 0.046875
0 0.632080078125 0.40283203125 0.00732421875 0.0341796875
0 0.501220703125 0.4111328125 0.01513671875 0.07421875
0 0.74755859375 0.41796875 0.0166015625 0.08203125
0 0.771728515625 0.41357421875 0.02001953125 0.0986328125
0 0.392822265625 0.41943359375 0.02783203125 0.1357421875
0 0.713623046875 0.41455078125 0.02099609375 0.0498046875
0 0.759033203125 0.4267578125 0.02294921875 0.068359375
0 0.812255859375 0.42236328125 0.02685546875 0.1455078125
