0 0.162353515625 0.4296875 0.00927734375 0.046875
0 0.008544921875 0.43994140625 0.01611328125 0.0810546875
0 0.089599609375 0.43701171875 0.01123046875 0.0556640625
0 0.1142578125 0.443359375 0.0078125 0.0390625
0 0.1044921875 0.435546875 0.0126953125 0.0625
0 0.26318359375 0.41650390625 0.0048828125 0.0244140625
0 0.2724609375 0.41552734375 0.005859375 0.0283203125
0 0.248046875 0.41748046875 0.0068359375 0.0322265625
0 0.245361328125 0.4267578125 0.01025390625 0.048828125
0 0.2509765625 0.4375 0.0087890625 0.029296875
0 0.325927734375 0.41064453125 0.00341796875 0.0166015625
0 0.48779296875 0.40869140625 0.0048828125 0.0244140625
0 0.53173828125 0.40673828125 0.005859375 0.0302734375
0 0.45263671875 0.40625 0.0048828125 0.0234375
0 0.45703125 0.4072265625 0.00390625 0.017578125
0 0.465576171875 0.40966796875 0.00537109375 0.0263671875
0 0.4150390625 0.4169921875 0.0126953125 0.060546875
0 0.82958984375 0.40185546875 0.01953125 0.0947265625
0 0.743408203125 0.40966796875 0.02392578125 0.1181640625
0 0.932861328125 0.40576171875 0.03564453125 0.1748046875
0 0.96044921875 0.39892578125 0.0322265625 0.1572265625
0 0.946533203125 0.4130859375 0.03662109375 0.1796875
0 0.3212890625 0.416015625 0.005859375 0.02734375
0 0.790283203125 0.39453125 0.01611328125 0.078125
0 0.35107421875 0.42626953125 0.02734375 0.1337890625
0 0.257568359375 0.4169921875 0.00537109375 0.02734375
0 0.2802734375 0.4248046875 0.0126953125 0.0546875
0 0.47509765625 0.41259765625 0.0107421875 0.0498046875
