0 0.441162109375 0.38232421875 0.00341796875 0.0185546875
0 0.449951171875 0.3896484375 0.00830078125 0.0390625
0 0.3271484375 0.4111328125 0.0078125 0.0390625
0 0.390625 0.4140625 0.0087890625 0.04296875
0 0.38427734375 0.40771484375 0.0107421875 0.0517578125
0 0.130859375 0.36181640625 0.013671875 0.0673828125
0 0.070068359375 0.38330078125 0.01904296875 0.0947265625
0 0.25390625 0.4052734375 0.013671875 0.068359375
0 0.55419921875 0.3857421875 0.00390625 0.01953125
0 0.681884765625 0.4013671875 0.01220703125 0.05859375
0 0.772216796875 0.421875 0.02197265625 0.10546875
0 0.86767578125 0.41162109375 0.025390625 0.1240234375
0 0.8486328125 0.4169921875 0.0244140625 0.119140625
0 0.915283203125 0.4375 0.04248046875 0.1015625
0 0.35205078125 0.42724609375 0.0224609375 0.1083984375
0 0.288818359375 0.4296875 0.02490234375 0.12109375
0 0.6552734375 0.412109375 0.0166015625 0.08203125
0 0.150634765625 0.431640625 0.02490234375 0.12109375
0 0.420654296875 0.39208984375 0.04833984375 0.0478515625
0 0.49462890625 0.39501953125 0.0009765625 0.0048828125
0 0.495361328125 0.38232421875 0.00048828125 0.0009765625
0 0.498291015625 0.37744140625 0.00537109375 0.0068359375
0 0.51025390625 0.39013671875 0.0126953125 0.0361328125
0 0.580078125 0.3818359375 0.0244140625 0.02734375
0 0.60986328125 0.3876953125 0.013671875 0.033203125
0 0.623291015625 0.38671875 0.00634765625 0.033203125
0 0.6396484375 0.3974609375 0.0244140625 0.048828125
