0 0.142822265625 0.4990234375 0.01220703125 0.060546875
0 0.15380859375 0.49658203125 0.013671875 0.0654296875
0 0.266845703125 0.51318359375 0.00927734375 0.0458984375
0 0.126708984375 0.48779296875 0.02978515625 0.1435546875
0 0.22119140625 0.4970703125 0.029296875 0.142578125
0 0.485107421875 0.48779296875 0.01611328125 0.0771484375
0 0.470458984375 0.49072265625 0.02880859375 0.1416015625
0 0.640625 0.490234375 0.015625 0.076171875
0 0.672607421875 0.49658203125 0.02685546875 0.1298828125
0 0.823974609375 0.47412109375 0.00732421875 0.0341796875
0 0.8310546875 0.4755859375 0.0078125 0.037109375
0 0.90625 0.47900390625 0.0107421875 0.0517578125
0 0.94140625 0.47802734375 0.009765625 0.0458984375
0 0.917236328125 0.4853515625 0.01708984375 0.08203125
0 0.897216796875 0.48486328125 0.01513671875 0.0751953125
0 0.86767578125 0.490234375 0.01953125 0.095703125
0 0.88134765625 0.48681640625 0.0205078125 0.1005859375
0 0.593017578125 0.46875 0.04150390625 0.203125
0 0.837890625 0.50390625 0.017578125 0.056640625
