0 0.5048828125 0.4375 0.0126953125 0.060546875
0 0.435791015625 0.435546875 0.01513671875 0.07421875
0 0.41943359375 0.46142578125 0.029296875 0.1416015625
0 0.344482421875 0.4599609375 0.01806640625 0.087890625
0 0.1591796875 0.455078125 0.0205078125 0.1015625
0 0.0615234375 0.4853515625 0.0380859375 0.185546875
0 0.0869140625 0.49267578125 0.03515625 0.1708984375
0 0.878173828125 0.46142578125 0.03564453125 0.1748046875
0 0.91259765625 0.47216796875 0.052734375 0.2568359375
0 0.67529296875 0.466796875 0.041015625 0.19921875
0 0.674560546875 0.49951171875 0.07958984375 0.3896484375
0 0.088623046875 0.47265625 0.02880859375 0.140625
