0 0.3154296875 0.3447265625 0.0068359375 0.033203125
0 0.41943359375 0.3623046875 0.0068359375 0.033203125
0 0.411865234375 0.3603515625 0.00732421875 0.03515625
0 0.470947265625 0.37890625 0.01220703125 0.060546875
0 0.4853515625 0.37548828125 0.013671875 0.0673828125
0 0.544677734375 0.37939453125 0.01513671875 0.0732421875
0 0.59423828125 0.38916015625 0.0166015625 0.0810546875
0 0.69970703125 0.421875 0.025390625 0.125
0 0.281005859375 0.37841796875 0.02294921875 0.1123046875
0 0.26025390625 0.37646484375 0.0224609375 0.1083984375
0 0.34619140625 0.35498046875 0.0126953125 0.0361328125
