0 0.385498046875 0.37548828125 0.00439453125 0.0224609375
0 0.380615234375 0.373046875 0.00634765625 0.02734375
0 0.37255859375 0.37158203125 0.0048828125 0.0224609375
0 0.447998046875 0.37841796875 0.00537109375 0.0263671875
0 0.4423828125 0.37744140625 0.005859375 0.0263671875
0 0.51416015625 0.4912109375 0.0107421875 0.052734375
0 0.599609375 0.4990234375 0.0517578125 0.25390625
0 0.5341796875 0.498046875 0.0595703125 0.291015625
0 0.33203125 0.4287109375 0.0146484375 0.072265625
0 0.341064453125 0.43115234375 0.01318359375 0.0634765625
0 0.294921875 0.427734375 0.0107421875 0.037109375
0 0.239501953125 0.43359375 0.01904296875 0.091796875
0 0.216552734375 0.41796875 0.01416015625 0.033203125
0 0.200927734375 0.41748046875 0.01416015625 0.0322265625
0 0.2529296875 0.4462890625 0.0185546875 0.091796875
0 0.2353515625 0.45068359375 0.033203125 0.0830078125
0 0.26318359375 0.44482421875 0.0205078125 0.1005859375
0 0.2060546875 0.453125 0.0283203125 0.09375
0 0.427490234375 0.45849609375 0.02294921875 0.1103515625
