0 0.7333984375 0.2509765625 0.021484375 0.10546875
0 0.74951171875 0.24755859375 0.02734375 0.1318359375
0 0.658447265625 0.30615234375 0.01513671875 0.0751953125
0 0.480712890625 0.43798828125 0.00732421875 0.0361328125
0 0.47509765625 0.4345703125 0.0087890625 0.04296875
0 0.462158203125 0.43603515625 0.01025390625 0.0517578125
0 0.453369140625 0.4345703125 0.01025390625 0.05078125
0 0.317626953125 0.45166015625 0.02783203125 0.1337890625
0 0.2421875 0.45556640625 0.0263671875 0.1279296875
0 0.26904296875 0.4501953125 0.033203125 0.162109375
