0 0.620849609375 0.416015625 0.02197265625 0.107421875
0 0.663330078125 0.419921875 0.02783203125 0.13671875
0 0.6875 0.4228515625 0.025390625 0.125
0 0.548583984375 0.42333984375 0.01416015625 0.0693359375
0 0.58447265625 0.42333984375 0.0126953125 0.0615234375
0 0.58154296875 0.42626953125 0.0166015625 0.0830078125
0 0.4697265625 0.4306640625 0.009765625 0.046875
0 0.41162109375 0.43603515625 0.015625 0.0771484375
0 0.404296875 0.43310546875 0.0166015625 0.0830078125
0 0.266357421875 0.42822265625 0.02001953125 0.0986328125
0 0.2880859375 0.3935546875 0.015625 0.015625
