0 0.718017578125 0.46826171875 0.01025390625 0.0498046875
0 0.8994140625 0.482421875 0.017578125 0.0859375
0 0.73974609375 0.50927734375 0.0615234375 0.2998046875
0 0.7646484375 0.50341796875 0.0712890625 0.3486328125
0 0.8095703125 0.51904296875 0.0791015625 0.3837890625
0 0.473876953125 0.44921875 0.00927734375 0.044921875
0 0.44775390625 0.46875 0.015625 0.076171875
0 0.437255859375 0.46337890625 0.01416015625 0.0712890625
0 0.4267578125 0.4658203125 0.015625 0.078125
0 0.452392578125 0.4658203125 0.01708984375 0.083984375
0 0.43896484375 0.46630859375 0.015625 0.0791015625
0 0.34619140625 0.45849609375 0.013671875 0.0673828125
0 0.34326171875 0.4599609375 0.0185546875 0.08984375
0 0.400634765625 0.46533203125 0.02685546875 0.1298828125
0 0.395751953125 0.46875 0.02587890625 0.125
0 0.290771484375 0.4521484375 0.01416015625 0.0703125
0 0.30517578125 0.44482421875 0.013671875 0.0673828125
0 0.239013671875 0.43798828125 0.01025390625 0.0498046875
