0 0.138427734375 0.4208984375 0.02587890625 0.126953125
0 0.02392578125 0.40625 0.0244140625 0.119140625
0 0.0673828125 0.408203125 0.025390625 0.125
0 0.08544921875 0.40673828125 0.0263671875 0.1298828125
0 0.04443359375 0.40771484375 0.02734375 0.1337890625
0 0.073486328125 0.41748046875 0.02490234375 0.1201171875
0 0.098876953125 0.41064453125 0.02587890625 0.1259765625
0 0.164306640625 0.42333984375 0.02587890625 0.1279296875
0 0.207763671875 0.435546875 0.01416015625 0.068359375
0 0.89111328125 0.419921875 0.0283203125 0.13671875
0 0.879150390625 0.44921875 0.04248046875 0.1015625
0 0.033935546875 0.3740234375 0.01123046875 0.029296875
0 0.05615234375 0.3681640625 0.0107421875 0.02734375
