0 0.450439453125 0.4755859375 0.01318359375 0.064453125
0 0.441162109375 0.4794921875 0.01220703125 0.05859375
0 0.412353515625 0.46728515625 0.02099609375 0.1025390625
0 0.02294921875 0.59228515625 0.0400390625 0.3544921875
0 0.154296875 0.4560546875 0.04296875 0.208984375
0 0.502197265625 0.4443359375 0.00537109375 0.025390625
0 0.5078125 0.4443359375 0.005859375 0.02734375
0 0.511962890625 0.44580078125 0.00537109375 0.0263671875
0 0.556396484375 0.47412109375 0.01416015625 0.0693359375
0 0.63427734375 0.4521484375 0.033203125 0.162109375
0 0.676025390625 0.453125 0.03076171875 0.150390625
0 0.472900390625 0.4775390625 0.01025390625 0.046875
0 0.2763671875 0.4609375 0.05078125 0.24609375
