0 0.469482421875 0.32568359375 0.00439453125 0.0224609375
0 0.44921875 0.3330078125 0.0087890625 0.044921875
0 0.433837890625 0.373046875 0.01513671875 0.07421875
0 0.49072265625 0.3623046875 0.0146484375 0.0703125
0 0.461181640625 0.3671875 0.01611328125 0.078125
0 0.40087890625 0.3759765625 0.0107421875 0.0234375
0 0.3203125 0.34619140625 0.0087890625 0.0439453125
0 0.28857421875 0.37744140625 0.01171875 0.0595703125
0 0.28125 0.39453125 0.005859375 0.029296875
0 0.388671875 0.37841796875 0.015625 0.0361328125
0 0.362548828125 0.39892578125 0.02294921875 0.1103515625
0 0.32373046875 0.4267578125 0.0341796875 0.166015625
0 0.344482421875 0.43017578125 0.03271484375 0.1611328125
0 0.265625 0.421875 0.0322265625 0.158203125
0 0.652587890625 0.3359375 0.00830078125 0.041015625
0 0.658935546875 0.333984375 0.00830078125 0.041015625
0 0.722412109375 0.392578125 0.02978515625 0.146484375
0 0.761962890625 0.40087890625 0.03759765625 0.1845703125
0 0.752685546875 0.40576171875 0.04248046875 0.2060546875
0 0.705078125 0.41552734375 0.0390625 0.1884765625
0 0.428955078125 0.3603515625 0.03173828125 0.076171875
0 0.468505859375 0.34375 0.00830078125 0.033203125
0 0.5205078125 0.33740234375 0.0439453125 0.0498046875
0 0.59765625 0.3232421875 0.0146484375 0.02734375
