0 0.356689453125 0.4453125 0.01611328125 0.080078125
0 0.373046875 0.44775390625 0.015625 0.0771484375
0 0.391357421875 0.44677734375 0.01611328125 0.0791015625
0 0.278076171875 0.4423828125 0.03076171875 0.150390625
0 0.31982421875 0.4404296875 0.029296875 0.14453125
0 0.30078125 0.44384765625 0.029296875 0.1435546875
0 0.328125 0.4384765625 0.03125 0.154296875
0 0.162353515625 0.47119140625 0.02978515625 0.1455078125
0 0.177978515625 0.4423828125 0.04150390625 0.203125
0 0.17236328125 0.48193359375 0.0263671875 0.1298828125
