0 0.373291015625 0.41357421875 0.01611328125 0.0791015625
0 0.391845703125 0.41552734375 0.01806640625 0.0869140625
0 0.412109375 0.4130859375 0.0146484375 0.0703125
0 0.40771484375 0.41357421875 0.0166015625 0.0810546875
0 0.06298828125 0.46923828125 0.0263671875 0.1298828125
0 0.040771484375 0.46533203125 0.02978515625 0.1455078125
0 0.143310546875 0.43212890625 0.02490234375 0.1201171875
0 0.173095703125 0.43505859375 0.02294921875 0.1123046875
0 0.664794921875 0.41845703125 0.01318359375 0.0634765625
0 0.330078125 0.41162109375 0.0654296875 0.0888671875
0 0.3564453125 0.3779296875 0.0009765625 0.009765625
