0 0.80078125 0.3857421875 0.0068359375 0.03515625
0 0.43017578125 0.41650390625 0.015625 0.0771484375
0 0.495361328125 0.39990234375 0.01708984375 0.0830078125
0 0.524169921875 0.3984375 0.01220703125 0.05859375
0 0.513916015625 0.4033203125 0.01220703125 0.05859375
0 0.03515625 0.50341796875 0.0556640625 0.2705078125
0 0.087890625 0.54248046875 0.0322265625 0.1552734375
0 0.091796875 0.50341796875 0.0537109375 0.2626953125
0 0.64111328125 0.51953125 0.1044921875 0.509765625
0 0.568359375 0.5576171875 0.107421875 0.525390625
0 0.868896484375 0.50439453125 0.10302734375 0.5009765625
0 0.877685546875 0.52490234375 0.11474609375 0.5615234375
0 0.764404296875 0.4140625 0.01318359375 0.064453125
0 0.97900390625 0.44970703125 0.0556640625 0.2724609375
0 0.922607421875 0.396484375 0.01513671875 0.037109375
