0 0.59375 0.42333984375 0.0048828125 0.0224609375
0 0.60888671875 0.42578125 0.0068359375 0.033203125
0 0.774658203125 0.4306640625 0.01220703125 0.05859375
0 0.2373046875 0.4453125 0.021484375 0.103515625
0 0.195556640625 0.4541015625 0.02001953125 0.09765625
0 0.134765625 0.4521484375 0.0234375 0.115234375
0 0.109375 0.4521484375 0.0244140625 0.1171875
0 0.31103515625 0.44775390625 0.021484375 0.1044921875
0 0.905029296875 0.42919921875 0.01123046875 0.0537109375
0 0.166748046875 0.4267578125 0.03369140625 0.068359375
0 0.6337890625 0.42138671875 0.009765625 0.0283203125
0 0.6552734375 0.42236328125 0.005859375 0.0283203125
0 0.668212890625 0.42041015625 0.01708984375 0.0302734375
