0 0.5224609375 0.361328125 0.0029296875 0.013671875
0 0.523681640625 0.375 0.00341796875 0.015625
0 0.552001953125 0.42626953125 0.00732421875 0.0341796875
0 0.57568359375 0.4384765625 0.009765625 0.046875
0 0.553955078125 0.46728515625 0.01123046875 0.0537109375
0 0.685546875 0.50048828125 0.046875 0.2294921875
0 0.494384765625 0.39794921875 0.00634765625 0.0302734375
0 0.465576171875 0.455078125 0.01513671875 0.0390625
0 0.4140625 0.482421875 0.0263671875 0.12890625
0 0.228515625 0.50146484375 0.048828125 0.2373046875
0 0.181396484375 0.5009765625 0.04345703125 0.212890625
0 0.4951171875 0.42919921875 0.0078125 0.0380859375
0 0.50244140625 0.42822265625 0.0078125 0.0400390625
0 0.510009765625 0.4296875 0.00732421875 0.037109375
0 0.37060546875 0.4853515625 0.0439453125 0.21484375
0 0.537841796875 0.42041015625 0.00634765625 0.0322265625
