0 0.545166015625 0.4384765625 0.00439453125 0.021484375
0 0.544189453125 0.4599609375 0.00634765625 0.029296875
0 0.558837890625 0.46240234375 0.00927734375 0.0439453125
0 0.570556640625 0.44580078125 0.01416015625 0.0693359375
0 0.58203125 0.4453125 0.013671875 0.06640625
0 0.851806640625 0.435546875 0.04541015625 0.220703125
0 0.818115234375 0.44189453125 0.04443359375 0.2177734375
0 0.914794921875 0.4384765625 0.04150390625 0.201171875
0 0.482421875 0.4599609375 0.009765625 0.046875
0 0.456787109375 0.44482421875 0.01904296875 0.0927734375
0 0.5244140625 0.44189453125 0.025390625 0.1240234375
0 0.497802734375 0.44970703125 0.02294921875 0.1123046875
0 0.4736328125 0.44189453125 0.025390625 0.1240234375
0 0.43603515625 0.44677734375 0.0234375 0.1142578125
0 0.393310546875 0.45361328125 0.02294921875 0.1123046875
0 0.33935546875 0.43603515625 0.021484375 0.1044921875
0 0.3505859375 0.44384765625 0.025390625 0.1220703125
0 0.291748046875 0.44970703125 0.02685546875 0.1318359375
0 0.30908203125 0.4521484375 0.0302734375 0.146484375
0 0.427978515625 0.44189453125 0.01318359375 0.0634765625
0 0.412841796875 0.4345703125 0.01806640625 0.087890625
