0 0.326904296875 0.43994140625 0.01806640625 0.0869140625
0 0.350341796875 0.43505859375 0.01513671875 0.0732421875
0 0.209716796875 0.45068359375 0.03173828125 0.1552734375
0 0.700927734375 0.42529296875 0.02587890625 0.1259765625
0 0.720458984375 0.4287109375 0.02587890625 0.126953125
0 0.8017578125 0.4150390625 0.0263671875 0.12890625
0 0.86962890625 0.42041015625 0.0302734375 0.1474609375
0 0.978271484375 0.4130859375 0.03564453125 0.17578125
0 0.25390625 0.44921875 0.0361328125 0.177734375
0 0.6630859375 0.42626953125 0.0380859375 0.1044921875
