0 0.55908203125 0.43994140625 0.00390625 0.0166015625
0 0.559814453125 0.45361328125 0.00537109375 0.0263671875
0 0.456298828125 0.4580078125 0.00830078125 0.041015625
0 0.3935546875 0.4599609375 0.01171875 0.05859375
0 0.288330078125 0.466796875 0.02294921875 0.111328125
0 0.3056640625 0.4697265625 0.0234375 0.115234375
0 0.263671875 0.4716796875 0.02734375 0.1328125
0 0.244873046875 0.49609375 0.01806640625 0.087890625
0 0.220947265625 0.46728515625 0.02978515625 0.1455078125
0 0.37841796875 0.4599609375 0.017578125 0.0859375
0 0.388916015625 0.46142578125 0.01708984375 0.0830078125
0 0.377197265625 0.4638671875 0.01904296875 0.09375
0 0.365966796875 0.4677734375 0.01806640625 0.08984375
0 0.059814453125 0.4716796875 0.02490234375 0.12109375
0 0.05859375 0.47265625 0.0322265625 0.15625
0 0.10791015625 0.47216796875 0.0263671875 0.1298828125
0 0.097412109375 0.466796875 0.03271484375 0.16015625
0 0.090087890625 0.4716796875 0.02587890625 0.125
0 0.103271484375 0.47314453125 0.03076171875 0.1494140625
0 0.156982421875 0.466796875 0.03173828125 0.154296875
0 0.55078125 0.46826171875 0.0126953125 0.0615234375
0 0.625 0.4609375 0.0048828125 0.0234375
0 0.62890625 0.458984375 0.005859375 0.029296875
0 0.744140625 0.46875 0.021484375 0.103515625
0 0.7568359375 0.46728515625 0.021484375 0.1044921875
0 0.751220703125 0.48779296875 0.01318359375 0.0654296875
0 0.738037109375 0.47802734375 0.01708984375 0.0830078125
0 0.70703125 0.46142578125 0.021484375 0.1044921875
0 0.695556640625 0.466796875 0.02294921875 0.111328125
0 0.663330078125 0.4677734375 0.01904296875 0.091796875
0 0.67236328125 0.47119140625 0.0205078125 0.1005859375
0 0.67919921875 0.4677734375 0.0224609375 0.107421875
0 0.687744140625 0.46826171875 0.02392578125 0.1181640625
0 0.203857421875 0.47607421875 0.02392578125 0.1162109375
0 0.515869140625 0.4619140625 0.00927734375 0.044921875
0 0.29541015625 0.5 0.009765625 0.044921875
0 0.29638671875 0.431640625 0.0087890625 0.01953125
