0 0.350830078125 0.4208984375 0.02001953125 0.09765625
0 0.15234375 0.42333984375 0.03515625 0.1728515625
0 0.380615234375 0.43505859375 0.02880859375 0.1396484375
0 0.394775390625 0.4345703125 0.03076171875 0.150390625
0 0.588134765625 0.4189453125 0.01318359375 0.0625
0 0.118408203125 0.40380859375 0.02001953125 0.0830078125
0 0.286376953125 0.4091796875 0.10009765625 0.115234375
0 0.414306640625 0.388671875 0.01806640625 0.025390625
0 0.479248046875 0.41162109375 0.01611328125 0.0322265625
0 0.513916015625 0.412109375 0.02001953125 0.0390625
