0 0.644287109375 0.3916015625 0.00927734375 0.044921875
0 0.414794921875 0.42236328125 0.01318359375 0.0634765625
0 0.34033203125 0.443359375 0.01171875 0.056640625
0 0.279541015625 0.42724609375 0.01806640625 0.0888671875
0 0.301513671875 0.4228515625 0.01806640625 0.087890625
0 0.3037109375 0.42529296875 0.017578125 0.0849609375
0 0.19970703125 0.4521484375 0.0263671875 0.12890625
0 0.676513671875 0.39208984375 0.01025390625 0.0498046875
0 0.63037109375 0.41650390625 0.0166015625 0.0810546875
0 0.58984375 0.435546875 0.0361328125 0.17578125
0 0.564697265625 0.38525390625 0.02001953125 0.0439453125
