0 0.479248046875 0.39453125 0.00537109375 0.025390625
0 0.42431640625 0.38671875 0.0068359375 0.033203125
0 0.374267578125 0.3955078125 0.01025390625 0.048828125
0 0.357666015625 0.38720703125 0.00732421875 0.0361328125
0 0.3056640625 0.38232421875 0.009765625 0.0478515625
0 0.29931640625 0.38916015625 0.005859375 0.0283203125
0 0.25732421875 0.3857421875 0.009765625 0.048828125
0 0.247802734375 0.38671875 0.01513671875 0.046875
0 0.23681640625 0.3876953125 0.0205078125 0.048828125
0 0.19677734375 0.39013671875 0.01171875 0.0576171875
