0 0.7109375 0.45458984375 0.0244140625 0.1201171875
0 0.732666015625 0.44921875 0.03173828125 0.15625
0 0.752685546875 0.4716796875 0.04248046875 0.20703125
0 0.931884765625 0.48486328125 0.05224609375 0.2548828125
0 0.89453125 0.46630859375 0.0615234375 0.2978515625
0 0.4150390625 0.43359375 0.0205078125 0.099609375
0 0.27001953125 0.4267578125 0.0263671875 0.12890625
0 0.2763671875 0.4306640625 0.0263671875 0.12890625
0 0.251708984375 0.42333984375 0.02587890625 0.1259765625
0 0.117431640625 0.40283203125 0.03173828125 0.1552734375
0 0.08984375 0.39697265625 0.0322265625 0.1572265625
0 0.04248046875 0.38916015625 0.0341796875 0.1669921875
0 0.064697265625 0.396484375 0.03173828125 0.15625
0 0.053466796875 0.39892578125 0.03369140625 0.1630859375
0 0.12109375 0.412109375 0.029296875 0.142578125
0 0.09814453125 0.40478515625 0.0322265625 0.1572265625
0 0.180419921875 0.435546875 0.04150390625 0.203125
0 0.216796875 0.44921875 0.0390625 0.19140625
0 0.1328125 0.443359375 0.0556640625 0.271484375
0 0.395751953125 0.42919921875 0.02197265625 0.1044921875
0 0.37646484375 0.42236328125 0.0244140625 0.1201171875
0 0.34228515625 0.41552734375 0.0263671875 0.1298828125
0 0.327392578125 0.4150390625 0.02490234375 0.123046875
0 0.31640625 0.4248046875 0.0234375 0.11328125
0 0.2998046875 0.43310546875 0.025390625 0.1240234375
0 0.313232421875 0.43115234375 0.02587890625 0.1279296875
0 0.361328125 0.43310546875 0.03515625 0.1708984375
0 0.327880859375 0.44287109375 0.03173828125 0.1533203125
0 0.604736328125 0.45849609375 0.01708984375 0.0830078125
