0 0.189697265625 0.46240234375 0.02880859375 0.1416015625
0 0.21728515625 0.4638671875 0.02734375 0.1328125
0 0.444091796875 0.43408203125 0.01513671875 0.0751953125
0 0.0224609375 0.4580078125 0.0244140625 0.041015625
0 0.037353515625 0.4404296875 0.00830078125 0.009765625
0 0.04248046875 0.43505859375 0.0009765625 0.0009765625
0 0.726806640625 0.4345703125 0.00732421875 0.04296875
0 0.736572265625 0.3994140625 0.00634765625 0.001953125
0 0.739990234375 0.40283203125 0.00341796875 0.0009765625
0 0.75048828125 0.40380859375 0.015625 0.0029296875
0 0.748046875 0.3994140625 0.0087890625 0.00390625
0 0.773681640625 0.40576171875 0.01025390625 0.0029296875
0 0.943359375 0.39453125 0.02734375 0.02734375
