0 0.85107421875 0.39404296875 0.03125 0.1533203125
0 0.933837890625 0.388671875 0.02685546875 0.1328125
0 0.91259765625 0.39111328125 0.029296875 0.1416015625
0 0.528076171875 0.40234375 0.00927734375 0.046875
0 0.41748046875 0.40478515625 0.009765625 0.0263671875
0 0.3984375 0.40966796875 0.0205078125 0.1005859375
0 0.384521484375 0.408203125 0.02294921875 0.111328125
0 0.344970703125 0.41064453125 0.02197265625 0.1044921875
0 0.3583984375 0.4130859375 0.0205078125 0.1015625
0 0.189453125 0.4287109375 0.037109375 0.181640625
