0 0.544921875 0.41357421875 0.009765625 0.0478515625
0 0.55615234375 0.41796875 0.0087890625 0.04296875
0 0.416748046875 0.40185546875 0.02294921875 0.1103515625
0 0.66748046875 0.42822265625 0.0302734375 0.1474609375
0 0.624755859375 0.4091796875 0.00634765625 0.03125
0 0.374755859375 0.3642578125 0.00732421875 0.029296875
0 0.382080078125 0.38134765625 0.00341796875 0.0517578125
0 0.388916015625 0.3798828125 0.00146484375 0.056640625
0 0.394775390625 0.39111328125 0.00244140625 0.0361328125
0 0.596923828125 0.40966796875 0.00732421875 0.0380859375
