0 0.860595703125 0.3671875 0.02001953125 0.095703125
0 0.854736328125 0.38671875 0.01416015625 0.068359375
0 0.871337890625 0.3798828125 0.01611328125 0.078125
0 0.81201171875 0.375 0.01953125 0.095703125
0 0.838134765625 0.3720703125 0.01904296875 0.09375
0 0.8212890625 0.37158203125 0.0205078125 0.1005859375
0 0.767822265625 0.3779296875 0.01611328125 0.078125
0 0.781494140625 0.37744140625 0.01708984375 0.0830078125
0 0.755859375 0.37646484375 0.01953125 0.0966796875
0 0.349365234375 0.3740234375 0.00927734375 0.021484375
0 0.695556640625 0.37646484375 0.01513671875 0.0751953125
0 0.724365234375 0.375 0.01708984375 0.083984375
