0 0.60791015625 0.47216796875 0.01171875 0.0576171875
0 0.69775390625 0.46142578125 0.0234375 0.1162109375
0 0.3994140625 0.49169921875 0.0078125 0.0361328125
0 0.395263671875 0.490234375 0.00732421875 0.037109375
0 0.38623046875 0.490234375 0.0078125 0.0390625
0 0.389892578125 0.4912109375 0.00732421875 0.037109375
0 0.36572265625 0.48974609375 0.0078125 0.0400390625
0 0.226806640625 0.48095703125 0.01904296875 0.0927734375
0 0.35546875 0.48681640625 0.009765625 0.0478515625
0 0.20947265625 0.48681640625 0.017578125 0.0849609375
0 0.222900390625 0.48095703125 0.01904296875 0.0927734375
0 0.239990234375 0.49072265625 0.01513671875 0.0732421875
0 0.2353515625 0.4794921875 0.0205078125 0.099609375
0 0.1650390625 0.4833984375 0.0234375 0.115234375
0 0.151123046875 0.4873046875 0.02294921875 0.109375
0 0.128662109375 0.4853515625 0.02392578125 0.115234375
0 0.189453125 0.48193359375 0.0244140625 0.1181640625
0 0.425537109375 0.48828125 0.00732421875 0.03515625
0 0.328857421875 0.4873046875 0.04248046875 0.056640625
0 0.3779296875 0.4873046875 0.0107421875 0.048828125
0 0.560791015625 0.4970703125 0.00732421875 0.017578125
