0 0.458251953125 0.4130859375 0.00537109375 0.025390625
0 0.685546875 0.4580078125 0.0322265625 0.158203125
0 0.73486328125 0.42724609375 0.0556640625 0.2724609375
0 0.660888671875 0.4599609375 0.02783203125 0.134765625
0 0.646484375 0.4345703125 0.041015625 0.201171875
0 0.264892578125 0.3994140625 0.01123046875 0.0546875
0 0.316162109375 0.40673828125 0.01513671875 0.0615234375
0 0.32763671875 0.43359375 0.00390625 0.005859375
0 0.47802734375 0.4140625 0.005859375 0.025390625
0 0.486328125 0.41357421875 0.0068359375 0.0244140625
