0 0.392333984375 0.4404296875 0.00927734375 0.044921875
0 0.4130859375 0.43017578125 0.01171875 0.0556640625
0 0.406494140625 0.43408203125 0.01123046875 0.0556640625
0 0.523193359375 0.412109375 0.00244140625 0.005859375
0 0.537353515625 0.41162109375 0.00341796875 0.0048828125
0 0.576171875 0.42919921875 0.0107421875 0.0517578125
0 0.582275390625 0.4248046875 0.01220703125 0.060546875
0 0.59716796875 0.41064453125 0.0244140625 0.1181640625
0 0.625732421875 0.4150390625 0.02197265625 0.109375
0 0.70458984375 0.36767578125 0.01171875 0.0322265625
0 0.749755859375 0.36083984375 0.00927734375 0.0439453125
0 0.681640625 0.41357421875 0.029296875 0.1435546875
0 0.676025390625 0.4140625 0.03271484375 0.158203125
0 0.777587890625 0.4052734375 0.05712890625 0.279296875
0 0.043701171875 0.4453125 0.02783203125 0.13671875
0 0.0576171875 0.44677734375 0.0283203125 0.1376953125
0 0.47021484375 0.42626953125 0.0146484375 0.0712890625
0 0.59033203125 0.427734375 0.0107421875 0.052734375
0 0.02783203125 0.44873046875 0.0263671875 0.0634765625
0 0.099365234375 0.47900390625 0.00927734375 0.0283203125
0 0.121826171875 0.45166015625 0.03076171875 0.0634765625
