0 0.32177734375 0.44677734375 0.0166015625 0.0830078125
0 0.4189453125 0.44970703125 0.0107421875 0.0537109375
0 0.421630859375 0.44970703125 0.01123046875 0.0556640625
0 0.437255859375 0.44921875 0.01123046875 0.056640625
0 0.4404296875 0.443359375 0.013671875 0.06640625
0 0.459716796875 0.455078125 0.01318359375 0.03125
0 0.468505859375 0.44775390625 0.01123046875 0.0537109375
0 0.5625 0.4453125 0.01171875 0.056640625
0 0.5576171875 0.4404296875 0.013671875 0.06640625
0 0.537841796875 0.44091796875 0.01318359375 0.0634765625
0 0.454833984375 0.44482421875 0.01220703125 0.0595703125
0 0.569580078125 0.4462890625 0.01611328125 0.05859375
