0 0.468994140625 0.39404296875 0.01220703125 0.0302734375
0 0.077880859375 0.38671875 0.02001953125 0.09765625
0 0.44970703125 0.4130859375 0.0205078125 0.09765625
0 0.38671875 0.43115234375 0.0185546875 0.0908203125
0 0.3193359375 0.435546875 0.021484375 0.103515625
0 0.2314453125 0.4072265625 0.02734375 0.029296875
0 0.231201171875 0.3740234375 0.02587890625 0.0234375
0 0.2314453125 0.42138671875 0.01953125 0.0068359375
0 0.434326171875 0.39892578125 0.02197265625 0.0791015625
0 0.443115234375 0.40869140625 0.00537109375 0.0107421875
