0 0.190673828125 0.3994140625 0.01708984375 0.08203125
0 0.27685546875 0.39990234375 0.0166015625 0.0810546875
0 0.12353515625 0.40869140625 0.0244140625 0.0908203125
0 0.303466796875 0.40087890625 0.01220703125 0.0595703125
0 0.067626953125 0.41064453125 0.02783203125 0.0751953125
0 0.015380859375 0.40380859375 0.02294921875 0.1123046875
0 0.6591796875 0.39501953125 0.005859375 0.0302734375
0 0.866455078125 0.3896484375 0.00927734375 0.046875
0 0.69775390625 0.390625 0.0068359375 0.033203125
0 0.102294921875 0.40380859375 0.02099609375 0.1044921875
0 0.24609375 0.41064453125 0.0185546875 0.0673828125
