0 0.209716796875 0.4384765625 0.01220703125 0.05859375
0 0.09912109375 0.443359375 0.0166015625 0.080078125
0 0.031982421875 0.4453125 0.01611328125 0.078125
0 0.49072265625 0.44482421875 0.0107421875 0.0517578125
0 0.76806640625 0.4560546875 0.0126953125 0.060546875
0 0.740478515625 0.46337890625 0.02490234375 0.1220703125
0 0.716796875 0.46435546875 0.0244140625 0.1181640625
0 0.713623046875 0.48046875 0.02783203125 0.134765625
0 0.786376953125 0.4599609375 0.05322265625 0.259765625
0 0.63671875 0.45947265625 0.0439453125 0.2119140625
