0 0.653564453125 0.4248046875 0.02001953125 0.099609375
0 0.408447265625 0.4228515625 0.01025390625 0.05078125
0 0.423583984375 0.427734375 0.01416015625 0.068359375
0 0.435546875 0.431640625 0.009765625 0.07421875
0 0.4609375 0.43359375 0.015625 0.076171875
0 0.4052734375 0.43701171875 0.013671875 0.0654296875
0 0.3974609375 0.439453125 0.015625 0.07421875
0 0.4140625 0.435546875 0.015625 0.07421875
0 0.381591796875 0.43701171875 0.01220703125 0.0615234375
0 0.380126953125 0.4228515625 0.01513671875 0.07421875
0 0.293212890625 0.44873046875 0.03369140625 0.1630859375
0 0.441650390625 0.43896484375 0.01513671875 0.0751953125
0 0.49267578125 0.42578125 0.0224609375 0.111328125
