0 0.132080078125 0.42138671875 0.00634765625 0.0283203125
0 0.14794921875 0.43310546875 0.0078125 0.0341796875
0 0.3212890625 0.42333984375 0.0126953125 0.0615234375
0 0.31494140625 0.42626953125 0.015625 0.0771484375
0 0.391357421875 0.4248046875 0.01611328125 0.080078125
0 0.51708984375 0.421875 0.0146484375 0.0703125
0 0.482421875 0.42138671875 0.015625 0.0751953125
0 0.4970703125 0.41943359375 0.015625 0.0771484375
0 0.12451171875 0.42431640625 0.0107421875 0.0517578125
0 0.898681640625 0.44580078125 0.03466796875 0.1689453125
0 0.2548828125 0.43212890625 0.0185546875 0.0888671875
0 0.3056640625 0.42822265625 0.0146484375 0.0712890625
0 0.371337890625 0.4208984375 0.01611328125 0.078125
0 0.897705078125 0.46923828125 0.03076171875 0.1396484375
0 0.72265625 0.43505859375 0.0419921875 0.2041015625
