0 0.60986328125 0.42724609375 0.0166015625 0.0810546875
0 0.576171875 0.42919921875 0.0146484375 0.0712890625
0 0.400634765625 0.45751953125 0.02490234375 0.1220703125
0 0.24853515625 0.4638671875 0.0361328125 0.17578125
0 0.890869140625 0.4365234375 0.03466796875 0.16796875
0 0.8603515625 0.4375 0.0361328125 0.17578125
0 0.987060546875 0.43505859375 0.03662109375 0.1787109375
0 0.964599609375 0.44140625 0.03662109375 0.1796875
0 0.117431640625 0.59423828125 0.12451171875 0.6064453125
0 0.38818359375 0.5615234375 0.1083984375 0.52734375
0 0.515380859375 0.427734375 0.00830078125 0.041015625
0 0.541015625 0.45361328125 0.0361328125 0.1767578125
0 0.56689453125 0.470703125 0.0341796875 0.166015625
0 0.825439453125 0.52294921875 0.01513671875 0.0146484375
0 0.841552734375 0.42236328125 0.03564453125 0.1728515625
