0 0.52587890625 0.427734375 0.01171875 0.056640625
0 0.6015625 0.42236328125 0.0087890625 0.0439453125
0 0.608154296875 0.421875 0.01025390625 0.05078125
0 0.607421875 0.43994140625 0.0087890625 0.0419921875
0 0.6142578125 0.42333984375 0.0107421875 0.0517578125
0 0.650146484375 0.431640625 0.02197265625 0.107421875
0 0.619873046875 0.4287109375 0.01416015625 0.068359375
0 0.63671875 0.427734375 0.0244140625 0.1171875
0 0.48095703125 0.435546875 0.0126953125 0.060546875
0 0.49560546875 0.43115234375 0.013671875 0.0654296875
0 0.5087890625 0.43115234375 0.009765625 0.0478515625
0 0.451416015625 0.43310546875 0.01708984375 0.0830078125
0 0.40283203125 0.4375 0.0263671875 0.12890625
0 0.28271484375 0.45654296875 0.0302734375 0.1474609375
0 0.31689453125 0.4560546875 0.0302734375 0.1484375
0 0.3251953125 0.453125 0.033203125 0.162109375
0 0.353759765625 0.4443359375 0.03759765625 0.18359375
0 0.745361328125 0.43603515625 0.03466796875 0.1689453125
0 0.597900390625 0.42333984375 0.01318359375 0.0654296875
0 0.3603515625 0.45654296875 0.0400390625 0.1943359375
0 0.42724609375 0.44873046875 0.0380859375 0.1865234375
