0 0.48681640625 0.4482421875 0.0146484375 0.072265625
0 0.17578125 0.50927734375 0.0439453125 0.2138671875
0 0.186767578125 0.5068359375 0.04541015625 0.220703125
0 0.114013671875 0.5205078125 0.03955078125 0.193359375
0 0.054443359375 0.5224609375 0.05126953125 0.25
0 0.07470703125 0.5263671875 0.0537109375 0.26171875
0 0.36669921875 0.44580078125 0.0078125 0.0400390625
0 0.373779296875 0.44384765625 0.00927734375 0.0478515625
0 0.423828125 0.4462890625 0.009765625 0.048828125
0 0.41943359375 0.453125 0.0107421875 0.052734375
0 0.42822265625 0.45361328125 0.0146484375 0.0712890625
0 0.38623046875 0.451171875 0.01171875 0.056640625
0 0.444580078125 0.4013671875 0.01220703125 0.015625
0 0.457763671875 0.39990234375 0.00927734375 0.0146484375
0 0.529052734375 0.45654296875 0.02001953125 0.0966796875
0 0.52001953125 0.45703125 0.0205078125 0.099609375
0 0.505615234375 0.46533203125 0.02001953125 0.0966796875
0 0.5498046875 0.45703125 0.0244140625 0.119140625
0 0.522705078125 0.45947265625 0.02392578125 0.1162109375
0 0.40771484375 0.44873046875 0.0146484375 0.0712890625
0 0.361328125 0.44580078125 0.01171875 0.0576171875
0 0.34423828125 0.45703125 0.0146484375 0.072265625
0 0.45458984375 0.4482421875 0.0166015625 0.080078125
0 0.306640625 0.46337890625 0.029296875 0.1435546875
