0 0.629638671875 0.4462890625 0.03271484375 0.16015625
0 0.657470703125 0.4384765625 0.03564453125 0.171875
0 0.713623046875 0.439453125 0.03955078125 0.19140625
0 0.749267578125 0.4453125 0.04541015625 0.220703125
0 0.721435546875 0.44775390625 0.04541015625 0.2197265625
0 0.859375 0.45263671875 0.0732421875 0.3564453125
0 0.99951171875 0.48291015625 0.107421875 0.5244140625
0 0.431640625 0.43115234375 0.0078125 0.0380859375
0 0.424560546875 0.4306640625 0.00830078125 0.0390625
0 0.32958984375 0.4296875 0.009765625 0.048828125
0 0.31298828125 0.43798828125 0.01171875 0.0556640625
0 0.283935546875 0.4296875 0.01123046875 0.056640625
0 0.255126953125 0.439453125 0.01123046875 0.056640625
0 0.2626953125 0.443359375 0.015625 0.076171875
0 0.269775390625 0.4453125 0.01708984375 0.08203125
0 0.227783203125 0.4453125 0.01708984375 0.083984375
0 0.217041015625 0.439453125 0.01708984375 0.083984375
0 0.193115234375 0.45849609375 0.02587890625 0.1240234375
0 0.2470703125 0.44775390625 0.0185546875 0.0888671875
0 0.031982421875 0.47216796875 0.04541015625 0.2216796875
0 0.013427734375 0.455078125 0.02099609375 0.232421875
0 0.235107421875 0.44921875 0.02001953125 0.09765625
0 0.341796875 0.44140625 0.013671875 0.06640625
0 0.293212890625 0.455078125 0.02783203125 0.13671875
0 0.111328125 0.49560546875 0.05859375 0.2861328125
