0 0.072509765625 0.41455078125 0.00732421875 0.0361328125
0 0.08154296875 0.41357421875 0.0078125 0.0380859375
0 0.0341796875 0.4140625 0.0087890625 0.04296875
0 0.041259765625 0.41162109375 0.00927734375 0.0439453125
0 0.224365234375 0.41748046875 0.00732421875 0.0361328125
0 0.230224609375 0.4150390625 0.00830078125 0.041015625
0 0.23583984375 0.41357421875 0.0078125 0.0380859375
0 0.2529296875 0.41552734375 0.0078125 0.0380859375
0 0.43994140625 0.43603515625 0.013671875 0.0654296875
0 0.4677734375 0.43896484375 0.0146484375 0.0712890625
0 0.417724609375 0.43359375 0.01220703125 0.05859375
0 0.188720703125 0.46435546875 0.05712890625 0.2802734375
