0 0.166015625 0.43798828125 0.00390625 0.0595703125
0 0.20263671875 0.44580078125 0.02734375 0.1318359375
0 0.1845703125 0.4482421875 0.029296875 0.142578125
0 0.209716796875 0.4482421875 0.02783203125 0.134765625
0 0.30126953125 0.44140625 0.0244140625 0.119140625
0 0.373291015625 0.43505859375 0.02490234375 0.1240234375
0 0.556640625 0.43603515625 0.021484375 0.1044921875
0 0.58154296875 0.44189453125 0.0205078125 0.1005859375
0 0.5947265625 0.4443359375 0.0234375 0.11328125
0 0.661376953125 0.4384765625 0.02099609375 0.1015625
0 0.655029296875 0.43701171875 0.02197265625 0.1064453125
0 0.70751953125 0.4296875 0.017578125 0.083984375
0 0.687255859375 0.43115234375 0.02490234375 0.1201171875
0 0.75439453125 0.4287109375 0.0205078125 0.099609375
0 0.79150390625 0.427734375 0.0185546875 0.08984375
0 0.419189453125 0.43701171875 0.02490234375 0.1201171875
0 0.37841796875 0.4755859375 0.044921875 0.220703125
0 0.399658203125 0.525390625 0.07763671875 0.376953125
0 0.88623046875 0.51318359375 0.1044921875 0.5107421875
0 0.032958984375 0.474609375 0.06005859375 0.59375
