0 0.3916015625 0.41015625 0.005859375 0.02734375
0 0.443115234375 0.4111328125 0.00439453125 0.021484375
0 0.61474609375 0.42041015625 0.0087890625 0.0419921875
0 0.6083984375 0.41650390625 0.0087890625 0.0439453125
0 0.66455078125 0.4208984375 0.0126953125 0.060546875
0 0.743408203125 0.4453125 0.02001953125 0.099609375
0 0.762451171875 0.4453125 0.02099609375 0.1015625
0 0.891845703125 0.4501953125 0.03759765625 0.18359375
0 0.928466796875 0.4833984375 0.05419921875 0.26171875
0 0.40185546875 0.41015625 0.0068359375 0.033203125
