0 0.365966796875 0.4296875 0.01123046875 0.0546875
0 0.3759765625 0.43310546875 0.009765625 0.0478515625
0 0.392822265625 0.43505859375 0.00732421875 0.0361328125
0 0.399658203125 0.43505859375 0.00732421875 0.0361328125
0 0.40673828125 0.43115234375 0.009765625 0.0478515625
0 0.414306640625 0.42236328125 0.01806640625 0.0888671875
0 0.459228515625 0.4384765625 0.00634765625 0.03125
0 0.526123046875 0.43603515625 0.00732421875 0.0380859375
0 0.519775390625 0.43408203125 0.00830078125 0.0400390625
0 0.532958984375 0.43310546875 0.01123046875 0.0537109375
0 0.55908203125 0.435546875 0.009765625 0.046875
0 0.5498046875 0.4306640625 0.0107421875 0.052734375
0 0.543212890625 0.43017578125 0.01416015625 0.0693359375
0 0.562744140625 0.4306640625 0.01806640625 0.087890625
0 0.59130859375 0.4267578125 0.0107421875 0.052734375
0 0.5751953125 0.43017578125 0.0185546875 0.0888671875
0 0.611572265625 0.43408203125 0.01318359375 0.0654296875
0 0.639404296875 0.439453125 0.01318359375 0.0625
0 0.8310546875 0.46240234375 0.0478515625 0.2314453125
0 0.917724609375 0.44384765625 0.03369140625 0.1650390625
0 0.955810546875 0.4658203125 0.02099609375 0.07421875
0 0.935791015625 0.46875 0.03662109375 0.09375
0 0.285400390625 0.41259765625 0.01611328125 0.0791015625
0 0.590576171875 0.4296875 0.01806640625 0.087890625
0 0.119384765625 0.45556640625 0.03955078125 0.1943359375
0 0.72119140625 0.4619140625 0.0380859375 0.185546875
0 0.748046875 0.45654296875 0.05078125 0.2490234375
0 0.38330078125 0.4306640625 0.0078125 0.0390625
0 0.512451171875 0.41943359375 0.01904296875 0.0927734375
0 0.6220703125 0.4228515625 0.0205078125 0.09765625
0 0.602294921875 0.43115234375 0.01318359375 0.0537109375
