0 0.490966796875 0.416015625 0.00732421875 0.01953125
0 0.496826171875 0.41650390625 0.00732421875 0.0185546875
0 0.50439453125 0.41552734375 0.0068359375 0.0146484375
0 0.51318359375 0.4169921875 0.009765625 0.021484375
0 0.531494140625 0.4287109375 0.01416015625 0.068359375
0 0.543701171875 0.42724609375 0.01416015625 0.0673828125
0 0.556640625 0.42431640625 0.0146484375 0.0712890625
0 0.549072265625 0.4287109375 0.01513671875 0.07421875
0 0.53564453125 0.42529296875 0.0166015625 0.0810546875
0 0.469970703125 0.42529296875 0.00927734375 0.0458984375
0 0.588134765625 0.42919921875 0.01904296875 0.0927734375
0 0.634521484375 0.43212890625 0.02294921875 0.1142578125
0 0.882080078125 0.458984375 0.05517578125 0.26953125
0 0.044677734375 0.53515625 0.07275390625 0.35546875
0 0.525390625 0.4189453125 0.0087890625 0.041015625
