0 0.387451171875 0.427734375 0.00732421875 0.03515625
0 0.6767578125 0.43115234375 0.0185546875 0.0908203125
0 0.68017578125 0.43310546875 0.01953125 0.0947265625
0 0.2421875 0.4326171875 0.0068359375 0.033203125
0 0.222412109375 0.431640625 0.00634765625 0.033203125
0 0.255615234375 0.43359375 0.01220703125 0.037109375
0 0.23193359375 0.43212890625 0.0068359375 0.0341796875
0 0.3310546875 0.43310546875 0.0107421875 0.0517578125
0 0.294921875 0.4345703125 0.0107421875 0.052734375
0 0.302734375 0.4326171875 0.0107421875 0.052734375
0 0.278564453125 0.4345703125 0.01318359375 0.064453125
0 0.3583984375 0.43212890625 0.01171875 0.0556640625
0 0.348876953125 0.423828125 0.01025390625 0.048828125
0 0.534423828125 0.43115234375 0.01025390625 0.0498046875
0 0.74755859375 0.45263671875 0.05078125 0.2490234375
