0 0.3701171875 0.42138671875 0.00390625 0.0205078125
0 0.365478515625 0.4228515625 0.00341796875 0.017578125
0 0.24560546875 0.4423828125 0.01171875 0.056640625
0 0.238037109375 0.44873046875 0.01220703125 0.0576171875
0 0.23046875 0.44287109375 0.0126953125 0.0634765625
0 0.16796875 0.46337890625 0.017578125 0.0849609375
0 0.157470703125 0.46337890625 0.01708984375 0.0830078125
0 0.154052734375 0.45458984375 0.01708984375 0.0830078125
0 0.1552734375 0.46728515625 0.015625 0.0771484375
0 0.058349609375 0.4716796875 0.01806640625 0.087890625
0 0.084228515625 0.48388671875 0.01806640625 0.0888671875
0 0.5419921875 0.41845703125 0.0087890625 0.0439453125
0 0.665771484375 0.45654296875 0.03271484375 0.1591796875
0 0.643310546875 0.44970703125 0.03564453125 0.1748046875
0 0.032470703125 0.435546875 0.01708984375 0.037109375
0 0.06591796875 0.47998046875 0.0478515625 0.1123046875
0 0.125244140625 0.46875 0.04833984375 0.111328125
0 0.378173828125 0.42333984375 0.00634765625 0.0224609375
