0 0.26220703125 0.43994140625 0.015625 0.0771484375
0 0.253173828125 0.4404296875 0.01806640625 0.087890625
0 0.15576171875 0.44580078125 0.015625 0.0751953125
0 0.168701171875 0.44921875 0.01513671875 0.07421875
0 0.10205078125 0.45458984375 0.0185546875 0.0888671875
0 0.08154296875 0.45849609375 0.01953125 0.0947265625
0 0.051513671875 0.46240234375 0.02001953125 0.0986328125
0 0.033203125 0.46044921875 0.021484375 0.1044921875
0 0.005615234375 0.4521484375 0.04150390625 0.201171875
0 0.34326171875 0.439453125 0.0166015625 0.080078125
0 0.545166015625 0.43310546875 0.01611328125 0.0791015625
0 0.851318359375 0.42138671875 0.01904296875 0.0927734375
0 0.853271484375 0.4296875 0.01806640625 0.087890625
0 0.218017578125 0.4404296875 0.01806640625 0.087890625
0 0.207763671875 0.43896484375 0.02294921875 0.1123046875
0 0.29638671875 0.435546875 0.0234375 0.115234375
0 0.286376953125 0.42822265625 0.02685546875 0.1298828125
0 0.327392578125 0.4267578125 0.02685546875 0.130859375
