0 0.60009765625 0.41552734375 0.0048828125 0.0244140625
0 0.5849609375 0.41455078125 0.0048828125 0.0244140625
0 0.389892578125 0.4384765625 0.01806640625 0.08984375
0 0.341064453125 0.43994140625 0.02001953125 0.0966796875
0 0.613525390625 0.423828125 0.01708984375 0.08203125
0 0.6103515625 0.4384765625 0.01953125 0.095703125
0 0.5927734375 0.4365234375 0.0205078125 0.099609375
0 0.6259765625 0.42578125 0.021484375 0.10546875
0 0.6953125 0.462890625 0.0341796875 0.166015625
0 0.658203125 0.45458984375 0.0390625 0.1904296875
0 0.4541015625 0.44189453125 0.017578125 0.0869140625
0 0.467529296875 0.43701171875 0.02001953125 0.0966796875
0 0.48388671875 0.43505859375 0.013671875 0.0673828125
