0 0.879638671875 0.43994140625 0.04052734375 0.1982421875
0 0.728515625 0.45654296875 0.0537109375 0.2626953125
0 0.80712890625 0.4619140625 0.0517578125 0.251953125
0 0.159423828125 0.4697265625 0.06103515625 0.298828125
0 0.164306640625 0.4677734375 0.06494140625 0.31640625
0 0.2705078125 0.4697265625 0.0458984375 0.22265625
0 0.466064453125 0.4658203125 0.04248046875 0.20703125
0 0.410400390625 0.4599609375 0.05419921875 0.265625
0 0.399658203125 0.466796875 0.05517578125 0.26953125
0 0.544921875 0.47509765625 0.0458984375 0.2236328125
0 0.184326171875 0.45654296875 0.05517578125 0.2685546875
0 0.5361328125 0.43017578125 0.052734375 0.2568359375
0 0.7587890625 0.44140625 0.0537109375 0.26171875
0 0.8525390625 0.462890625 0.0634765625 0.310546875
