0 0.389404296875 0.40478515625 0.01025390625 0.0498046875
0 0.3798828125 0.40380859375 0.0107421875 0.0517578125
0 0.447265625 0.41064453125 0.0126953125 0.0615234375
0 0.929931640625 0.4384765625 0.01708984375 0.08203125
0 0.9072265625 0.42919921875 0.0224609375 0.1103515625
0 0.546142578125 0.41064453125 0.01611328125 0.0771484375
0 0.595703125 0.4150390625 0.017578125 0.083984375
0 0.62158203125 0.4169921875 0.021484375 0.103515625
0 0.66845703125 0.41943359375 0.0185546875 0.0908203125
0 0.65771484375 0.41748046875 0.01953125 0.0947265625
0 0.002685546875 0.38037109375 0.00927734375 0.0458984375
0 0.1845703125 0.39404296875 0.009765625 0.0478515625
0 0.413818359375 0.3916015625 0.00244140625 0.01171875
0 0.218994140625 0.4033203125 0.02392578125 0.1171875
0 0.377197265625 0.40185546875 0.01220703125 0.0595703125
0 0.408447265625 0.40234375 0.01220703125 0.060546875
0 0.787841796875 0.41357421875 0.02783203125 0.1357421875
