0 0.254638671875 0.43310546875 0.01220703125 0.0224609375
0 0.20849609375 0.458984375 0.0078125 0.037109375
0 0.21826171875 0.439453125 0.00390625 0.017578125
0 0.222412109375 0.43994140625 0.00537109375 0.0244140625
0 0.166259765625 0.45556640625 0.02099609375 0.1044921875
0 0.146240234375 0.474609375 0.02880859375 0.140625
0 0.144287109375 0.48193359375 0.03271484375 0.1591796875
0 0.128173828125 0.4794921875 0.02978515625 0.146484375
0 0.105712890625 0.48291015625 0.02880859375 0.1396484375
0 0.121826171875 0.48876953125 0.03662109375 0.1787109375
0 0.074951171875 0.4619140625 0.03076171875 0.15234375
0 0.09033203125 0.48779296875 0.037109375 0.1806640625
0 0.026123046875 0.5 0.04150390625 0.201171875
0 0.021484375 0.50927734375 0.048828125 0.2392578125
0 0.04443359375 0.52294921875 0.0498046875 0.2451171875
0 0.059814453125 0.53125 0.05224609375 0.255859375
0 0.007568359375 0.5478515625 0.06103515625 0.296875
0 0.427978515625 0.42333984375 0.01416015625 0.0693359375
0 0.4755859375 0.43115234375 0.01171875 0.0556640625
0 0.178955078125 0.46630859375 0.03173828125 0.1533203125
0 0.624755859375 0.43310546875 0.03173828125 0.1533203125
0 0.641357421875 0.4453125 0.02685546875 0.1328125
0 0.101318359375 0.4931640625 0.03857421875 0.189453125
0 0.744384765625 0.43505859375 0.04248046875 0.2080078125
0 0.662109375 0.42919921875 0.0341796875 0.1689453125
0 0.604736328125 0.44677734375 0.02880859375 0.1396484375
0 0.69775390625 0.40771484375 0.0205078125 0.0986328125
0 0.462158203125 0.4296875 0.02001953125 0.099609375
0 0.296630859375 0.4462890625 0.02099609375 0.103515625
