0 0.39013671875 0.3974609375 0.0078125 0.037109375
0 0.398681640625 0.3974609375 0.00830078125 0.041015625
0 0.402099609375 0.39501953125 0.00830078125 0.0400390625
0 0.40966796875 0.4052734375 0.0126953125 0.060546875
0 0.321044921875 0.41162109375 0.01318359375 0.0634765625
0 0.239501953125 0.42236328125 0.01806640625 0.0869140625
0 0.259033203125 0.4140625 0.01806640625 0.087890625
0 0.1455078125 0.43017578125 0.0283203125 0.1376953125
0 0.12255859375 0.4326171875 0.0322265625 0.158203125
0 0.19970703125 0.4892578125 0.0693359375 0.33984375
0 0.365234375 0.4853515625 0.0771484375 0.375
0 0.479736328125 0.3876953125 0.00439453125 0.021484375
0 0.485595703125 0.3896484375 0.00634765625 0.033203125
0 0.493408203125 0.4013671875 0.01318359375 0.0625
0 0.510986328125 0.3974609375 0.01318359375 0.064453125
0 0.51611328125 0.404296875 0.015625 0.076171875
0 0.531494140625 0.40185546875 0.01708984375 0.0830078125
0 0.521240234375 0.40673828125 0.01708984375 0.0830078125
0 0.61083984375 0.40576171875 0.0244140625 0.1201171875
0 0.7294921875 0.4091796875 0.041015625 0.201171875
0 0.9912109375 0.4052734375 0.0693359375 0.33984375
0 0.59375 0.43603515625 0.0478515625 0.2333984375
0 0.57861328125 0.46142578125 0.09375 0.4560546875
0 0.451171875 0.3974609375 0.0107421875 0.052734375
0 0.453369140625 0.40869140625 0.01220703125 0.0595703125
