0 0.386474609375 0.4560546875 0.00830078125 0.04296875
0 0.357177734375 0.453125 0.01123046875 0.056640625
0 0.350341796875 0.45458984375 0.01123046875 0.0537109375
0 0.327880859375 0.45263671875 0.01123046875 0.0556640625
0 0.334228515625 0.44287109375 0.01513671875 0.0732421875
0 0.31298828125 0.4462890625 0.0166015625 0.080078125
0 0.251953125 0.4228515625 0.0048828125 0.013671875
0 0.258056640625 0.45068359375 0.01611328125 0.0771484375
0 0.2470703125 0.44970703125 0.0166015625 0.0810546875
0 0.227783203125 0.4423828125 0.02099609375 0.103515625
0 0.2060546875 0.45068359375 0.0205078125 0.1005859375
0 0.05029296875 0.4658203125 0.0390625 0.189453125
0 0.5556640625 0.423828125 0.0166015625 0.080078125
0 0.680908203125 0.419921875 0.02783203125 0.134765625
0 0.840576171875 0.41455078125 0.03759765625 0.1826171875
0 0.184326171875 0.4482421875 0.02783203125 0.13671875
0 0.1728515625 0.43701171875 0.017578125 0.0849609375
0 0.3740234375 0.43798828125 0.0126953125 0.0634765625
0 0.288330078125 0.443359375 0.02783203125 0.134765625
0 0.591796875 0.482421875 0.0556640625 0.271484375
0 0.366943359375 0.4619140625 0.00634765625 0.0390625
0 0.37158203125 0.47900390625 0.0029296875 0.0029296875
0 0.3798828125 0.45556640625 0.0087890625 0.0400390625
