0 0.596435546875 0.416015625 0.00830078125 0.04296875
0 0.604248046875 0.412109375 0.00830078125 0.041015625
0 0.79833984375 0.4111328125 0.021484375 0.103515625
0 0.63623046875 0.42138671875 0.0068359375 0.0341796875
0 0.656005859375 0.4150390625 0.01513671875 0.07421875
0 0.669921875 0.41064453125 0.0166015625 0.0791015625
0 0.72900390625 0.412109375 0.017578125 0.083984375
0 0.243896484375 0.4375 0.01416015625 0.068359375
0 0.419189453125 0.42529296875 0.00439453125 0.0205078125
0 0.3994140625 0.4296875 0.0048828125 0.0234375
