0 0.3974609375 0.4609375 0.01953125 0.09375
0 0.675537109375 0.4462890625 0.01806640625 0.08984375
0 0.68701171875 0.44921875 0.017578125 0.0859375
0 0.74560546875 0.439453125 0.0302734375 0.1484375
0 0.800537109375 0.439453125 0.04638671875 0.2265625
0 0.8828125 0.447265625 0.0634765625 0.310546875
0 0.152587890625 0.4541015625 0.03271484375 0.158203125
0 0.292724609375 0.462890625 0.03173828125 0.15625
0 0.388671875 0.45068359375 0.03125 0.1513671875
0 0.225341796875 0.4638671875 0.04736328125 0.23046875
