0 0.1552734375 0.4140625 0.0078125 0.0390625
0 0.164306640625 0.4140625 0.00830078125 0.0390625
0 0.19140625 0.41552734375 0.0078125 0.0361328125
0 0.18359375 0.41943359375 0.009765625 0.0478515625
0 0.28125 0.4150390625 0.0107421875 0.05078125
0 0.309326171875 0.41259765625 0.01123046875 0.0556640625
0 0.304443359375 0.41552734375 0.01123046875 0.0537109375
0 0.322509765625 0.41357421875 0.00927734375 0.0458984375
0 0.318359375 0.41455078125 0.009765625 0.0458984375
0 0.525146484375 0.41015625 0.01611328125 0.05078125
0 0.796630859375 0.37353515625 0.01318359375 0.0400390625
0 0.667724609375 0.3896484375 0.01220703125 0.05859375
0 0.363037109375 0.41162109375 0.01220703125 0.0595703125
0 0.375244140625 0.412109375 0.01123046875 0.056640625
0 0.224853515625 0.42626953125 0.04248046875 0.2060546875
0 0.340087890625 0.41259765625 0.00830078125 0.0556640625
0 0.345458984375 0.380859375 0.00244140625 0.001953125
0 0.349365234375 0.41455078125 0.00537109375 0.0537109375
