0 0.609619140625 0.43212890625 0.02001953125 0.0986328125
0 0.5380859375 0.39501953125 0.01171875 0.0556640625
0 0.48291015625 0.45263671875 0.017578125 0.0478515625
0 0.457763671875 0.45263671875 0.05029296875 0.2451171875
0 0.357421875 0.4375 0.0478515625 0.232421875
0 0.573974609375 0.4736328125 0.06005859375 0.291015625
0 0.49365234375 0.4296875 0.025390625 0.048828125
0 0.075439453125 0.4013671875 0.01513671875 0.037109375
0 0.069580078125 0.39208984375 0.03271484375 0.1611328125
0 0.50830078125 0.416015625 0.0205078125 0.099609375
