0 0.10791015625 0.43701171875 0.0068359375 0.0322265625
0 0.1171875 0.4384765625 0.0068359375 0.033203125
0 0.146728515625 0.43896484375 0.01025390625 0.0478515625
0 0.12353515625 0.435546875 0.0078125 0.037109375
0 0.224365234375 0.44384765625 0.01220703125 0.0595703125
0 0.271240234375 0.46630859375 0.00537109375 0.0283203125
0 0.27587890625 0.4541015625 0.013671875 0.06640625
0 0.338134765625 0.44677734375 0.01025390625 0.0498046875
0 0.3388671875 0.4345703125 0.0068359375 0.02734375
0 0.35693359375 0.43701171875 0.005859375 0.0166015625
0 0.384521484375 0.443359375 0.01123046875 0.0234375
0 0.31005859375 0.458984375 0.0185546875 0.08984375
0 0.2978515625 0.462890625 0.0166015625 0.08203125
0 0.3623046875 0.46630859375 0.0185546875 0.0927734375
0 0.375244140625 0.47265625 0.02099609375 0.1015625
0 0.4052734375 0.443359375 0.0068359375 0.017578125
0 0.417236328125 0.44677734375 0.00732421875 0.0224609375
0 0.397705078125 0.4755859375 0.01904296875 0.09375
0 0.626708984375 0.44921875 0.01025390625 0.029296875
0 0.618408203125 0.4501953125 0.01123046875 0.02734375
0 0.5615234375 0.4638671875 0.01171875 0.052734375
0 0.593505859375 0.48193359375 0.02392578125 0.1181640625
0 0.576416015625 0.4853515625 0.02197265625 0.107421875
0 0.692626953125 0.48828125 0.03076171875 0.1484375
0 0.6826171875 0.48779296875 0.0322265625 0.1572265625
0 0.6640625 0.4931640625 0.0361328125 0.17578125
0 0.344970703125 0.47119140625 0.01708984375 0.0830078125
0 0.64453125 0.494140625 0.0361328125 0.17578125
