0 0.494384765625 0.4619140625 0.01220703125 0.05859375
0 0.693359375 0.46435546875 0.0185546875 0.0595703125
0 0.788818359375 0.44775390625 0.01416015625 0.0693359375
0 0.80517578125 0.44091796875 0.0126953125 0.0615234375
0 0.302490234375 0.46923828125 0.02490234375 0.1201171875
0 0.262939453125 0.4716796875 0.02099609375 0.103515625
0 0.232177734375 0.47265625 0.02001953125 0.09765625
0 0.212890625 0.47021484375 0.0283203125 0.1396484375
0 0.142578125 0.47705078125 0.0322265625 0.1572265625
0 0.145263671875 0.5380859375 0.00634765625 0.046875
0 0.174072265625 0.4658203125 0.03466796875 0.169921875
0 0.107421875 0.46923828125 0.0341796875 0.1669921875
0 0.13525390625 0.484375 0.0361328125 0.17578125
0 0.15576171875 0.4892578125 0.0361328125 0.177734375
0 0.048828125 0.47802734375 0.0341796875 0.1650390625
0 0.470703125 0.466796875 0.04296875 0.2109375
0 0.92431640625 0.42236328125 0.046875 0.2294921875
0 0.9833984375 0.42724609375 0.0517578125 0.2529296875
0 0.953125 0.490234375 0.064453125 0.314453125
0 0.902099609375 0.47509765625 0.08642578125 0.4208984375
0 0.48193359375 0.45263671875 0.0146484375 0.0732421875
0 0.02880859375 0.46435546875 0.0517578125 0.2958984375
