0 0.531005859375 0.4345703125 0.00537109375 0.02734375
0 0.526123046875 0.43603515625 0.00537109375 0.0263671875
0 0.434326171875 0.4384765625 0.01123046875 0.0546875
0 0.4169921875 0.435546875 0.009765625 0.048828125
0 0.214111328125 0.451171875 0.03271484375 0.158203125
0 0.71142578125 0.44091796875 0.0107421875 0.0517578125
0 0.71728515625 0.44482421875 0.009765625 0.0478515625
0 0.794677734375 0.4560546875 0.01806640625 0.08984375
0 0.85205078125 0.4609375 0.0244140625 0.119140625
0 0.88427734375 0.4609375 0.0234375 0.115234375
0 0.369384765625 0.4521484375 0.02880859375 0.140625
