0 0.35693359375 0.4189453125 0.0068359375 0.03515625
0 0.3623046875 0.41650390625 0.0048828125 0.0244140625
0 0.383544921875 0.4140625 0.00634765625 0.03125
0 0.3779296875 0.41748046875 0.005859375 0.0283203125
0 0.3876953125 0.41748046875 0.0068359375 0.0341796875
0 0.392578125 0.41845703125 0.0078125 0.0380859375
0 0.420166015625 0.4130859375 0.00830078125 0.041015625
0 0.42724609375 0.416015625 0.0068359375 0.033203125
0 0.43603515625 0.4140625 0.0078125 0.0390625
0 0.552001953125 0.423828125 0.01806640625 0.087890625
0 0.5732421875 0.42138671875 0.01953125 0.0947265625
0 0.678466796875 0.42724609375 0.02880859375 0.1396484375
0 0.753662109375 0.42919921875 0.03662109375 0.1806640625
0 0.853515625 0.42724609375 0.04296875 0.2099609375
0 0.3193359375 0.4248046875 0.0107421875 0.05078125
0 0.306640625 0.4306640625 0.0126953125 0.060546875
0 0.29443359375 0.4306640625 0.013671875 0.064453125
0 0.28955078125 0.4287109375 0.017578125 0.083984375
0 0.2275390625 0.443359375 0.0263671875 0.12890625
0 0.250732421875 0.4521484375 0.02392578125 0.115234375
0 0.203857421875 0.44580078125 0.02587890625 0.1259765625
0 0.1796875 0.44189453125 0.025390625 0.1240234375
0 0.146728515625 0.44873046875 0.02783203125 0.1357421875
0 0.175048828125 0.4423828125 0.03173828125 0.154296875
0 0.27685546875 0.443359375 0.033203125 0.162109375
0 0.328857421875 0.43115234375 0.01806640625 0.0869140625
0 0.33837890625 0.4345703125 0.03125 0.154296875
0 0.403564453125 0.4189453125 0.01025390625 0.048828125
