0 0.143310546875 0.44873046875 0.00732421875 0.0361328125
0 0.199951171875 0.44677734375 0.00830078125 0.0400390625
0 0.191650390625 0.4482421875 0.00927734375 0.046875
0 0.185791015625 0.44970703125 0.01416015625 0.0693359375
0 0.208251953125 0.4482421875 0.00830078125 0.041015625
0 0.204345703125 0.44921875 0.00927734375 0.04296875
0 0.219482421875 0.443359375 0.01025390625 0.05078125
0 0.223388671875 0.44580078125 0.00927734375 0.0458984375
0 0.235595703125 0.44677734375 0.00927734375 0.0439453125
0 0.23779296875 0.44775390625 0.01171875 0.0576171875
0 0.31884765625 0.43408203125 0.0068359375 0.0166015625
0 0.318603515625 0.451171875 0.01123046875 0.03515625
0 0.35009765625 0.44091796875 0.0048828125 0.0166015625
0 0.250732421875 0.44677734375 0.01220703125 0.0595703125
0 0.2607421875 0.4462890625 0.0126953125 0.060546875
0 0.277587890625 0.4443359375 0.01025390625 0.05078125
0 0.278564453125 0.44677734375 0.01416015625 0.0712890625
0 0.398681640625 0.44873046875 0.01611328125 0.0791015625
0 0.40234375 0.44775390625 0.0185546875 0.0927734375
0 0.454345703125 0.4482421875 0.01806640625 0.087890625
0 0.4248046875 0.453125 0.017578125 0.0859375
0 0.451904296875 0.45263671875 0.01904296875 0.0927734375
0 0.4375 0.4501953125 0.0185546875 0.08984375
0 0.338623046875 0.4658203125 0.02490234375 0.123046875
0 0.46875 0.451171875 0.017578125 0.083984375
0 0.9111328125 0.43701171875 0.02734375 0.1318359375
0 0.9306640625 0.4326171875 0.02734375 0.134765625
0 0.173095703125 0.43994140625 0.00830078125 0.0419921875
0 0.370361328125 0.44140625 0.01025390625 0.052734375
0 0.290771484375 0.44287109375 0.01220703125 0.0146484375
0 0.30322265625 0.4423828125 0.0087890625 0.015625
