0 0.373291015625 0.43408203125 0.00732421875 0.0341796875
0 0.3818359375 0.44287109375 0.017578125 0.0869140625
0 0.42431640625 0.44580078125 0.015625 0.0771484375
0 0.413330078125 0.44482421875 0.01708984375 0.0830078125
0 0.428466796875 0.447265625 0.01611328125 0.078125
0 0.8173828125 0.435546875 0.021484375 0.10546875
0 0.841796875 0.4365234375 0.0244140625 0.119140625
0 0.8642578125 0.4375 0.0224609375 0.109375
0 0.51953125 0.43701171875 0.0146484375 0.0712890625
0 0.46826171875 0.439453125 0.0126953125 0.0625
0 0.009521484375 0.4375 0.01123046875 0.00390625
0 0.015869140625 0.43603515625 0.00048828125 0.0009765625
0 0.016845703125 0.43505859375 0.00048828125 0.0009765625
0 0.027587890625 0.43115234375 0.00048828125 0.0009765625
0 0.068359375 0.43896484375 0.072265625 0.0576171875
0 0.148681640625 0.43701171875 0.06298828125 0.0322265625
0 0.3486328125 0.4404296875 0.0166015625 0.07421875
0 0.46337890625 0.44775390625 0.0263671875 0.0869140625
