0 0.38134765625 0.40283203125 0.0068359375 0.0478515625
0 0.437255859375 0.41064453125 0.01220703125 0.0595703125
0 0.429931640625 0.40673828125 0.01123046875 0.0556640625
0 0.479248046875 0.416015625 0.01416015625 0.068359375
0 0.50830078125 0.419921875 0.013671875 0.068359375
0 0.502197265625 0.41552734375 0.01611328125 0.0791015625
0 0.491455078125 0.42041015625 0.01611328125 0.0791015625
0 0.632080078125 0.42529296875 0.02197265625 0.1064453125
0 0.696044921875 0.4306640625 0.02392578125 0.1171875
0 0.68896484375 0.45556640625 0.0380859375 0.1865234375
0 0.65625 0.44970703125 0.0400390625 0.1962890625
0 0.746337890625 0.42724609375 0.02099609375 0.1005859375
0 0.596435546875 0.4228515625 0.01611328125 0.080078125
0 0.879638671875 0.443359375 0.02294921875 0.11328125
0 0.856689453125 0.447265625 0.03076171875 0.15234375
0 0.892578125 0.47705078125 0.01953125 0.0966796875
0 0.979736328125 0.470703125 0.02197265625 0.109375
0 0.971435546875 0.4609375 0.02685546875 0.130859375
0 0.404052734375 0.45166015625 0.04833984375 0.2373046875
0 0.46142578125 0.45458984375 0.0458984375 0.2255859375
0 0.29443359375 0.40283203125 0.0126953125 0.0615234375
0 0.3935546875 0.41552734375 0.0234375 0.1142578125
0 0.451904296875 0.41845703125 0.03759765625 0.1826171875
