0 0.530517578125 0.43408203125 0.01123046875 0.0556640625
0 0.6240234375 0.43115234375 0.0048828125 0.0205078125
0 0.635498046875 0.44482421875 0.02197265625 0.1064453125
0 0.677001953125 0.43359375 0.02099609375 0.1015625
0 0.663818359375 0.45166015625 0.02490234375 0.1220703125
0 0.675048828125 0.45947265625 0.02783203125 0.1357421875
0 0.71337890625 0.4482421875 0.0234375 0.115234375
0 0.69921875 0.44873046875 0.025390625 0.1240234375
0 0.789794921875 0.458984375 0.04443359375 0.21875
0 0.75341796875 0.4638671875 0.0537109375 0.26171875
0 0.798583984375 0.46875 0.04736328125 0.23046875
0 0.841064453125 0.45361328125 0.04638671875 0.2255859375
0 0.831787109375 0.46875 0.06103515625 0.298828125
0 0.46533203125 0.435546875 0.009765625 0.048828125
0 0.475341796875 0.43408203125 0.01123046875 0.0537109375
0 0.45556640625 0.4384765625 0.021484375 0.103515625
0 0.508544921875 0.4423828125 0.02197265625 0.10546875
0 0.48876953125 0.44677734375 0.0205078125 0.1005859375
0 0.420654296875 0.4384765625 0.02197265625 0.107421875
0 0.322021484375 0.44677734375 0.01416015625 0.0673828125
0 0.16845703125 0.43115234375 0.0166015625 0.0810546875
0 0.17822265625 0.44140625 0.0166015625 0.080078125
0 0.18603515625 0.439453125 0.0166015625 0.08203125
0 0.121826171875 0.4375 0.01708984375 0.083984375
0 0.11328125 0.455078125 0.015625 0.076171875
0 0.023681640625 0.43603515625 0.02880859375 0.1416015625
0 0.142578125 0.431640625 0.0224609375 0.109375
0 0.3642578125 0.44482421875 0.072265625 0.3525390625
0 0.563232421875 0.4384765625 0.03076171875 0.150390625
0 0.5400390625 0.4326171875 0.0185546875 0.025390625
0 0.59521484375 0.44140625 0.0361328125 0.078125
0 0.61572265625 0.43505859375 0.0029296875 0.0107421875
