0 0.501220703125 0.423828125 0.00830078125 0.0390625
0 0.41650390625 0.42724609375 0.005859375 0.0283203125
0 0.365478515625 0.42822265625 0.00927734375 0.0439453125
0 0.33154296875 0.43115234375 0.0107421875 0.0537109375
0 0.324462890625 0.43359375 0.00927734375 0.046875
0 0.264404296875 0.435546875 0.01220703125 0.05859375
0 0.24658203125 0.439453125 0.0146484375 0.0703125
0 0.15869140625 0.44970703125 0.0224609375 0.1083984375
0 0.3037109375 0.45458984375 0.0341796875 0.1650390625
0 0.59521484375 0.4609375 0.02734375 0.1328125
0 0.5595703125 0.45458984375 0.033203125 0.1611328125
0 0.4541015625 0.443359375 0.0283203125 0.13671875
