0 0.583740234375 0.41357421875 0.00634765625 0.0302734375
0 0.577880859375 0.41015625 0.00634765625 0.03125
0 0.64697265625 0.421875 0.0166015625 0.080078125
0 0.69287109375 0.4169921875 0.013671875 0.068359375
0 0.88037109375 0.41357421875 0.0244140625 0.1181640625
0 0.853271484375 0.40625 0.02490234375 0.12109375
0 0.8291015625 0.4111328125 0.0283203125 0.13671875
0 0.873291015625 0.4169921875 0.02783203125 0.13671875
0 0.66259765625 0.41162109375 0.01171875 0.0576171875
0 0.778076171875 0.41064453125 0.02001953125 0.0986328125
0 0.77392578125 0.41357421875 0.021484375 0.1044921875
0 0.821044921875 0.4052734375 0.02490234375 0.12109375
