0 0.41748046875 0.42626953125 0.01171875 0.0576171875
0 0.416015625 0.4287109375 0.01171875 0.0546875
0 0.408203125 0.43212890625 0.0107421875 0.0537109375
0 0.367919921875 0.4345703125 0.01123046875 0.056640625
0 0.47607421875 0.41748046875 0.0087890625 0.0439453125
0 0.49755859375 0.42431640625 0.01171875 0.0556640625
0 0.488037109375 0.421875 0.01220703125 0.060546875
0 0.606201171875 0.4091796875 0.01220703125 0.05859375
0 0.487060546875 0.4287109375 0.01123046875 0.0546875
0 0.642333984375 0.43896484375 0.03564453125 0.1728515625
0 0.629150390625 0.458984375 0.03759765625 0.18359375
