0 0.01416015625 0.46826171875 0.0341796875 0.1669921875
0 0.65283203125 0.43017578125 0.0146484375 0.0693359375
0 0.670654296875 0.44091796875 0.01318359375 0.0810546875
0 0.895263671875 0.390625 0.03173828125 0.0625
0 0.45751953125 0.4482421875 0.0380859375 0.185546875
0 0.444091796875 0.43310546875 0.01513671875 0.0751953125
0 0.9970703125 0.41455078125 0.0283203125 0.1376953125
0 0.316162109375 0.44091796875 0.01416015625 0.0693359375
0 0.277099609375 0.44677734375 0.02490234375 0.1201171875
0 0.19580078125 0.453125 0.037109375 0.181640625
0 0.56640625 0.3984375 0.0068359375 0.01171875
0 0.560302734375 0.3984375 0.00732421875 0.01171875
0 0.212158203125 0.46044921875 0.04150390625 0.2021484375
