0 0.576904296875 0.44873046875 0.01123046875 0.0537109375
0 0.388916015625 0.45166015625 0.01220703125 0.0595703125
0 0.377685546875 0.451171875 0.01513671875 0.072265625
0 0.6279296875 0.43505859375 0.0205078125 0.1005859375
0 0.66015625 0.43798828125 0.0205078125 0.1005859375
0 0.654541015625 0.44677734375 0.02099609375 0.1044921875
0 0.679931640625 0.44970703125 0.02490234375 0.1240234375
0 0.704345703125 0.44091796875 0.02392578125 0.1162109375
0 0.709228515625 0.4375 0.02587890625 0.126953125
0 0.709716796875 0.44775390625 0.02587890625 0.1259765625
0 0.690673828125 0.4619140625 0.02880859375 0.140625
0 0.663818359375 0.4482421875 0.02783203125 0.13671875
0 0.736572265625 0.439453125 0.02685546875 0.130859375
0 0.755859375 0.43798828125 0.029296875 0.1416015625
0 0.771484375 0.43310546875 0.029296875 0.1435546875
0 0.73779296875 0.4462890625 0.025390625 0.125
0 0.78076171875 0.44677734375 0.03125 0.1533203125
0 0.755126953125 0.45361328125 0.03564453125 0.1728515625
0 0.789794921875 0.45849609375 0.03369140625 0.1650390625
0 0.831787109375 0.4501953125 0.03759765625 0.181640625
0 0.820556640625 0.44970703125 0.04248046875 0.2060546875
0 0.8740234375 0.44580078125 0.0390625 0.1904296875
0 0.917236328125 0.4375 0.05126953125 0.25
0 0.343505859375 0.458984375 0.02392578125 0.1171875
0 0.354248046875 0.453125 0.03271484375 0.162109375
0 0.32177734375 0.46044921875 0.029296875 0.1435546875
0 0.589111328125 0.4521484375 0.01904296875 0.056640625
