0 0.086669921875 0.46435546875 0.00732421875 0.0361328125
0 0.127685546875 0.48193359375 0.01318359375 0.0654296875
0 0.134765625 0.46826171875 0.0244140625 0.1181640625
0 0.15234375 0.462890625 0.0224609375 0.109375
0 0.189453125 0.4658203125 0.021484375 0.10546875
0 0.10693359375 0.4677734375 0.02734375 0.1328125
0 0.56005859375 0.44091796875 0.0107421875 0.0537109375
0 0.58056640625 0.43896484375 0.009765625 0.0478515625
0 0.570556640625 0.439453125 0.01123046875 0.0546875
0 0.516845703125 0.4404296875 0.00537109375 0.02734375
0 0.5302734375 0.4375 0.0078125 0.0390625
0 0.878173828125 0.43505859375 0.03466796875 0.1708984375
0 0.589111328125 0.43408203125 0.00927734375 0.0458984375
