0 0.566162109375 0.4443359375 0.00634765625 0.03125
0 0.341064453125 0.45751953125 0.01318359375 0.0634765625
0 0.275634765625 0.45947265625 0.01220703125 0.0595703125
0 0.255859375 0.4375 0.0078125 0.009765625
0 0.203857421875 0.47265625 0.01025390625 0.05078125
0 0.148681640625 0.4677734375 0.02392578125 0.119140625
0 0.099609375 0.47802734375 0.025390625 0.1240234375
0 0.05322265625 0.4794921875 0.0341796875 0.166015625
0 0.578857421875 0.4580078125 0.01806640625 0.0859375
0 0.607177734375 0.45361328125 0.02001953125 0.0986328125
0 0.779541015625 0.4443359375 0.02099609375 0.1015625
0 0.814208984375 0.44287109375 0.01904296875 0.0927734375
0 0.85205078125 0.43603515625 0.0224609375 0.1103515625
0 0.921142578125 0.44287109375 0.03369140625 0.1650390625
