0 0.7177734375 0.41748046875 0.01171875 0.0576171875
0 0.6474609375 0.42431640625 0.0068359375 0.0341796875
0 0.656982421875 0.42529296875 0.01025390625 0.0498046875
0 0.6728515625 0.427734375 0.0107421875 0.052734375
0 0.680419921875 0.42333984375 0.01220703125 0.0615234375
0 0.26708984375 0.474609375 0.0205078125 0.06640625
0 0.256103515625 0.47802734375 0.01904296875 0.0634765625
0 0.19140625 0.47998046875 0.0234375 0.1142578125
0 0.211669921875 0.4921875 0.02197265625 0.083984375
0 0.51025390625 0.4453125 0.009765625 0.046875
