0 0.3212890625 0.44140625 0.0185546875 0.08984375
0 0.30126953125 0.43701171875 0.0224609375 0.1103515625
0 0.33740234375 0.4677734375 0.0556640625 0.271484375
0 0.73828125 0.42431640625 0.0146484375 0.0634765625
0 0.724853515625 0.41455078125 0.02099609375 0.1044921875
0 0.709228515625 0.41357421875 0.02197265625 0.1064453125
0 0.762451171875 0.4111328125 0.01904296875 0.091796875
0 0.8310546875 0.4423828125 0.0322265625 0.0703125
0 0.901123046875 0.42333984375 0.04833984375 0.2373046875
0 0.00048828125 0.49365234375 0.087890625 0.4306640625
0 0.8583984375 0.4453125 0.0830078125 0.404296875
