0 0.632568359375 0.45361328125 0.01318359375 0.0654296875
0 0.685302734375 0.388671875 0.00537109375 0.013671875
0 0.638671875 0.44677734375 0.0224609375 0.1083984375
0 0.73486328125 0.44482421875 0.0322265625 0.1552734375
0 0.759765625 0.44189453125 0.02734375 0.1337890625
0 0.804931640625 0.41552734375 0.02880859375 0.1416015625
0 0.27978515625 0.46142578125 0.0244140625 0.1181640625
0 0.26708984375 0.4658203125 0.0244140625 0.119140625
0 0.219970703125 0.46044921875 0.02392578125 0.1162109375
0 0.2109375 0.45751953125 0.025390625 0.1240234375
0 0.205810546875 0.4619140625 0.02392578125 0.115234375
0 0.187255859375 0.46044921875 0.02880859375 0.1416015625
0 0.103271484375 0.4638671875 0.02587890625 0.126953125
0 0.545654296875 0.46337890625 0.00927734375 0.0458984375
0 0.521240234375 0.46533203125 0.01025390625 0.0478515625
0 0.107666015625 0.4677734375 0.03369140625 0.166015625
0 0.052734375 0.482421875 0.0537109375 0.263671875
0 0.506591796875 0.4599609375 0.01025390625 0.048828125
0 0.51806640625 0.46142578125 0.0107421875 0.0517578125
0 0.53271484375 0.458984375 0.009765625 0.046875
0 0.540283203125 0.45703125 0.01025390625 0.048828125
0 0.59765625 0.458984375 0.0458984375 0.224609375
