0 0.00634765625 0.43408203125 0.017578125 0.0849609375
0 0.052734375 0.4375 0.0234375 0.0703125
0 0.036865234375 0.435546875 0.01708984375 0.083984375
0 0.08447265625 0.4306640625 0.021484375 0.10546875
0 0.37890625 0.44287109375 0.0322265625 0.0751953125
0 0.43896484375 0.4453125 0.0244140625 0.119140625
0 0.46875 0.43994140625 0.025390625 0.1259765625
0 0.663818359375 0.4423828125 0.02685546875 0.130859375
0 0.645263671875 0.4482421875 0.02685546875 0.130859375
0 0.607177734375 0.4423828125 0.02880859375 0.140625
0 0.761962890625 0.4345703125 0.01416015625 0.0703125
0 0.5908203125 0.44921875 0.04296875 0.208984375
0 0.89990234375 0.4326171875 0.0205078125 0.099609375
