0 0.37109375 0.44287109375 0.0078125 0.0380859375
0 0.32373046875 0.4443359375 0.009765625 0.046875
0 0.314697265625 0.44580078125 0.01025390625 0.0498046875
0 0.21533203125 0.43994140625 0.0087890625 0.0224609375
0 0.224365234375 0.45849609375 0.02197265625 0.0634765625
0 0.193115234375 0.44287109375 0.01513671875 0.0751953125
0 0.155029296875 0.44091796875 0.01611328125 0.0771484375
0 0.110595703125 0.4482421875 0.01806640625 0.087890625
0 0.125 0.4501953125 0.017578125 0.0859375
0 0.49169921875 0.43115234375 0.009765625 0.0478515625
0 0.336181640625 0.44091796875 0.01513671875 0.0732421875
0 0.2744140625 0.44189453125 0.0205078125 0.1005859375
0 0.3583984375 0.44091796875 0.015625 0.0751953125
0 0.16943359375 0.453125 0.02734375 0.1328125
