0 0.049072265625 0.44091796875 0.03955078125 0.1923828125
0 0.2001953125 0.41943359375 0.0087890625 0.0185546875
0 0.21630859375 0.431640625 0.0205078125 0.04296875
0 0.238525390625 0.42138671875 0.00830078125 0.0166015625
0 0.231201171875 0.421875 0.00927734375 0.01953125
0 0.2509765625 0.41943359375 0.0048828125 0.0146484375
0 0.27099609375 0.4208984375 0.0078125 0.013671875
0 0.351318359375 0.42333984375 0.00927734375 0.0478515625
0 0.36083984375 0.419921875 0.0107421875 0.052734375
0 0.39990234375 0.42578125 0.0087890625 0.04296875
0 0.420654296875 0.42138671875 0.01220703125 0.0595703125
0 0.453369140625 0.41796875 0.01416015625 0.068359375
0 0.443603515625 0.41748046875 0.01318359375 0.0634765625
0 0.47021484375 0.41748046875 0.0146484375 0.0712890625
0 0.47265625 0.42041015625 0.0166015625 0.0791015625
0 0.552734375 0.41796875 0.013671875 0.06640625
0 0.548828125 0.419921875 0.013671875 0.06640625
0 0.5732421875 0.41796875 0.005859375 0.025390625
0 0.580078125 0.419921875 0.009765625 0.046875
0 0.63525390625 0.42626953125 0.0146484375 0.0712890625
0 0.65234375 0.39013671875 0.005859375 0.0146484375
0 0.607177734375 0.4248046875 0.01220703125 0.060546875
0 0.6904296875 0.43603515625 0.0283203125 0.1376953125
0 0.2587890625 0.42236328125 0.009765625 0.0478515625
0 0.5888671875 0.4228515625 0.0146484375 0.072265625
