0 0.108642578125 0.455078125 0.01220703125 0.05859375
0 0.101318359375 0.4580078125 0.01416015625 0.068359375
0 0.104736328125 0.4609375 0.01513671875 0.07421875
0 0.02783203125 0.42578125 0.0166015625 0.021484375
0 0.04296875 0.4697265625 0.0205078125 0.1015625
0 0.06689453125 0.529296875 0.0478515625 0.234375
0 0.20361328125 0.46923828125 0.037109375 0.1826171875
0 0.37646484375 0.43115234375 0.005859375 0.0283203125
0 0.382080078125 0.4306640625 0.00830078125 0.03125
0 0.529296875 0.4287109375 0.009765625 0.048828125
0 0.53955078125 0.427734375 0.0087890625 0.04296875
0 0.5361328125 0.431640625 0.009765625 0.046875
0 0.54296875 0.43212890625 0.009765625 0.0478515625
0 0.55322265625 0.43310546875 0.0087890625 0.0361328125
0 0.5625 0.43310546875 0.009765625 0.0380859375
0 0.57177734375 0.42724609375 0.01171875 0.0576171875
0 0.5771484375 0.43017578125 0.009765625 0.0498046875
0 0.756103515625 0.43310546875 0.02001953125 0.0595703125
0 0.768798828125 0.431640625 0.00830078125 0.05859375
0 0.79541015625 0.43310546875 0.01171875 0.0615234375
0 0.806396484375 0.4306640625 0.01708984375 0.083984375
0 0.829833984375 0.4208984375 0.01806640625 0.087890625
0 0.84814453125 0.42578125 0.0185546875 0.087890625
0 0.87646484375 0.421875 0.0166015625 0.080078125
0 0.778076171875 0.4599609375 0.03759765625 0.181640625
0 0.707763671875 0.46435546875 0.03564453125 0.1728515625
0 0.94091796875 0.41259765625 0.01953125 0.0966796875
0 0.243896484375 0.48876953125 0.04248046875 0.2080078125
0 0.212890625 0.48828125 0.0498046875 0.2421875
0 0.2099609375 0.490234375 0.0556640625 0.271484375
0 0.068603515625 0.52099609375 0.05419921875 0.2646484375
0 0.063720703125 0.53955078125 0.05126953125 0.2509765625
