0 0.859619140625 0.40234375 0.00830078125 0.04296875
0 0.71533203125 0.427734375 0.0068359375 0.033203125
0 0.617431640625 0.42333984375 0.01123046875 0.0537109375
0 0.583251953125 0.42529296875 0.01123046875 0.0556640625
0 0.586181640625 0.43017578125 0.01416015625 0.0673828125
0 0.53369140625 0.42626953125 0.009765625 0.0458984375
0 0.555419921875 0.4326171875 0.01416015625 0.0703125
0 0.9921875 0.40478515625 0.0205078125 0.1005859375
0 0.515625 0.43505859375 0.0146484375 0.0732421875
0 0.495361328125 0.43994140625 0.01513671875 0.0751953125
0 0.4384765625 0.44091796875 0.0146484375 0.0732421875
0 0.071044921875 0.39501953125 0.00927734375 0.0244140625
0 0.10595703125 0.39794921875 0.013671875 0.0654296875
0 0.15234375 0.39990234375 0.01171875 0.0322265625
0 0.177490234375 0.39697265625 0.01318359375 0.0654296875
0 0.16650390625 0.39111328125 0.0126953125 0.0244140625
0 0.191162109375 0.3955078125 0.01025390625 0.029296875
0 0.201416015625 0.39208984375 0.01025390625 0.0244140625
0 0.214599609375 0.38916015625 0.00927734375 0.0185546875
0 0.222900390625 0.390625 0.00732421875 0.01171875
0 0.234130859375 0.3974609375 0.01025390625 0.0234375
0 0.0859375 0.40869140625 0.0126953125 0.0439453125
0 0.142822265625 0.447265625 0.01708984375 0.08203125
0 0.3603515625 0.44873046875 0.029296875 0.1416015625
0 0.608642578125 0.42626953125 0.01220703125 0.0576171875
0 0.685546875 0.41943359375 0.0146484375 0.0732421875
0 0.620849609375 0.423828125 0.01123046875 0.0546875
