0 0.270751953125 0.44091796875 0.00634765625 0.0322265625
0 0.228759765625 0.44873046875 0.01318359375 0.0634765625
0 0.23486328125 0.451171875 0.0126953125 0.060546875
0 0.254638671875 0.45068359375 0.01220703125 0.0595703125
0 0.2646484375 0.4501953125 0.0126953125 0.060546875
0 0.247802734375 0.431640625 0.00634765625 0.017578125
0 0.30126953125 0.44873046875 0.0126953125 0.0615234375
0 0.301513671875 0.44775390625 0.01318359375 0.0654296875
0 0.3974609375 0.44482421875 0.017578125 0.0869140625
0 0.38623046875 0.44677734375 0.017578125 0.0869140625
0 0.551513671875 0.44873046875 0.02099609375 0.1025390625
0 0.538818359375 0.45263671875 0.02685546875 0.1318359375
0 0.571533203125 0.43505859375 0.03271484375 0.1611328125
0 0.59326171875 0.44482421875 0.03125 0.1513671875
0 0.66259765625 0.43701171875 0.033203125 0.1630859375
0 0.641357421875 0.44091796875 0.03271484375 0.1611328125
0 0.958251953125 0.44091796875 0.04931640625 0.2392578125
0 0.498291015625 0.44482421875 0.03173828125 0.1552734375
0 0.4716796875 0.43994140625 0.029296875 0.1435546875
0 0.439697265625 0.4423828125 0.02978515625 0.14453125
