0 0.46240234375 0.42724609375 0.0048828125 0.0244140625
0 0.478515625 0.427734375 0.0068359375 0.033203125
0 0.669921875 0.42236328125 0.01171875 0.0556640625
0 0.429931640625 0.44287109375 0.01025390625 0.0478515625
0 0.43994140625 0.43798828125 0.0107421875 0.0537109375
0 0.158203125 0.44970703125 0.017578125 0.0869140625
0 0.1396484375 0.45703125 0.0166015625 0.08203125
0 0.36279296875 0.46875 0.01953125 0.095703125
0 0.2041015625 0.455078125 0.0126953125 0.060546875
0 0.2216796875 0.4404296875 0.0146484375 0.072265625
