0 0.950439453125 0.42333984375 0.00830078125 0.0400390625
0 0.9453125 0.4248046875 0.013671875 0.068359375
0 0.732421875 0.40625 0.005859375 0.02734375
0 0.704833984375 0.4111328125 0.00634765625 0.029296875
0 0.40185546875 0.40283203125 0.0126953125 0.0634765625
0 0.318359375 0.4150390625 0.017578125 0.083984375
0 0.44677734375 0.4169921875 0.0126953125 0.0625
0 0.4384765625 0.4228515625 0.015625 0.078125
0 0.9130859375 0.44091796875 0.025390625 0.1240234375
0 0.876708984375 0.4443359375 0.02392578125 0.1171875
0 0.8505859375 0.4228515625 0.01171875 0.05859375
0 0.540283203125 0.40673828125 0.01025390625 0.0498046875
0 0.414306640625 0.41357421875 0.01513671875 0.0732421875
