0 0.778564453125 0.43310546875 0.01025390625 0.0478515625
0 0.78759765625 0.41015625 0.0234375 0.11328125
0 0.756591796875 0.40771484375 0.02099609375 0.1025390625
0 0.835205078125 0.43701171875 0.03564453125 0.1748046875
0 0.72216796875 0.43359375 0.0283203125 0.13671875
0 0.189697265625 0.42578125 0.00927734375 0.015625
0 0.20947265625 0.42041015625 0.0048828125 0.0107421875
0 0.2041015625 0.43798828125 0.0107421875 0.0537109375
0 0.261474609375 0.4345703125 0.01123046875 0.0546875
0 0.29296875 0.43505859375 0.015625 0.0771484375
0 0.318603515625 0.43505859375 0.01708984375 0.0830078125
0 0.4228515625 0.4287109375 0.0146484375 0.0703125
0 0.434814453125 0.4287109375 0.01416015625 0.0703125
0 0.056640625 0.46630859375 0.0390625 0.1904296875
0 0.059326171875 0.45947265625 0.04443359375 0.2158203125
0 0.010986328125 0.447265625 0.05029296875 0.244140625
0 0.57080078125 0.416015625 0.0224609375 0.109375
0 0.592041015625 0.42041015625 0.01708984375 0.0830078125
