0 0.685302734375 0.45361328125 0.01220703125 0.0595703125
0 0.607666015625 0.458984375 0.01806640625 0.08984375
0 0.588623046875 0.44287109375 0.02294921875 0.1142578125
0 0.59716796875 0.4404296875 0.015625 0.109375
0 0.580322265625 0.46044921875 0.02685546875 0.1298828125
0 0.013671875 0.46728515625 0.068359375 0.3349609375
0 0.043212890625 0.4697265625 0.07958984375 0.388671875
0 0.6259765625 0.45556640625 0.0419921875 0.2041015625
0 0.79248046875 0.45654296875 0.0244140625 0.1201171875
0 0.885009765625 0.49169921875 0.04345703125 0.2099609375
