0 0.265869140625 0.4443359375 0.01025390625 0.05078125
0 0.178955078125 0.44970703125 0.00634765625 0.0302734375
0 0.5107421875 0.42431640625 0.009765625 0.0458984375
0 0.988525390625 0.37109375 0.01806640625 0.052734375
0 0.542236328125 0.43310546875 0.02587890625 0.1259765625
0 0.53564453125 0.43017578125 0.029296875 0.1435546875
0 0.479736328125 0.42724609375 0.03076171875 0.1494140625
0 0.483154296875 0.435546875 0.03076171875 0.150390625
0 0.822509765625 0.40869140625 0.02490234375 0.1220703125
0 0.85986328125 0.3994140625 0.01953125 0.095703125
0 0.870849609375 0.39599609375 0.03662109375 0.1767578125
