0 0.3408203125 0.44384765625 0.0732421875 0.3583984375
0 0.392578125 0.4453125 0.06640625 0.32421875
0 0.3623046875 0.455078125 0.078125 0.380859375
0 0.514892578125 0.439453125 0.03076171875 0.087890625
0 0.433837890625 0.44482421875 0.06982421875 0.3408203125
0 0.541259765625 0.41015625 0.00927734375 0.02734375
0 0.529541015625 0.4404296875 0.02099609375 0.08984375
0 0.56005859375 0.45263671875 0.0302734375 0.1240234375
0 0.577880859375 0.41259765625 0.02001953125 0.0419921875
0 0.591796875 0.41748046875 0.015625 0.0439453125
0 0.6064453125 0.41162109375 0.0234375 0.0556640625
0 0.6572265625 0.45263671875 0.0283203125 0.1201171875
0 0.686767578125 0.45166015625 0.04052734375 0.1455078125
0 0.800537109375 0.4267578125 0.02490234375 0.119140625
0 0.800048828125 0.45166015625 0.03076171875 0.1162109375
0 0.78271484375 0.41064453125 0.0205078125 0.0458984375
0 0.6279296875 0.4169921875 0.0078125 0.03515625
0 0.773681640625 0.4453125 0.01708984375 0.091796875
0 0.73046875 0.46435546875 0.0439453125 0.2138671875
0 0.961669921875 0.41162109375 0.02099609375 0.1025390625
0 0.9462890625 0.41845703125 0.0185546875 0.0888671875
0 0.923583984375 0.42529296875 0.02685546875 0.1318359375
0 0.23046875 0.41796875 0.005859375 0.029296875
0 0.22412109375 0.4091796875 0.0087890625 0.044921875
0 0.482421875 0.4541015625 0.0693359375 0.3359375
