0 0.747314453125 0.3896484375 0.00537109375 0.025390625
0 0.781494140625 0.39306640625 0.00634765625 0.0322265625
0 0.785888671875 0.4052734375 0.01025390625 0.048828125
0 0.80419921875 0.40673828125 0.009765625 0.0478515625
0 0.813232421875 0.4091796875 0.00830078125 0.04296875
0 0.824951171875 0.4052734375 0.01025390625 0.05078125
0 0.61474609375 0.3828125 0.0068359375 0.033203125
0 0.578369140625 0.3837890625 0.00634765625 0.029296875
0 0.570068359375 0.38134765625 0.00634765625 0.0322265625
0 0.776611328125 0.388671875 0.00830078125 0.041015625
