0 0.688720703125 0.42431640625 0.01513671875 0.0712890625
0 0.692138671875 0.42724609375 0.01513671875 0.0712890625
0 0.8310546875 0.439453125 0.0400390625 0.1953125
0 0.47900390625 0.4248046875 0.0068359375 0.033203125
0 0.593994140625 0.42822265625 0.01025390625 0.0498046875
0 0.603271484375 0.42578125 0.01123046875 0.0546875
0 0.61767578125 0.4267578125 0.009765625 0.046875
0 0.377685546875 0.4306640625 0.00634765625 0.033203125
0 0.332763671875 0.4306640625 0.00927734375 0.046875
0 0.267333984375 0.43310546875 0.01220703125 0.0595703125
0 0.27880859375 0.42919921875 0.0146484375 0.0712890625
0 0.45947265625 0.42578125 0.013671875 0.01953125
0 0.46923828125 0.42431640625 0.0009765625 0.0087890625
