0 0.182373046875 0.42724609375 0.00732421875 0.0146484375
0 0.16015625 0.42529296875 0.005859375 0.0185546875
0 0.410400390625 0.41845703125 0.01025390625 0.0517578125
0 0.314697265625 0.41845703125 0.00927734375 0.0458984375
0 0.3671875 0.4189453125 0.0107421875 0.052734375
0 0.366455078125 0.423828125 0.00927734375 0.044921875
0 0.359619140625 0.42333984375 0.01123046875 0.0556640625
0 0.354736328125 0.421875 0.01318359375 0.06640625
0 0.3212890625 0.42529296875 0.01171875 0.0556640625
0 0.310302734375 0.42138671875 0.01025390625 0.0517578125
0 0.30224609375 0.42578125 0.0126953125 0.0625
0 0.26611328125 0.4365234375 0.013671875 0.068359375
0 0.248046875 0.42919921875 0.0166015625 0.0810546875
0 0.2529296875 0.42724609375 0.017578125 0.0849609375
0 0.238525390625 0.43212890625 0.01611328125 0.0791015625
0 0.21044921875 0.43701171875 0.0146484375 0.0732421875
0 0.196044921875 0.431640625 0.01708984375 0.083984375
0 0.438720703125 0.4189453125 0.01220703125 0.060546875
0 0.4443359375 0.4150390625 0.0146484375 0.0703125
0 0.501220703125 0.412109375 0.02294921875 0.11328125
0 0.53173828125 0.4091796875 0.0146484375 0.072265625
0 0.614501953125 0.42724609375 0.02001953125 0.0966796875
0 0.63232421875 0.4013671875 0.0146484375 0.072265625
0 0.46630859375 0.4130859375 0.015625 0.076171875
0 0.400146484375 0.4248046875 0.01025390625 0.05078125
0 0.393798828125 0.4296875 0.00830078125 0.041015625
0 0.405029296875 0.42919921875 0.00830078125 0.0400390625
0 0.33447265625 0.41845703125 0.0205078125 0.0458984375
