0 0.737060546875 0.38916015625 0.00732421875 0.0361328125
0 0.75244140625 0.388671875 0.005859375 0.029296875
0 0.890869140625 0.416015625 0.02392578125 0.115234375
0 0.51513671875 0.38525390625 0.0078125 0.0380859375
0 0.424560546875 0.38232421875 0.01123046875 0.0537109375
0 0.109619140625 0.396484375 0.04736328125 0.23046875
0 0.3798828125 0.3740234375 0.009765625 0.048828125
0 0.05419921875 0.37548828125 0.0478515625 0.2353515625
0 0.416015625 0.38134765625 0.0107421875 0.0517578125
0 0.636474609375 0.38037109375 0.00537109375 0.0263671875
0 0.786376953125 0.4189453125 0.02978515625 0.146484375
