0 0.82958984375 0.40283203125 0.029296875 0.1435546875
0 0.733642578125 0.4013671875 0.01708984375 0.083984375
0 0.95654296875 0.400390625 0.0087890625 0.09765625
0 0.961181640625 0.39013671875 0.02490234375 0.1220703125
0 0.971435546875 0.39208984375 0.02392578125 0.1181640625
0 0.94873046875 0.39404296875 0.0234375 0.1142578125
0 0.93359375 0.39111328125 0.01953125 0.0771484375
0 0.932373046875 0.40283203125 0.03076171875 0.0966796875
0 0.9228515625 0.42578125 0.013671875 0.052734375
0 0.911376953125 0.404296875 0.02490234375 0.09765625
0 0.91162109375 0.39892578125 0.025390625 0.1240234375
0 0.6181640625 0.42041015625 0.041015625 0.2001953125
