0 0.183837890625 0.37841796875 0.00341796875 0.0166015625
0 0.850341796875 0.359375 0.01123046875 0.025390625
0 0.129638671875 0.36669921875 0.00830078125 0.0400390625
0 0.02001953125 0.37744140625 0.0185546875 0.0908203125
0 0.0068359375 0.36376953125 0.0078125 0.0458984375
0 0.08349609375 0.3681640625 0.013671875 0.068359375
0 0.1201171875 0.3671875 0.0087890625 0.041015625
0 0.126220703125 0.3671875 0.00927734375 0.04296875
0 0.134521484375 0.3671875 0.00830078125 0.0390625
0 0.140625 0.37060546875 0.005859375 0.0302734375
0 0.14453125 0.36767578125 0.0087890625 0.0400390625
0 0.14990234375 0.37109375 0.009765625 0.048828125
0 0.154052734375 0.41552734375 0.02685546875 0.1318359375
0 0.240234375 0.3671875 0.0146484375 0.0703125
0 0.260498046875 0.36865234375 0.01416015625 0.0712890625
0 0.361328125 0.40771484375 0.0322265625 0.1572265625
0 0.347900390625 0.40673828125 0.03564453125 0.1728515625
0 0.367431640625 0.43505859375 0.02587890625 0.1279296875
0 0.66455078125 0.4052734375 0.03125 0.154296875
0 0.80712890625 0.42919921875 0.0546875 0.2666015625
0 0.875732421875 0.4375 0.05029296875 0.24609375
0 0.9150390625 0.4423828125 0.046875 0.228515625
0 0.7041015625 0.3671875 0.0107421875 0.052734375
0 0.69873046875 0.365234375 0.01171875 0.05859375
0 0.197021484375 0.38037109375 0.00244140625 0.0126953125
