0 0.615966796875 0.37451171875 0.00341796875 0.0166015625
0 0.674072265625 0.37939453125 0.00927734375 0.0458984375
0 0.659912109375 0.38330078125 0.00830078125 0.0400390625
0 0.692138671875 0.37646484375 0.01220703125 0.0615234375
0 0.890625 0.40283203125 0.0322265625 0.1552734375
0 0.9033203125 0.40185546875 0.0322265625 0.1572265625
0 0.335205078125 0.4052734375 0.01025390625 0.05078125
0 0.258056640625 0.42822265625 0.02978515625 0.1455078125
0 0.202392578125 0.423828125 0.04541015625 0.22265625
0 0.634765625 0.369140625 0.0048828125 0.021484375
