0 0.625732421875 0.41064453125 0.03466796875 0.1708984375
0 0.6484375 0.4111328125 0.03515625 0.171875
0 0.49609375 0.3994140625 0.0087890625 0.04296875
0 0.514892578125 0.3994140625 0.01416015625 0.068359375
0 0.506591796875 0.39892578125 0.01611328125 0.0791015625
0 0.48583984375 0.40185546875 0.015625 0.0771484375
0 0.522705078125 0.3955078125 0.01708984375 0.08203125
0 0.53466796875 0.3994140625 0.0185546875 0.08984375
0 0.552001953125 0.40087890625 0.02001953125 0.0986328125
0 0.4638671875 0.39794921875 0.0107421875 0.0537109375
0 0.417236328125 0.3935546875 0.01025390625 0.05078125
0 0.415771484375 0.3994140625 0.01220703125 0.060546875
0 0.407958984375 0.3984375 0.01318359375 0.064453125
0 0.398681640625 0.39892578125 0.01318359375 0.0634765625
0 0.349609375 0.41015625 0.015625 0.076171875
0 0.39404296875 0.400390625 0.0126953125 0.0625
0 0.359619140625 0.40087890625 0.02294921875 0.1123046875
0 0.384521484375 0.39990234375 0.02392578125 0.1181640625
0 0.3720703125 0.41064453125 0.033203125 0.1611328125
0 0.33447265625 0.40576171875 0.0302734375 0.1474609375
0 0.313720703125 0.3974609375 0.03369140625 0.1640625
0 0.3271484375 0.400390625 0.0341796875 0.16796875
