0 0.665283203125 0.369140625 0.01416015625 0.0703125
0 0.635498046875 0.37060546875 0.01416015625 0.0693359375
0 0.61865234375 0.37060546875 0.0126953125 0.0615234375
0 0.637451171875 0.37109375 0.01416015625 0.068359375
0 0.645263671875 0.36669921875 0.01611328125 0.0771484375
0 0.62353515625 0.3681640625 0.015625 0.076171875
0 0.64990234375 0.361328125 0.0185546875 0.091796875
0 0.68701171875 0.36474609375 0.0146484375 0.0712890625
0 0.65771484375 0.36328125 0.015625 0.076171875
0 0.669189453125 0.359375 0.02001953125 0.095703125
0 0.6787109375 0.35693359375 0.0205078125 0.1005859375
0 0.6943359375 0.36474609375 0.013671875 0.0673828125
0 0.698486328125 0.3623046875 0.01513671875 0.07421875
0 0.606201171875 0.37451171875 0.01416015625 0.0673828125
0 0.589599609375 0.3740234375 0.01416015625 0.068359375
0 0.595947265625 0.37109375 0.01513671875 0.07421875
0 0.576904296875 0.37451171875 0.01416015625 0.0693359375
0 0.580810546875 0.375 0.01318359375 0.064453125
0 0.556640625 0.373046875 0.015625 0.076171875
0 0.56689453125 0.37060546875 0.015625 0.0771484375
0 0.558349609375 0.37109375 0.01611328125 0.080078125
0 0.535888671875 0.3759765625 0.01513671875 0.072265625
0 0.53955078125 0.37255859375 0.0166015625 0.0810546875
0 0.545654296875 0.37109375 0.01806640625 0.087890625
0 0.5185546875 0.3740234375 0.0166015625 0.08203125
0 0.232421875 0.404296875 0.0205078125 0.099609375
0 0.4052734375 0.39111328125 0.0185546875 0.0908203125
0 0.4296875 0.3857421875 0.01953125 0.095703125
0 0.24853515625 0.40087890625 0.01953125 0.0947265625
