0 0.458740234375 0.41650390625 0.00830078125 0.0419921875
0 0.452880859375 0.41259765625 0.01025390625 0.0517578125
0 0.44287109375 0.4091796875 0.01171875 0.056640625
0 0.4150390625 0.41552734375 0.0068359375 0.0322265625
0 0.388671875 0.41748046875 0.013671875 0.0673828125
0 0.33447265625 0.40234375 0.0078125 0.025390625
0 0.334228515625 0.4033203125 0.00732421875 0.025390625
0 0.247802734375 0.39892578125 0.02099609375 0.1025390625
0 0.261962890625 0.41162109375 0.03564453125 0.1748046875
0 0.015869140625 0.3916015625 0.01806640625 0.087890625
0 0.03125 0.38232421875 0.01953125 0.0927734375
0 0.201171875 0.46337890625 0.0029296875 0.0087890625
0 0.46533203125 0.41552734375 0.0107421875 0.0537109375
0 0.206298828125 0.41064453125 0.02294921875 0.1123046875
0 0.022216796875 0.3818359375 0.02099609375 0.1015625
0 0.042724609375 0.3984375 0.03076171875 0.1484375
0 0.062255859375 0.39990234375 0.02978515625 0.1455078125
0 0.011474609375 0.474609375 0.01708984375 0.080078125
0 0.19873046875 0.40478515625 0.04296875 0.2080078125
0 0.234130859375 0.43603515625 0.05224609375 0.2568359375
0 0.477783203125 0.44970703125 0.06103515625 0.2978515625
0 0.61865234375 0.44970703125 0.08203125 0.3994140625
0 0.62255859375 0.48095703125 0.0771484375 0.3759765625
0 0.529296875 0.47021484375 0.1005859375 0.4912109375
0 0.591796875 0.52294921875 0.1064453125 0.5205078125
0 0.669921875 0.4326171875 0.0166015625 0.08203125
0 0.6953125 0.42724609375 0.01953125 0.0947265625
0 0.687744140625 0.4287109375 0.02197265625 0.10546875
0 0.728759765625 0.43310546875 0.01220703125 0.0556640625
0 0.1494140625 0.482421875 0.080078125 0.390625
0 0.851806640625 0.46826171875 0.07958984375 0.3876953125
0 0.841064453125 0.48828125 0.07763671875 0.37890625
0 0.771484375 0.5 0.1357421875 0.662109375
0 0.992431640625 0.4951171875 0.08935546875 0.4375
0 0.967529296875 0.51806640625 0.08642578125 0.4228515625
0 0.295166015625 0.49951171875 0.10888671875 0.5302734375
