0 0.49609375 0.36669921875 0.0078125 0.0380859375
0 0.502685546875 0.36865234375 0.00927734375 0.0439453125
0 0.448974609375 0.37548828125 0.00244140625 0.0166015625
0 0.446044921875 0.373046875 0.00732421875 0.03515625
0 0.5869140625 0.3779296875 0.015625 0.076171875
0 0.57568359375 0.37646484375 0.0166015625 0.0810546875
0 0.49072265625 0.37744140625 0.0126953125 0.0595703125
0 0.4873046875 0.43701171875 0.0458984375 0.2236328125
0 0.469482421875 0.421875 0.05322265625 0.259765625
0 0.56298828125 0.365234375 0.0107421875 0.017578125
0 0.567626953125 0.3896484375 0.00439453125 0.009765625
