0 0.70361328125 0.42236328125 0.0068359375 0.0576171875
0 0.692138671875 0.41259765625 0.01708984375 0.0830078125
0 0.678466796875 0.41455078125 0.01611328125 0.0791015625
0 0.671630859375 0.41552734375 0.01708984375 0.0830078125
0 0.49951171875 0.4072265625 0.021484375 0.103515625
0 0.60400390625 0.41650390625 0.0146484375 0.0712890625
0 0.55712890625 0.412109375 0.021484375 0.10546875
0 0.59423828125 0.4091796875 0.017578125 0.0859375
0 0.58544921875 0.41015625 0.0234375 0.11328125
0 0.614501953125 0.41357421875 0.01416015625 0.0693359375
0 0.609130859375 0.40869140625 0.01806640625 0.0869140625
0 0.631591796875 0.41259765625 0.01708984375 0.0810546875
0 0.642333984375 0.4130859375 0.01708984375 0.083984375
0 0.65087890625 0.43359375 0.0078125 0.0390625
0 0.6572265625 0.41650390625 0.015625 0.0771484375
0 0.62353515625 0.39990234375 0.0078125 0.0458984375
