0 0.560302734375 0.41845703125 0.01220703125 0.0595703125
0 0.568603515625 0.4228515625 0.01416015625 0.068359375
0 0.5732421875 0.4150390625 0.013671875 0.06640625
0 0.591064453125 0.42236328125 0.01318359375 0.0634765625
0 0.58203125 0.42529296875 0.017578125 0.0869140625
0 0.599853515625 0.4208984375 0.01806640625 0.08984375
0 0.651123046875 0.43212890625 0.02978515625 0.1455078125
0 0.663330078125 0.4345703125 0.03564453125 0.173828125
0 0.708984375 0.43310546875 0.052734375 0.2568359375
0 0.689697265625 0.44677734375 0.05029296875 0.2451171875
0 0.5498046875 0.41943359375 0.01171875 0.0615234375
