0 0.437255859375 0.43017578125 0.00634765625 0.0302734375
0 0.431396484375 0.43115234375 0.00537109375 0.0263671875
0 0.447021484375 0.4326171875 0.00634765625 0.029296875
0 0.3935546875 0.43408203125 0.0078125 0.0380859375
0 0.483642578125 0.43115234375 0.00537109375 0.0244140625
0 0.477294921875 0.42919921875 0.00927734375 0.0439453125
0 0.399658203125 0.419921875 0.01904296875 0.09375
0 0.405517578125 0.42724609375 0.02490234375 0.1201171875
0 0.328857421875 0.4296875 0.02099609375 0.1015625
0 0.312744140625 0.42431640625 0.02490234375 0.1201171875
0 0.56884765625 0.40576171875 0.0244140625 0.1181640625
0 0.5283203125 0.42333984375 0.0263671875 0.1279296875
0 0.496337890625 0.4169921875 0.02490234375 0.12109375
0 0.923828125 0.35986328125 0.0341796875 0.1650390625
0 0.895751953125 0.36279296875 0.03369140625 0.1650390625
0 0.85009765625 0.39599609375 0.0224609375 0.1083984375
0 0.867431640625 0.38916015625 0.02685546875 0.1318359375
0 0.4228515625 0.42529296875 0.02734375 0.1337890625
0 0.213623046875 0.4306640625 0.02490234375 0.12109375
0 0.263427734375 0.43359375 0.04150390625 0.201171875
0 0.24169921875 0.44384765625 0.03515625 0.1708984375
0 0.224609375 0.45458984375 0.0419921875 0.2060546875
0 0.1845703125 0.4482421875 0.04296875 0.208984375
0 0.05908203125 0.43505859375 0.021484375 0.1064453125
0 0.33837890625 0.42529296875 0.0302734375 0.1494140625
