0 0.52880859375 0.41748046875 0.0048828125 0.0244140625
0 0.57421875 0.43701171875 0.005859375 0.0283203125
0 0.58056640625 0.43310546875 0.0048828125 0.0244140625
0 0.603515625 0.4375 0.005859375 0.013671875
0 0.58837890625 0.435546875 0.0068359375 0.033203125
0 0.608154296875 0.43505859375 0.00439453125 0.0087890625
0 0.625244140625 0.42333984375 0.01513671875 0.0751953125
0 0.6474609375 0.42626953125 0.0126953125 0.0634765625
0 0.631103515625 0.42578125 0.01416015625 0.0703125
0 0.6376953125 0.4248046875 0.0146484375 0.072265625
0 0.654052734375 0.421875 0.01513671875 0.072265625
0 0.705078125 0.41943359375 0.015625 0.0751953125
0 0.69091796875 0.41552734375 0.0185546875 0.0908203125
0 0.717041015625 0.41796875 0.01513671875 0.076171875
0 0.719482421875 0.419921875 0.01611328125 0.078125
0 0.72705078125 0.4150390625 0.0205078125 0.1015625
0 0.734619140625 0.4189453125 0.02001953125 0.099609375
0 0.9912109375 0.4248046875 0.02734375 0.1328125
0 0.91748046875 0.42041015625 0.0283203125 0.1376953125
0 0.974365234375 0.427734375 0.02685546875 0.1328125
0 0.971923828125 0.4423828125 0.02685546875 0.130859375
0 0.942626953125 0.43115234375 0.02880859375 0.1396484375
0 0.94287109375 0.43115234375 0.0341796875 0.1669921875
0 0.90966796875 0.44189453125 0.0302734375 0.1474609375
0 0.455810546875 0.43408203125 0.00830078125 0.0400390625
0 0.46044921875 0.43408203125 0.0078125 0.0380859375
0 0.445068359375 0.43408203125 0.00439453125 0.0224609375
0 0.46875 0.4326171875 0.009765625 0.046875
0 0.44970703125 0.435546875 0.0078125 0.0390625
0 0.440185546875 0.4306640625 0.01025390625 0.048828125
0 0.427001953125 0.4306640625 0.00927734375 0.046875
0 0.419677734375 0.43505859375 0.00732421875 0.0341796875
0 0.413330078125 0.43701171875 0.00732421875 0.0341796875
0 0.320068359375 0.4111328125 0.04638671875 0.224609375
0 0.346923828125 0.40966796875 0.05224609375 0.2548828125
0 0.336669921875 0.41455078125 0.05712890625 0.2802734375
0 0.046630859375 0.38720703125 0.02294921875 0.0654296875
0 0.22021484375 0.42724609375 0.0673828125 0.3291015625
0 0.70166015625 0.4189453125 0.017578125 0.0859375
0 0.666259765625 0.412109375 0.02099609375 0.103515625
0 0.74755859375 0.4013671875 0.021484375 0.10546875
0 0.773681640625 0.39892578125 0.02099609375 0.1044921875
0 0.82080078125 0.396484375 0.0244140625 0.119140625
0 0.522705078125 0.41650390625 0.00634765625 0.0166015625
0 0.54345703125 0.41552734375 0.005859375 0.0166015625
0 0.554931640625 0.41552734375 0.01220703125 0.0166015625
0 0.558349609375 0.44091796875 0.00439453125 0.0263671875
0 0.567138671875 0.4248046875 0.01025390625 0.033203125
0 0.56298828125 0.44970703125 0.001953125 0.0087890625
