0 0.6484375 0.3955078125 0.0068359375 0.03125
0 0.67431640625 0.39208984375 0.0078125 0.0224609375
0 0.65966796875 0.39697265625 0.0078125 0.0380859375
0 0.6640625 0.404296875 0.017578125 0.0859375
0 0.63818359375 0.404296875 0.017578125 0.0859375
0 0.628173828125 0.404296875 0.01611328125 0.080078125
0 0.633056640625 0.4091796875 0.02294921875 0.111328125
0 0.59619140625 0.404296875 0.0146484375 0.0703125
0 0.5849609375 0.40576171875 0.017578125 0.0849609375
0 0.568603515625 0.39990234375 0.01513671875 0.0751953125
0 0.412109375 0.4228515625 0.03515625 0.173828125
0 0.435791015625 0.43994140625 0.04150390625 0.2021484375
0 0.45947265625 0.48291015625 0.0966796875 0.4736328125
0 0.558349609375 0.568359375 0.07275390625 0.35546875
0 0.353271484375 0.4169921875 0.03759765625 0.185546875
0 0.289306640625 0.42138671875 0.03857421875 0.1884765625
