0 0.955078125 0.37158203125 0.0107421875 0.0537109375
0 0.9404296875 0.37548828125 0.0146484375 0.0712890625
0 0.945556640625 0.380859375 0.01513671875 0.072265625
0 0.959228515625 0.38427734375 0.01025390625 0.0498046875
0 0.954345703125 0.3837890625 0.01220703125 0.060546875
0 0.9130859375 0.37939453125 0.0146484375 0.0693359375
0 0.919921875 0.38330078125 0.013671875 0.0673828125
0 0.906494140625 0.38134765625 0.01513671875 0.0732421875
0 0.931396484375 0.37841796875 0.01708984375 0.0810546875
0 0.887939453125 0.3837890625 0.01220703125 0.05859375
0 0.8955078125 0.38525390625 0.0126953125 0.0615234375
0 0.881103515625 0.3857421875 0.01318359375 0.0625
0 0.80078125 0.38134765625 0.0107421875 0.0537109375
0 0.740478515625 0.39013671875 0.01318359375 0.0634765625
0 0.757080078125 0.3955078125 0.01318359375 0.064453125
0 0.724609375 0.38818359375 0.013671875 0.0673828125
0 0.6630859375 0.38916015625 0.013671875 0.0673828125
0 0.544677734375 0.419921875 0.03466796875 0.171875
0 0.486328125 0.4150390625 0.03515625 0.171875
0 0.469482421875 0.4169921875 0.03857421875 0.189453125
0 0.371337890625 0.4130859375 0.04150390625 0.203125
0 0.2041015625 0.42431640625 0.0283203125 0.1396484375
0 0.132568359375 0.4091796875 0.02099609375 0.103515625
0 0.116455078125 0.4169921875 0.01904296875 0.09375
0 0.09130859375 0.4150390625 0.01953125 0.095703125
0 0.085693359375 0.41748046875 0.01904296875 0.0927734375
0 0.769775390625 0.39404296875 0.03857421875 0.1884765625
0 0.85302734375 0.38623046875 0.015625 0.0400390625
0 0.989013671875 0.36328125 0.01806640625 0.025390625
