0 0.2177734375 0.50732421875 0.0068359375 0.0341796875
0 0.21044921875 0.51318359375 0.0087890625 0.0419921875
0 0.6083984375 0.52490234375 0.0419921875 0.2060546875
0 0.43896484375 0.53076171875 0.044921875 0.2197265625
0 0.498779296875 0.5341796875 0.04150390625 0.203125
0 0.48828125 0.52490234375 0.0478515625 0.2333984375
0 0.5849609375 0.521484375 0.0458984375 0.224609375
0 0.55810546875 0.53466796875 0.0458984375 0.2236328125
0 0.54931640625 0.53369140625 0.048828125 0.2373046875
0 0.620849609375 0.537109375 0.05029296875 0.244140625
0 0.722412109375 0.5400390625 0.04638671875 0.224609375
0 0.698974609375 0.53466796875 0.04833984375 0.2373046875
0 0.772705078125 0.53271484375 0.05615234375 0.2724609375
0 0.73876953125 0.533203125 0.0634765625 0.30859375
0 0.84814453125 0.53173828125 0.05078125 0.2470703125
0 0.812255859375 0.525390625 0.05908203125 0.287109375
0 0.89306640625 0.53759765625 0.060546875 0.2939453125
0 0.99072265625 0.509765625 0.064453125 0.314453125
0 0.952880859375 0.51806640625 0.06396484375 0.3134765625
0 0.928466796875 0.52392578125 0.06494140625 0.3154296875
0 0.991943359375 0.51025390625 0.01123046875 0.0986328125
0 0.2490234375 0.50537109375 0.0068359375 0.0341796875
0 0.224365234375 0.5078125 0.00439453125 0.033203125
0 0.2314453125 0.51123046875 0.0068359375 0.0263671875
