0 0.6083984375 0.43115234375 0.005859375 0.0283203125
0 0.615234375 0.43017578125 0.005859375 0.0283203125
0 0.66357421875 0.4169921875 0.0126953125 0.060546875
0 0.657470703125 0.42431640625 0.01220703125 0.0576171875
0 0.6787109375 0.41455078125 0.017578125 0.0869140625
0 0.691650390625 0.41259765625 0.01806640625 0.0869140625
0 0.7236328125 0.404296875 0.01171875 0.05859375
0 0.736328125 0.4091796875 0.017578125 0.0859375
0 0.764892578125 0.41259765625 0.02099609375 0.1025390625
0 0.775390625 0.41162109375 0.021484375 0.1064453125
0 0.7919921875 0.41357421875 0.0205078125 0.1005859375
0 0.8056640625 0.41162109375 0.0263671875 0.1279296875
0 0.830322265625 0.4140625 0.02490234375 0.12109375
0 0.860107421875 0.427734375 0.02685546875 0.12890625
0 0.879638671875 0.4169921875 0.02587890625 0.126953125
0 0.99853515625 0.431640625 0.02734375 0.1328125
0 0.54296875 0.41552734375 0.0146484375 0.0712890625
0 0.50390625 0.4169921875 0.0146484375 0.0703125
0 0.461669921875 0.4208984375 0.00537109375 0.02734375
0 0.444580078125 0.42529296875 0.00634765625 0.0302734375
0 0.431884765625 0.42578125 0.00830078125 0.0390625
0 0.421142578125 0.41357421875 0.02197265625 0.1064453125
0 0.385986328125 0.40478515625 0.02392578125 0.1162109375
0 0.361572265625 0.40087890625 0.02099609375 0.1025390625
0 0.384521484375 0.4169921875 0.04248046875 0.20703125
0 0.2685546875 0.3203125 0.017578125 0.046875
0 0.285888671875 0.40185546875 0.04052734375 0.2001953125
0 0.268310546875 0.3935546875 0.04052734375 0.19921875
0 0.099853515625 0.40478515625 0.06005859375 0.2939453125
0 0.644775390625 0.41162109375 0.01708984375 0.0849609375
0 0.452880859375 0.427734375 0.00732421875 0.03515625
0 0.44921875 0.42919921875 0.0068359375 0.0322265625
0 0.705322265625 0.39404296875 0.01611328125 0.0771484375
0 0.719970703125 0.39453125 0.01611328125 0.078125
0 0.713623046875 0.3935546875 0.01806640625 0.087890625
0 0.47314453125 0.41796875 0.0029296875 0.017578125
0 0.478515625 0.4189453125 0.00390625 0.021484375
0 0.558837890625 0.42919921875 0.00341796875 0.0322265625
0 0.570556640625 0.4287109375 0.01806640625 0.03515625
0 0.587890625 0.435546875 0.0078125 0.021484375
0 0.63427734375 0.42138671875 0.0087890625 0.0595703125
0 0.64208984375 0.4453125 0.001953125 0.01171875
0 0.650634765625 0.43212890625 0.00927734375 0.0361328125
0 0.653076171875 0.400390625 0.00439453125 0.0234375
0 0.685302734375 0.3828125 0.00732421875 0.01171875
0 0.69970703125 0.40625 0.0029296875 0.03125
