0 0.88818359375 0.34423828125 0.0068359375 0.0322265625
0 0.891357421875 0.3427734375 0.00732421875 0.03515625
0 0.87841796875 0.34619140625 0.0078125 0.0400390625
0 0.873291015625 0.359375 0.01611328125 0.076171875
0 0.86669921875 0.3603515625 0.0146484375 0.0703125
0 0.869873046875 0.3623046875 0.01708984375 0.083984375
0 0.894287109375 0.3583984375 0.01416015625 0.068359375
0 0.835693359375 0.353515625 0.01318359375 0.06640625
0 0.8203125 0.3623046875 0.0166015625 0.080078125
0 0.845458984375 0.36328125 0.03759765625 0.18359375
0 0.76611328125 0.36279296875 0.0244140625 0.1181640625
0 0.73876953125 0.36376953125 0.021484375 0.1044921875
0 0.63427734375 0.3583984375 0.0400390625 0.1953125
0 0.4716796875 0.35888671875 0.0361328125 0.1767578125
0 0.474853515625 0.37060546875 0.03466796875 0.1689453125
0 0.34765625 0.40869140625 0.056640625 0.2744140625
0 0.2802734375 0.40283203125 0.056640625 0.2763671875
0 0.918701171875 0.3447265625 0.01025390625 0.03125
