0 0.07861328125 0.44482421875 0.01171875 0.0576171875
0 0.101318359375 0.4423828125 0.01123046875 0.0546875
0 0.093017578125 0.453125 0.01416015625 0.068359375
0 0.224365234375 0.46875 0.02392578125 0.119140625
0 0.210693359375 0.47119140625 0.02490234375 0.1201171875
0 0.087890625 0.451171875 0.013671875 0.06640625
0 0.08251953125 0.44970703125 0.0126953125 0.0615234375
0 0.069580078125 0.455078125 0.01708984375 0.083984375
0 0.029541015625 0.45361328125 0.01708984375 0.0830078125
0 0.038330078125 0.458984375 0.01611328125 0.080078125
0 0.012939453125 0.4501953125 0.01904296875 0.09375
0 0.51123046875 0.46533203125 0.0234375 0.1123046875
0 0.54931640625 0.4619140625 0.0234375 0.115234375
0 0.5732421875 0.46435546875 0.0244140625 0.1201171875
0 0.593505859375 0.466796875 0.01806640625 0.087890625
