0 0.37548828125 0.37353515625 0.015625 0.0771484375
0 0.385009765625 0.36572265625 0.01123046875 0.0556640625
0 0.433349609375 0.36376953125 0.01025390625 0.0498046875
0 0.2158203125 0.40087890625 0.03125 0.1533203125
0 0.161865234375 0.39794921875 0.01708984375 0.0576171875
0 0.02392578125 0.39990234375 0.025390625 0.0439453125
0 0.093017578125 0.40087890625 0.03662109375 0.0419921875
0 0.06396484375 0.396484375 0.02734375 0.05859375
0 0.689453125 0.3671875 0.0380859375 0.1875
0 0.755859375 0.3681640625 0.0361328125 0.17578125
0 0.9150390625 0.35302734375 0.033203125 0.1630859375
