0 0.422119140625 0.38671875 0.00732421875 0.03515625
0 0.4130859375 0.388671875 0.0068359375 0.03125
0 0.43603515625 0.39501953125 0.00390625 0.0185546875
0 0.4619140625 0.38671875 0.005859375 0.02734375
0 0.5126953125 0.3916015625 0.0107421875 0.052734375
0 0.52392578125 0.392578125 0.0078125 0.041015625
0 0.531982421875 0.39501953125 0.00048828125 0.0009765625
0 0.539794921875 0.39306640625 0.01025390625 0.0498046875
0 0.62060546875 0.38427734375 0.0087890625 0.0439453125
0 0.77294921875 0.373046875 0.0078125 0.0390625
0 0.7734375 0.37353515625 0.009765625 0.0458984375
0 0.7890625 0.39599609375 0.0224609375 0.1083984375
0 0.79833984375 0.3974609375 0.0244140625 0.119140625
0 0.84521484375 0.37451171875 0.0078125 0.0322265625
0 0.5810546875 0.40087890625 0.0146484375 0.0712890625
0 0.474853515625 0.4111328125 0.01416015625 0.068359375
0 0.451416015625 0.41015625 0.01513671875 0.07421875
0 0.443359375 0.4150390625 0.013671875 0.068359375
0 0.328369140625 0.4052734375 0.01318359375 0.041015625
0 0.387939453125 0.3984375 0.00927734375 0.046875
0 0.2705078125 0.408203125 0.0107421875 0.052734375
0 0.249755859375 0.41748046875 0.02001953125 0.0966796875
0 0.13134765625 0.435546875 0.0244140625 0.12109375
0 0.1455078125 0.43408203125 0.025390625 0.1240234375
0 0.6025390625 0.39599609375 0.0107421875 0.0517578125
0 0.255126953125 0.42919921875 0.02001953125 0.0947265625
0 0.42919921875 0.396484375 0.009765625 0.015625
0 0.529052734375 0.38134765625 0.00732421875 0.0322265625
0 0.594482421875 0.39697265625 0.00927734375 0.0537109375
