0 0.4609375 0.400390625 0.00390625 0.01953125
0 0.470947265625 0.40283203125 0.00341796875 0.0185546875
0 0.587158203125 0.3955078125 0.00732421875 0.037109375
0 0.767578125 0.421875 0.0322265625 0.15625
0 0.791748046875 0.4208984375 0.03759765625 0.18359375
0 0.82763671875 0.41455078125 0.037109375 0.1826171875
0 0.140869140625 0.3701171875 0.00634765625 0.0078125
0 0.1494140625 0.369140625 0.0078125 0.01171875
0 0.159912109375 0.369140625 0.00830078125 0.01171875
0 0.166015625 0.37109375 0.00390625 0.0078125
0 0.175537109375 0.37744140625 0.00732421875 0.0341796875
0 0.18310546875 0.3798828125 0.0068359375 0.033203125
0 0.187255859375 0.37939453125 0.00634765625 0.0322265625
0 0.201904296875 0.38623046875 0.00732421875 0.0361328125
0 0.216064453125 0.3828125 0.00732421875 0.03515625
0 0.255615234375 0.38623046875 0.00830078125 0.0400390625
0 0.300048828125 0.3857421875 0.00830078125 0.0390625
0 0.306640625 0.38330078125 0.0087890625 0.0439453125
0 0.314697265625 0.38037109375 0.01025390625 0.0498046875
0 0.330322265625 0.38427734375 0.00830078125 0.0419921875
0 0.37353515625 0.3701171875 0.005859375 0.017578125
0 0.37353515625 0.38623046875 0.0087890625 0.0419921875
0 0.40185546875 0.392578125 0.0087890625 0.04296875
0 0.413818359375 0.3876953125 0.00830078125 0.041015625
0 0.4365234375 0.39111328125 0.0068359375 0.0341796875
