0 0.35009765625 0.388671875 0.0068359375 0.013671875
0 0.0498046875 0.3955078125 0.0068359375 0.033203125
0 0.05517578125 0.39453125 0.0078125 0.03515625
0 0.06884765625 0.39208984375 0.0087890625 0.0439453125
0 0.093994140625 0.39697265625 0.00927734375 0.0458984375
0 0.145263671875 0.392578125 0.01025390625 0.052734375
0 0.24169921875 0.39013671875 0.00390625 0.0185546875
0 0.25341796875 0.39404296875 0.0078125 0.0380859375
0 0.2607421875 0.39404296875 0.0068359375 0.0361328125
0 0.28125 0.3955078125 0.0068359375 0.03125
0 0.36181640625 0.38525390625 0.0107421875 0.0517578125
0 0.333740234375 0.3896484375 0.00830078125 0.013671875
0 0.34326171875 0.3916015625 0.005859375 0.009765625
0 0.372314453125 0.38330078125 0.01123046875 0.0537109375
0 0.392333984375 0.38427734375 0.01025390625 0.0517578125
0 0.421875 0.38525390625 0.009765625 0.0478515625
0 0.42822265625 0.36767578125 0.009765625 0.0166015625
0 0.91796875 0.37255859375 0.0185546875 0.0888671875
0 0.928466796875 0.3740234375 0.01806640625 0.08984375
0 0.956298828125 0.38037109375 0.03076171875 0.1474609375
0 0.276123046875 0.3896484375 0.01611328125 0.078125
0 0.292724609375 0.388671875 0.01611328125 0.078125
0 0.1689453125 0.40185546875 0.03125 0.1513671875
0 0.420654296875 0.38818359375 0.00927734375 0.0458984375
0 0.29833984375 0.39697265625 0.0009765625 0.0029296875
0 0.304931640625 0.38525390625 0.01220703125 0.0166015625
