0 0.514404296875 0.40771484375 0.00830078125 0.0400390625
0 0.464111328125 0.40771484375 0.00830078125 0.0400390625
0 0.498046875 0.40966796875 0.0087890625 0.0419921875
0 0.521728515625 0.408203125 0.00634765625 0.03125
0 0.539794921875 0.41015625 0.01025390625 0.048828125
0 0.566162109375 0.416015625 0.01025390625 0.05078125
0 0.5458984375 0.41162109375 0.01171875 0.0595703125
0 0.55908203125 0.41162109375 0.013671875 0.0673828125
0 0.571044921875 0.41259765625 0.01220703125 0.0595703125
0 0.574951171875 0.412109375 0.01416015625 0.068359375
0 0.624267578125 0.40966796875 0.01806640625 0.0888671875
0 0.632080078125 0.4150390625 0.02197265625 0.10546875
0 0.6416015625 0.41162109375 0.025390625 0.1220703125
0 0.654541015625 0.40869140625 0.02783203125 0.1357421875
0 0.6767578125 0.45849609375 0.0107421875 0.0185546875
0 0.707275390625 0.4091796875 0.02880859375 0.140625
0 0.687744140625 0.4267578125 0.02783203125 0.13671875
0 0.80615234375 0.4111328125 0.0283203125 0.138671875
0 0.767822265625 0.41064453125 0.02587890625 0.1279296875
0 0.78466796875 0.408203125 0.0361328125 0.17578125
0 0.81591796875 0.4091796875 0.033203125 0.16015625
0 0.837158203125 0.4091796875 0.03173828125 0.154296875
0 0.9189453125 0.42822265625 0.03515625 0.1103515625
0 0.44384765625 0.41064453125 0.0068359375 0.0322265625
0 0.436767578125 0.40869140625 0.00830078125 0.0400390625
0 0.4296875 0.41015625 0.0068359375 0.033203125
0 0.43359375 0.4072265625 0.009765625 0.046875
0 0.396728515625 0.4091796875 0.00634765625 0.03125
0 0.392578125 0.4111328125 0.005859375 0.029296875
0 0.387939453125 0.4130859375 0.00927734375 0.025390625
0 0.361083984375 0.4287109375 0.02880859375 0.06640625
0 0.201904296875 0.41552734375 0.01513671875 0.0791015625
0 0.21142578125 0.439453125 0.0126953125 0.0390625
0 0.257568359375 0.3935546875 0.01318359375 0.0625
0 0.250244140625 0.41943359375 0.01123046875 0.0810546875
0 0.241943359375 0.4091796875 0.02783203125 0.134765625
0 0.259521484375 0.4287109375 0.02587890625 0.126953125
0 0.224853515625 0.4111328125 0.03369140625 0.1640625
0 0.272705078125 0.4140625 0.04150390625 0.203125
0 0.3056640625 0.42041015625 0.041015625 0.2001953125
0 0.615234375 0.40869140625 0.0263671875 0.1279296875
0 0.594970703125 0.419921875 0.02685546875 0.1328125
0 0.595703125 0.41748046875 0.029296875 0.1435546875
0 0.48876953125 0.4091796875 0.0107421875 0.041015625
0 0.530029296875 0.41015625 0.01513671875 0.0390625
