0 0.101318359375 0.412109375 0.03564453125 0.17578125
0 0.14697265625 0.4091796875 0.0341796875 0.166015625
0 0.018798828125 0.42431640625 0.03857421875 0.1865234375
0 0.543701171875 0.412109375 0.00634765625 0.029296875
0 0.214599609375 0.41455078125 0.03466796875 0.1708984375
0 0.396728515625 0.4189453125 0.01416015625 0.068359375
0 0.38525390625 0.41650390625 0.015625 0.0751953125
0 0.348388671875 0.4140625 0.02001953125 0.09765625
0 0.45166015625 0.412109375 0.0078125 0.037109375
0 0.552490234375 0.412109375 0.00732421875 0.037109375
0 0.557373046875 0.40673828125 0.00927734375 0.0439453125
0 0.561279296875 0.41064453125 0.01123046875 0.0556640625
0 0.57373046875 0.408203125 0.0126953125 0.060546875
0 0.585693359375 0.40966796875 0.01513671875 0.0712890625
0 0.60791015625 0.41064453125 0.03515625 0.1708984375
0 0.630615234375 0.4208984375 0.01806640625 0.087890625
0 0.643798828125 0.4052734375 0.02392578125 0.1171875
0 0.685302734375 0.41455078125 0.02880859375 0.1396484375
0 0.731689453125 0.40283203125 0.02685546875 0.1318359375
0 0.721435546875 0.40673828125 0.02587890625 0.1279296875
0 0.712890625 0.40966796875 0.029296875 0.1435546875
0 0.754150390625 0.4169921875 0.01904296875 0.09375
0 0.580322265625 0.412109375 0.00732421875 0.0546875
0 0.59423828125 0.42626953125 0.0029296875 0.0341796875
0 0.6015625 0.43212890625 0.00390625 0.0283203125
