0 0.25732421875 0.41943359375 0.0537109375 0.2607421875
0 0.234619140625 0.43212890625 0.04541015625 0.2216796875
0 0.164794921875 0.408203125 0.01806640625 0.087890625
0 0.10498046875 0.42626953125 0.0263671875 0.1279296875
0 0.0869140625 0.42236328125 0.02734375 0.1337890625
0 0.000732421875 0.41796875 0.02685546875 0.130859375
0 0.039306640625 0.4130859375 0.02783203125 0.134765625
0 0.134033203125 0.42578125 0.02783203125 0.13671875
0 0.081298828125 0.419921875 0.02001953125 0.06640625
0 0.091796875 0.4072265625 0.0234375 0.0625
0 0.11376953125 0.4228515625 0.02734375 0.134765625
0 0.09375 0.443359375 0.0390625 0.1171875
