0 0.898193359375 0.4287109375 0.06298828125 0.306640625
0 0.768310546875 0.43212890625 0.04638671875 0.2255859375
0 0.822998046875 0.43896484375 0.04736328125 0.2314453125
0 0.790771484375 0.44189453125 0.05224609375 0.2548828125
0 0.166259765625 0.4375 0.02392578125 0.1171875
0 0.525146484375 0.4228515625 0.02294921875 0.11328125
0 0.542236328125 0.4248046875 0.02099609375 0.1015625
0 0.58203125 0.41943359375 0.0224609375 0.1103515625
0 0.64208984375 0.40478515625 0.0185546875 0.0908203125
0 0.580078125 0.4208984375 0.0224609375 0.109375
0 0.174072265625 0.43310546875 0.02685546875 0.1298828125
