0 0.2763671875 0.435546875 0.005859375 0.029296875
0 0.28271484375 0.431640625 0.0078125 0.0390625
0 0.300048828125 0.43310546875 0.00634765625 0.0166015625
0 0.307861328125 0.43212890625 0.00732421875 0.0146484375
0 0.317626953125 0.42919921875 0.00732421875 0.0185546875
0 0.464599609375 0.4130859375 0.01025390625 0.05078125
0 0.456298828125 0.416015625 0.01123046875 0.0546875
0 0.46630859375 0.4150390625 0.009765625 0.048828125
0 0.6796875 0.36376953125 0.0341796875 0.1669921875
0 0.228515625 0.43896484375 0.0048828125 0.0244140625
0 0.23291015625 0.439453125 0.005859375 0.029296875
