0 0.75537109375 0.41796875 0.0146484375 0.0703125
0 0.816162109375 0.4462890625 0.07373046875 0.357421875
0 0.920654296875 0.44189453125 0.07373046875 0.3603515625
0 0.8916015625 0.43994140625 0.078125 0.3798828125
0 0.341552734375 0.41943359375 0.01904296875 0.0927734375
0 0.351806640625 0.42236328125 0.01513671875 0.0751953125
0 0.334716796875 0.421875 0.02001953125 0.09765625
0 0.32080078125 0.42724609375 0.0244140625 0.1201171875
0 0.537109375 0.4150390625 0.01953125 0.0234375
0 0.604248046875 0.4150390625 0.01904296875 0.025390625
0 0.3583984375 0.43115234375 0.0009765625 0.0029296875
0 0.364990234375 0.4052734375 0.01220703125 0.03125
