0 0.240966796875 0.37255859375 0.00634765625 0.0302734375
0 0.262939453125 0.37109375 0.00732421875 0.03515625
0 0.269287109375 0.37548828125 0.00634765625 0.0302734375
0 0.279052734375 0.373046875 0.00732421875 0.03515625
0 0.21923828125 0.37841796875 0.0146484375 0.0732421875
0 0.19775390625 0.3828125 0.0126953125 0.0625
0 0.199951171875 0.38232421875 0.01318359375 0.0654296875
0 0.20458984375 0.3818359375 0.015625 0.078125
0 0.119873046875 0.39208984375 0.01123046875 0.0498046875
0 0.131103515625 0.39404296875 0.01611328125 0.0537109375
0 0.06884765625 0.4140625 0.0263671875 0.12890625
0 0.46337890625 0.3740234375 0.0078125 0.037109375
0 0.458984375 0.3720703125 0.0087890625 0.04296875
0 0.566162109375 0.400390625 0.02001953125 0.09765625
0 0.588134765625 0.396484375 0.02197265625 0.107421875
0 0.57958984375 0.40087890625 0.0224609375 0.1083984375
0 0.833251953125 0.35986328125 0.01513671875 0.0263671875
0 0.84912109375 0.3662109375 0.01953125 0.029296875
0 0.2490234375 0.37548828125 0.0107421875 0.0302734375
0 0.275146484375 0.3779296875 0.00537109375 0.029296875
