0 0.484130859375 0.41552734375 0.00732421875 0.0361328125
0 0.12255859375 0.40869140625 0.0341796875 0.1669921875
0 0.056640625 0.40771484375 0.0361328125 0.1748046875
0 0.0478515625 0.42333984375 0.0439453125 0.2138671875
0 0.7421875 0.4013671875 0.0146484375 0.0703125
0 0.76513671875 0.40380859375 0.015625 0.0771484375
0 0.8408203125 0.396484375 0.0146484375 0.072265625
0 0.83056640625 0.408203125 0.025390625 0.123046875
0 0.816162109375 0.4169921875 0.02392578125 0.1171875
0 0.870849609375 0.4140625 0.02294921875 0.109375
0 0.854248046875 0.41064453125 0.02294921875 0.1123046875
0 0.83056640625 0.42236328125 0.0224609375 0.1103515625
0 0.899658203125 0.43359375 0.06005859375 0.29296875
