0 0.124267578125 0.37060546875 0.00732421875 0.0341796875
0 0.0810546875 0.36279296875 0.009765625 0.0478515625
0 0.0859375 0.365234375 0.0087890625 0.04296875
0 0.115966796875 0.36865234375 0.00830078125 0.0400390625
0 0.19287109375 0.37060546875 0.0068359375 0.0341796875
0 0.09423828125 0.3662109375 0.0087890625 0.044921875
0 0.501708984375 0.37939453125 0.00830078125 0.0419921875
0 0.498291015625 0.38037109375 0.00927734375 0.0439453125
0 0.395263671875 0.400390625 0.02783203125 0.134765625
0 0.413818359375 0.3994140625 0.02978515625 0.146484375
0 0.28515625 0.37353515625 0.0078125 0.0380859375
0 0.7548828125 0.41259765625 0.029296875 0.1416015625
0 0.735107421875 0.41748046875 0.02880859375 0.1416015625
