0 0.530029296875 0.369140625 0.00634765625 0.033203125
0 0.54931640625 0.369140625 0.0068359375 0.03515625
0 0.557373046875 0.37060546875 0.00927734375 0.0458984375
0 0.5546875 0.37109375 0.009765625 0.046875
0 0.567626953125 0.37255859375 0.00927734375 0.0458984375
0 0.576904296875 0.37255859375 0.00927734375 0.0458984375
0 0.63623046875 0.41162109375 0.029296875 0.1435546875
0 0.658447265625 0.41943359375 0.02783203125 0.1376953125
0 0.68310546875 0.4111328125 0.0322265625 0.158203125
0 0.7275390625 0.41162109375 0.03125 0.1533203125
0 0.7138671875 0.41796875 0.03125 0.150390625
0 0.75830078125 0.40869140625 0.0283203125 0.1376953125
0 0.779296875 0.4130859375 0.0283203125 0.138671875
0 0.852783203125 0.41943359375 0.04736328125 0.2314453125
0 0.03466796875 0.4541015625 0.0439453125 0.212890625
0 0.09375 0.43359375 0.046875 0.228515625
0 0.508056640625 0.37744140625 0.00927734375 0.0439453125
0 0.62353515625 0.37060546875 0.01171875 0.0576171875
