0 0.075927734375 0.3994140625 0.01806640625 0.087890625
0 0.083740234375 0.40185546875 0.01708984375 0.0849609375
0 0.15478515625 0.40478515625 0.0166015625 0.0830078125
0 0.15087890625 0.40625 0.015625 0.076171875
0 0.162841796875 0.3994140625 0.01513671875 0.07421875
0 0.2470703125 0.4091796875 0.01171875 0.056640625
0 0.220458984375 0.4521484375 0.06201171875 0.30078125
0 0.268310546875 0.40771484375 0.01220703125 0.0595703125
0 0.338623046875 0.41357421875 0.00927734375 0.0439453125
0 0.3935546875 0.41748046875 0.0068359375 0.0341796875
0 0.461181640625 0.4130859375 0.02099609375 0.1015625
0 0.956298828125 0.46435546875 0.02392578125 0.1181640625
