0 0.49560546875 0.4248046875 0.0087890625 0.04296875
0 0.4892578125 0.42236328125 0.009765625 0.0478515625
0 0.46630859375 0.4111328125 0.015625 0.076171875
0 0.448974609375 0.43505859375 0.00537109375 0.0263671875
0 0.4541015625 0.43359375 0.005859375 0.029296875
0 0.445068359375 0.43212890625 0.00732421875 0.0361328125
0 0.438720703125 0.435546875 0.00537109375 0.02734375
0 0.411865234375 0.4189453125 0.01416015625 0.0703125
0 0.40576171875 0.41845703125 0.0146484375 0.0732421875
0 0.419189453125 0.4169921875 0.01220703125 0.05859375
0 0.4033203125 0.41748046875 0.0166015625 0.0810546875
0 0.37890625 0.42333984375 0.0146484375 0.0712890625
0 0.3681640625 0.427734375 0.01171875 0.056640625
0 0.357421875 0.42919921875 0.0107421875 0.0537109375
0 0.349853515625 0.4228515625 0.01416015625 0.068359375
0 0.34130859375 0.43310546875 0.009765625 0.0478515625
0 0.323974609375 0.42529296875 0.01318359375 0.0654296875
0 0.3125 0.419921875 0.015625 0.076171875
0 0.18798828125 0.41357421875 0.0107421875 0.0537109375
0 0.125 0.41748046875 0.0078125 0.0380859375
0 0.146728515625 0.41748046875 0.01318359375 0.0634765625
0 0.57177734375 0.4072265625 0.013671875 0.06640625
0 0.623779296875 0.40576171875 0.01416015625 0.0693359375
0 0.623046875 0.41015625 0.013671875 0.06640625
0 0.606689453125 0.40478515625 0.01611328125 0.0791015625
0 0.60498046875 0.42431640625 0.0146484375 0.0712890625
0 0.60009765625 0.4140625 0.0205078125 0.099609375
0 0.613525390625 0.4140625 0.01806640625 0.0859375
0 0.642822265625 0.4140625 0.02001953125 0.095703125
0 0.63427734375 0.41650390625 0.0205078125 0.1005859375
0 0.65087890625 0.412109375 0.021484375 0.10546875
0 0.70263671875 0.4052734375 0.015625 0.076171875
0 0.69091796875 0.40478515625 0.017578125 0.0849609375
0 0.6982421875 0.40625 0.017578125 0.0859375
0 0.776123046875 0.43310546875 0.03955078125 0.1943359375
0 0.98291015625 0.45703125 0.072265625 0.3515625
0 0.819580078125 0.44140625 0.04638671875 0.228515625
0 0.803955078125 0.4375 0.05517578125 0.26953125
0 0.890625 0.435546875 0.0498046875 0.2421875
0 0.917236328125 0.44580078125 0.08349609375 0.4072265625
0 0.9619140625 0.44873046875 0.0908203125 0.4443359375
0 0.33544921875 0.43359375 0.009765625 0.048828125
0 0.391357421875 0.41748046875 0.02294921875 0.1103515625
0 0.42919921875 0.41943359375 0.0234375 0.1142578125
0 0.459228515625 0.43310546875 0.00830078125 0.0341796875
0 0.58349609375 0.4033203125 0.013671875 0.04296875
0 0.709716796875 0.4033203125 0.01416015625 0.09375
