0 0.642333984375 0.42431640625 0.01123046875 0.0556640625
0 0.627197265625 0.42431640625 0.01904296875 0.0927734375
0 0.6630859375 0.4375 0.01953125 0.095703125
0 0.702392578125 0.4375 0.03857421875 0.1875
0 0.819091796875 0.45458984375 0.04248046875 0.2080078125
0 0.803466796875 0.4462890625 0.05615234375 0.2734375
0 0.849853515625 0.4501953125 0.03173828125 0.154296875
0 0.8583984375 0.44677734375 0.046875 0.2275390625
0 0.89794921875 0.458984375 0.033203125 0.162109375
0 0.8740234375 0.45263671875 0.056640625 0.2763671875
0 0.60205078125 0.42822265625 0.0380859375 0.1865234375
0 0.2802734375 0.4248046875 0.0087890625 0.16015625
0 0.118896484375 0.4248046875 0.03076171875 0.150390625
0 0.1923828125 0.42236328125 0.03125 0.1533203125
0 0.9736328125 0.46435546875 0.05078125 0.2490234375
0 0.953125 0.4560546875 0.091796875 0.4453125
