0 0.78173828125 0.4111328125 0.013671875 0.068359375
0 0.989990234375 0.427734375 0.02392578125 0.1171875
0 0.896484375 0.4248046875 0.021484375 0.10546875
0 0.95166015625 0.42041015625 0.0244140625 0.1201171875
0 0.697509765625 0.396484375 0.00732421875 0.03515625
0 0.4296875 0.42138671875 0.0234375 0.1123046875
0 0.45263671875 0.41943359375 0.0244140625 0.1201171875
0 0.495849609375 0.41796875 0.01513671875 0.072265625
0 0.465576171875 0.4228515625 0.02392578125 0.1171875
0 0.66357421875 0.400390625 0.0068359375 0.033203125
0 0.66943359375 0.40234375 0.005859375 0.02734375
0 0.73193359375 0.40185546875 0.0107421875 0.0517578125
