0 0.71630859375 0.40087890625 0.017578125 0.0869140625
0 0.73974609375 0.4091796875 0.01953125 0.09375
0 0.494384765625 0.3974609375 0.00537109375 0.025390625
0 0.499755859375 0.396484375 0.00537109375 0.025390625
0 0.48291015625 0.4091796875 0.0078125 0.037109375
0 0.476318359375 0.41015625 0.00732421875 0.03515625
0 0.461181640625 0.41259765625 0.00830078125 0.0419921875
0 0.430419921875 0.41015625 0.00732421875 0.03515625
0 0.3857421875 0.41552734375 0.013671875 0.0673828125
0 0.466552734375 0.408203125 0.00537109375 0.02734375
0 0.430419921875 0.4111328125 0.00732421875 0.03515625
