0 0.5458984375 0.396484375 0.0146484375 0.072265625
0 0.51708984375 0.396484375 0.0087890625 0.041015625
0 0.509765625 0.3974609375 0.0107421875 0.052734375
0 0.52685546875 0.3994140625 0.0068359375 0.033203125
0 0.512939453125 0.39794921875 0.01123046875 0.0556640625
0 0.557373046875 0.39306640625 0.02685546875 0.1298828125
0 0.539306640625 0.40478515625 0.02392578125 0.1162109375
0 0.433837890625 0.390625 0.01513671875 0.07421875
0 0.453857421875 0.4013671875 0.02587890625 0.125
0 0.392333984375 0.412109375 0.02392578125 0.1171875
0 0.37109375 0.4384765625 0.037109375 0.125
0 0.336181640625 0.38916015625 0.02001953125 0.0986328125
0 0.350830078125 0.40478515625 0.04248046875 0.2060546875
0 0.48583984375 0.3955078125 0.01171875 0.05859375
0 0.49462890625 0.39599609375 0.01171875 0.0576171875
0 0.521240234375 0.39892578125 0.00927734375 0.0458984375
0 0.527587890625 0.40478515625 0.00634765625 0.0302734375
