0 0.39404296875 0.40380859375 0.0107421875 0.0498046875
0 0.259765625 0.4248046875 0.0166015625 0.080078125
0 0.41015625 0.39501953125 0.0078125 0.0380859375
0 0.401123046875 0.41064453125 0.00732421875 0.0341796875
0 0.35205078125 0.4189453125 0.013671875 0.06640625
0 0.27294921875 0.4189453125 0.017578125 0.0859375
0 0.277099609375 0.4306640625 0.02099609375 0.1015625
0 0.224609375 0.42822265625 0.0224609375 0.1083984375
0 0.1416015625 0.43896484375 0.025390625 0.1259765625
0 0.153564453125 0.4375 0.02587890625 0.126953125
0 0.482421875 0.39990234375 0.00390625 0.0205078125
0 0.5107421875 0.3994140625 0.0048828125 0.025390625
0 0.55029296875 0.4091796875 0.009765625 0.046875
0 0.346923828125 0.4248046875 0.01611328125 0.080078125
0 0.321533203125 0.42333984375 0.01904296875 0.0927734375
0 0.4541015625 0.41259765625 0.0146484375 0.0712890625
0 0.628173828125 0.41943359375 0.02978515625 0.1455078125
