0 0.455810546875 0.34619140625 0.00634765625 0.0322265625
0 0.5224609375 0.3486328125 0.009765625 0.046875
0 0.528076171875 0.34716796875 0.01025390625 0.0498046875
0 0.537841796875 0.3466796875 0.00830078125 0.041015625
0 0.531494140625 0.34912109375 0.00927734375 0.0458984375
0 0.595703125 0.34814453125 0.01171875 0.0556640625
0 0.609375 0.38427734375 0.03515625 0.1708984375
0 0.6298828125 0.39453125 0.033203125 0.1640625
0 0.659423828125 0.39794921875 0.03076171875 0.1513671875
0 0.67578125 0.38671875 0.0390625 0.189453125
0 0.699951171875 0.388671875 0.03173828125 0.154296875
0 0.705078125 0.3935546875 0.0361328125 0.17578125
0 0.735107421875 0.388671875 0.03759765625 0.18359375
0 0.7666015625 0.38671875 0.0341796875 0.166015625
0 0.7861328125 0.3916015625 0.033203125 0.16015625
0 0.892822265625 0.3896484375 0.05712890625 0.27734375
0 0.471923828125 0.34716796875 0.00830078125 0.0419921875
0 0.51025390625 0.34619140625 0.01171875 0.0498046875
