0 0.241455078125 0.43701171875 0.02197265625 0.1083984375
0 0.221923828125 0.447265625 0.03466796875 0.16796875
0 0.212890625 0.4599609375 0.0361328125 0.17578125
0 0.338623046875 0.431640625 0.01708984375 0.083984375
0 0.37158203125 0.4140625 0.0107421875 0.05078125
0 0.365478515625 0.431640625 0.01708984375 0.08203125
0 0.90966796875 0.40869140625 0.029296875 0.1435546875
0 0.747314453125 0.39453125 0.01318359375 0.064453125
0 0.64404296875 0.42724609375 0.03125 0.1513671875
0 0.974609375 0.392578125 0.033203125 0.16015625
