0 0.285400390625 0.359375 0.02001953125 0.099609375
0 0.26025390625 0.36865234375 0.03125 0.1513671875
0 0.32861328125 0.3701171875 0.017578125 0.083984375
0 0.341796875 0.36328125 0.0146484375 0.072265625
0 0.32373046875 0.36279296875 0.0205078125 0.0986328125
0 0.3642578125 0.3662109375 0.017578125 0.0859375
0 0.34765625 0.39013671875 0.0283203125 0.1396484375
0 0.58740234375 0.37451171875 0.0205078125 0.1005859375
0 0.62939453125 0.3935546875 0.0322265625 0.158203125
0 0.735595703125 0.40185546875 0.03759765625 0.1826171875
0 0.76416015625 0.3974609375 0.013671875 0.044921875
0 0.771728515625 0.38525390625 0.01708984375 0.0322265625
0 0.782958984375 0.376953125 0.00830078125 0.01953125
0 0.77587890625 0.43212890625 0.0283203125 0.0986328125
0 0.83447265625 0.42578125 0.044921875 0.107421875
0 0.1650390625 0.3330078125 0.0146484375 0.0703125
0 0.36962890625 0.35498046875 0.01171875 0.0576171875
0 0.388916015625 0.3544921875 0.01318359375 0.064453125
