0 0.2958984375 0.43359375 0.0126953125 0.060546875
0 0.340576171875 0.43359375 0.01123046875 0.0546875
0 0.38623046875 0.4365234375 0.0126953125 0.0625
0 0.52490234375 0.42333984375 0.0107421875 0.0537109375
0 0.521484375 0.42529296875 0.009765625 0.0498046875
0 0.5283203125 0.42333984375 0.01171875 0.0576171875
0 0.510986328125 0.4296875 0.00927734375 0.044921875
0 0.50244140625 0.42431640625 0.009765625 0.0478515625
0 0.675048828125 0.41064453125 0.01904296875 0.0927734375
0 0.67529296875 0.40576171875 0.021484375 0.1044921875
0 0.646728515625 0.435546875 0.05810546875 0.283203125
0 0.714599609375 0.42626953125 0.04150390625 0.2041015625
0 0.728759765625 0.419921875 0.04833984375 0.234375
0 0.425537109375 0.41796875 0.04150390625 0.203125
0 0.060791015625 0.41845703125 0.02294921875 0.1123046875
0 0.376220703125 0.43505859375 0.01318359375 0.0634765625
0 0.545166015625 0.41552734375 0.00830078125 0.0263671875
