0 0.661376953125 0.37255859375 0.00634765625 0.0302734375
0 0.694091796875 0.36865234375 0.00927734375 0.0458984375
0 0.73388671875 0.35693359375 0.01171875 0.0556640625
0 0.718994140625 0.35791015625 0.01123046875 0.0537109375
0 0.745361328125 0.35791015625 0.00732421875 0.0361328125
0 0.762939453125 0.34619140625 0.00830078125 0.0419921875
0 0.244140625 0.41455078125 0.0087890625 0.0439453125
0 0.1328125 0.423828125 0.009765625 0.046875
0 0.329345703125 0.41650390625 0.02099609375 0.1005859375
0 0.59375 0.37841796875 0.0078125 0.0244140625
