0 0.220947265625 0.40625 0.03369140625 0.162109375
0 0.49609375 0.3779296875 0.009765625 0.048828125
0 0.504638671875 0.3720703125 0.01318359375 0.0625
0 0.47412109375 0.3701171875 0.0185546875 0.08984375
0 0.4736328125 0.3837890625 0.0205078125 0.099609375
0 0.490234375 0.38623046875 0.021484375 0.1064453125
0 0.56689453125 0.375 0.0107421875 0.05078125
0 0.5751953125 0.37255859375 0.01171875 0.0576171875
0 0.7958984375 0.37841796875 0.0068359375 0.0341796875
0 0.760986328125 0.39697265625 0.02587890625 0.1259765625
0 0.662353515625 0.38818359375 0.02490234375 0.1201171875
0 0.67626953125 0.3984375 0.0234375 0.115234375
