0 0.584716796875 0.47412109375 0.03173828125 0.1533203125
0 0.63134765625 0.47802734375 0.029296875 0.1416015625
0 0.625244140625 0.48388671875 0.02880859375 0.1396484375
0 0.668701171875 0.48486328125 0.03173828125 0.1552734375
0 0.95263671875 0.5009765625 0.025390625 0.123046875
0 0.302001953125 0.44970703125 0.00927734375 0.0458984375
0 0.307861328125 0.45166015625 0.00927734375 0.0458984375
0 0.23583984375 0.45166015625 0.0068359375 0.0322265625
0 0.229736328125 0.45166015625 0.00634765625 0.0302734375
0 0.225341796875 0.44921875 0.00732421875 0.03515625
0 0.8466796875 0.49169921875 0.0322265625 0.1552734375
