0 0.557373046875 0.46533203125 0.00634765625 0.0322265625
0 0.565673828125 0.46630859375 0.00634765625 0.0302734375
0 0.584228515625 0.46435546875 0.00732421875 0.0341796875
0 0.50927734375 0.46826171875 0.015625 0.0751953125
0 0.643798828125 0.52587890625 0.05224609375 0.2548828125
0 0.662353515625 0.546875 0.05029296875 0.244140625
0 0.61865234375 0.53076171875 0.0556640625 0.2724609375
0 0.495849609375 0.46875 0.01416015625 0.068359375
0 0.545166015625 0.46826171875 0.00830078125 0.0244140625
0 0.574462890625 0.46630859375 0.00830078125 0.0322265625
