0 0.08642578125 0.373046875 0.013671875 0.02734375
0 0.099853515625 0.384765625 0.01806640625 0.046875
0 0.08154296875 0.38720703125 0.0283203125 0.0419921875
0 0.0537109375 0.38720703125 0.015625 0.0439453125
0 0.035400390625 0.38671875 0.02392578125 0.044921875
0 0.038818359375 0.3876953125 0.02783203125 0.04296875
0 0.91064453125 0.439453125 0.01953125 0.095703125
0 0.89892578125 0.44091796875 0.021484375 0.1044921875
0 0.448486328125 0.40380859375 0.02294921875 0.1123046875
0 0.517578125 0.4091796875 0.021484375 0.103515625
