0 0.197998046875 0.37646484375 0.01708984375 0.0830078125
0 0.280517578125 0.40380859375 0.03076171875 0.1474609375
0 0.274169921875 0.404296875 0.03857421875 0.1875
0 0.246826171875 0.41162109375 0.03466796875 0.1689453125
0 0.3017578125 0.39404296875 0.03515625 0.1708984375
0 0.309814453125 0.40869140625 0.03271484375 0.1591796875
0 0.332275390625 0.39501953125 0.03076171875 0.1513671875
0 0.341796875 0.40673828125 0.03125 0.1513671875
0 0.369140625 0.4072265625 0.0322265625 0.15625
0 0.552978515625 0.40478515625 0.00927734375 0.0458984375
0 0.5556640625 0.41015625 0.0107421875 0.052734375
0 0.561767578125 0.404296875 0.01318359375 0.06640625
0 0.58349609375 0.41748046875 0.04296875 0.2119140625
0 0.615234375 0.41552734375 0.0361328125 0.1767578125
0 0.622314453125 0.42919921875 0.04248046875 0.2060546875
0 0.41943359375 0.41796875 0.0458984375 0.224609375
0 0.3828125 0.4267578125 0.046875 0.23046875
0 0.4609375 0.41845703125 0.052734375 0.2587890625
0 0.13818359375 0.353515625 0.009765625 0.046875
0 0.149169921875 0.37158203125 0.01220703125 0.0576171875
0 0.171142578125 0.3837890625 0.02001953125 0.09765625
0 0.15478515625 0.376953125 0.017578125 0.083984375
0 0.131591796875 0.384765625 0.01708984375 0.08203125
0 0.190673828125 0.3837890625 0.02001953125 0.09765625
0 0.213623046875 0.41552734375 0.04248046875 0.2060546875
0 0.06005859375 0.38720703125 0.0224609375 0.0908203125
0 0.037841796875 0.41064453125 0.03857421875 0.1884765625
0 0.01708984375 0.40771484375 0.041015625 0.2001953125
0 0.731201171875 0.40966796875 0.04150390625 0.2021484375
0 0.71240234375 0.42822265625 0.041015625 0.2001953125
0 0.796630859375 0.41015625 0.04248046875 0.20703125
0 0.7763671875 0.41357421875 0.0419921875 0.2041015625
0 0.781982421875 0.419921875 0.04150390625 0.203125
0 0.836181640625 0.408203125 0.04541015625 0.220703125
0 0.8935546875 0.3876953125 0.044921875 0.21875
0 0.918701171875 0.40234375 0.03564453125 0.173828125
0 0.8798828125 0.41650390625 0.0634765625 0.3095703125
0 0.90478515625 0.46728515625 0.046875 0.2275390625
0 0.857421875 0.4296875 0.0654296875 0.318359375
0 0.981689453125 0.44384765625 0.05615234375 0.2744140625
0 0.0927734375 0.443359375 0.08984375 0.4375
