0 0.6005859375 0.41455078125 0.0146484375 0.0732421875
0 0.568115234375 0.4091796875 0.00732421875 0.037109375
0 0.463134765625 0.40576171875 0.01708984375 0.0830078125
0 0.4736328125 0.4111328125 0.0166015625 0.080078125
0 0.453857421875 0.408203125 0.01708984375 0.083984375
0 0.468505859375 0.41162109375 0.02001953125 0.0986328125
0 0.4873046875 0.40625 0.021484375 0.103515625
0 0.42236328125 0.412109375 0.01953125 0.09375
0 0.42724609375 0.412109375 0.01953125 0.095703125
0 0.440185546875 0.41650390625 0.02099609375 0.1025390625
0 0.556640625 0.40966796875 0.0224609375 0.1083984375
0 0.733154296875 0.4296875 0.04736328125 0.23046875
0 0.690185546875 0.4375 0.04052734375 0.197265625
0 0.673095703125 0.42431640625 0.05322265625 0.2607421875
0 0.63525390625 0.4404296875 0.052734375 0.2578125
0 0.36083984375 0.43505859375 0.0283203125 0.1376953125
0 0.318359375 0.431640625 0.0302734375 0.1484375
0 0.30078125 0.43603515625 0.0302734375 0.1474609375
0 0.288330078125 0.4423828125 0.02978515625 0.14453125
0 0.301513671875 0.43359375 0.02783203125 0.134765625
0 0.312744140625 0.44091796875 0.03466796875 0.1708984375
0 0.246826171875 0.43505859375 0.04052734375 0.1962890625
0 0.245849609375 0.435546875 0.06201171875 0.30078125
0 0.110595703125 0.439453125 0.04931640625 0.2421875
0 0.16552734375 0.44287109375 0.060546875 0.2939453125
0 0.5830078125 0.41015625 0.0224609375 0.10546875
