0 0.6630859375 0.392578125 0.01953125 0.095703125
0 0.27783203125 0.3896484375 0.013671875 0.06640625
0 0.2626953125 0.38671875 0.013671875 0.06640625
0 0.322509765625 0.39306640625 0.01708984375 0.0810546875
0 0.297607421875 0.39208984375 0.01318359375 0.0634765625
0 0.26123046875 0.392578125 0.0126953125 0.060546875
0 0.38427734375 0.38818359375 0.0146484375 0.0732421875
0 0.27099609375 0.39013671875 0.0126953125 0.0634765625
0 0.24755859375 0.365234375 0.013671875 0.03515625
0 0.402587890625 0.40283203125 0.01806640625 0.0869140625
0 0.232421875 0.44189453125 0.044921875 0.2177734375
0 0.153076171875 0.427734375 0.04052734375 0.19921875
0 0.3544921875 0.40185546875 0.0244140625 0.1181640625
0 0.376953125 0.39599609375 0.021484375 0.1025390625
0 0.37109375 0.40087890625 0.0185546875 0.0927734375
0 0.771484375 0.3642578125 0.005859375 0.029296875
0 0.3466796875 0.40771484375 0.021484375 0.1044921875
0 0.549560546875 0.3994140625 0.00927734375 0.044921875
0 0.551025390625 0.40771484375 0.00830078125 0.0400390625
0 0.560791015625 0.4052734375 0.01123046875 0.0546875
0 0.554443359375 0.404296875 0.01025390625 0.05078125
0 0.586669921875 0.40625 0.02197265625 0.107421875
0 0.57568359375 0.41259765625 0.0263671875 0.1298828125
0 0.6044921875 0.412109375 0.0263671875 0.126953125
0 0.6337890625 0.40234375 0.025390625 0.123046875
0 0.631591796875 0.40673828125 0.02783203125 0.1357421875
0 0.6533203125 0.40576171875 0.025390625 0.1220703125
0 0.6708984375 0.40673828125 0.025390625 0.1220703125
0 0.689208984375 0.39892578125 0.02587890625 0.1259765625
0 0.787841796875 0.390625 0.02783203125 0.134765625
0 0.693603515625 0.40673828125 0.01904296875 0.0927734375
0 0.704345703125 0.3857421875 0.01708984375 0.083984375
0 0.7099609375 0.4130859375 0.025390625 0.125
0 0.714599609375 0.40625 0.02783203125 0.134765625
0 0.414794921875 0.40234375 0.01904296875 0.091796875
0 0.39208984375 0.40185546875 0.0234375 0.1142578125
0 0.45068359375 0.4033203125 0.0126953125 0.041015625
0 0.73046875 0.376953125 0.02734375 0.076171875
