0 0.454345703125 0.32568359375 0.00439453125 0.0205078125
0 0.460693359375 0.32568359375 0.00439453125 0.0224609375
0 0.465576171875 0.32275390625 0.00341796875 0.0166015625
0 0.468505859375 0.32080078125 0.00439453125 0.0224609375
0 0.470947265625 0.3232421875 0.00439453125 0.0234375
0 0.49072265625 0.3232421875 0.00390625 0.01953125
0 0.488037109375 0.3232421875 0.00439453125 0.01953125
0 0.532470703125 0.3408203125 0.00830078125 0.041015625
0 0.5439453125 0.33984375 0.0087890625 0.04296875
0 0.537841796875 0.34716796875 0.00927734375 0.0458984375
0 0.563232421875 0.34130859375 0.01123046875 0.0537109375
0 0.572265625 0.3505859375 0.0107421875 0.052734375
0 0.58740234375 0.34912109375 0.01171875 0.0576171875
0 0.55224609375 0.38134765625 0.01953125 0.0517578125
0 0.80322265625 0.376953125 0.0107421875 0.02734375
0 0.7890625 0.37890625 0.013671875 0.041015625
0 0.795654296875 0.39599609375 0.01513671875 0.0556640625
0 0.7255859375 0.38623046875 0.02734375 0.0380859375
0 0.732177734375 0.3896484375 0.02001953125 0.041015625
0 0.76171875 0.4033203125 0.0205078125 0.0546875
0 0.777099609375 0.41650390625 0.04052734375 0.0927734375
0 0.88623046875 0.38720703125 0.0166015625 0.0458984375
0 0.8779296875 0.3955078125 0.017578125 0.048828125
0 0.871337890625 0.40771484375 0.01904296875 0.0830078125
0 0.821044921875 0.43798828125 0.04443359375 0.2158203125
0 0.84765625 0.40234375 0.015625 0.0625
0 0.044189453125 0.36865234375 0.00634765625 0.0322265625
0 0.830078125 0.43115234375 0.0537109375 0.2626953125
0 0.858642578125 0.46484375 0.03759765625 0.18359375
0 0.90576171875 0.37939453125 0.0087890625 0.0224609375
0 0.918212890625 0.3994140625 0.01708984375 0.0703125
0 0.906494140625 0.451171875 0.04345703125 0.134765625
0 0.9296875 0.39990234375 0.0234375 0.0634765625
0 0.945068359375 0.39794921875 0.02294921875 0.0693359375
0 0.9580078125 0.4228515625 0.0400390625 0.1015625
0 0.426513671875 0.32958984375 0.00732421875 0.0341796875
0 0.422607421875 0.33251953125 0.00634765625 0.0302734375
0 0.30322265625 0.35009765625 0.01171875 0.0556640625
0 0.281982421875 0.359375 0.00537109375 0.0234375
0 0.28759765625 0.359375 0.0107421875 0.0546875
0 0.265380859375 0.36376953125 0.01220703125 0.0595703125
0 0.27490234375 0.3603515625 0.015625 0.076171875
0 0.25244140625 0.36669921875 0.0107421875 0.0537109375
0 0.235107421875 0.3681640625 0.01513671875 0.07421875
0 0.166748046875 0.3662109375 0.01025390625 0.0234375
0 0.090087890625 0.3671875 0.01904296875 0.09375
0 0.177001953125 0.35498046875 0.00634765625 0.0244140625
0 0.15234375 0.392578125 0.02734375 0.1328125
0 0.09765625 0.36474609375 0.013671875 0.0673828125
0 0.1201171875 0.39404296875 0.025390625 0.1259765625
0 0.031982421875 0.357421875 0.00634765625 0.0234375
0 0.002685546875 0.39794921875 0.04150390625 0.2021484375
0 0.308349609375 0.3515625 0.01123046875 0.0546875
0 0.39013671875 0.4033203125 0.0390625 0.189453125
0 0.367431640625 0.34228515625 0.00634765625 0.0302734375
0 0.416259765625 0.32373046875 0.01123046875 0.0283203125
0 0.49560546875 0.32421875 0.005859375 0.017578125
0 0.513916015625 0.33056640625 0.02880859375 0.0400390625
