0 0.3095703125 0.37939453125 0.0146484375 0.0712890625
0 0.402099609375 0.36279296875 0.01611328125 0.0791015625
0 0.346923828125 0.361328125 0.01806640625 0.087890625
0 0.377685546875 0.37158203125 0.01220703125 0.0595703125
0 0.014892578125 0.37353515625 0.01025390625 0.0341796875
0 0.383544921875 0.3681640625 0.01513671875 0.07421875
0 0.36474609375 0.37060546875 0.0166015625 0.0810546875
0 0.35400390625 0.359375 0.0205078125 0.099609375
0 0.3564453125 0.38525390625 0.0009765625 0.0126953125
0 0.36962890625 0.34033203125 0.0205078125 0.0537109375
0 0.3740234375 0.37890625 0.0068359375 0.0234375
