0 0.640625 0.39013671875 0.0048828125 0.0224609375
0 0.636474609375 0.4013671875 0.00537109375 0.02734375
0 0.646484375 0.38525390625 0.0048828125 0.0244140625
0 0.650146484375 0.390625 0.00537109375 0.025390625
0 0.66455078125 0.3779296875 0.00390625 0.01953125
0 0.655029296875 0.3896484375 0.00439453125 0.0234375
0 0.677978515625 0.380859375 0.00537109375 0.025390625
0 0.662109375 0.39306640625 0.0068359375 0.0322265625
0 0.662353515625 0.42822265625 0.01806640625 0.0888671875
0 0.6845703125 0.419921875 0.013671875 0.06640625
0 0.69580078125 0.4208984375 0.013671875 0.06640625
0 0.71435546875 0.42431640625 0.0166015625 0.0810546875
0 0.675048828125 0.4423828125 0.02783203125 0.134765625
0 0.658447265625 0.4736328125 0.01513671875 0.076171875
0 0.646240234375 0.43505859375 0.01513671875 0.0751953125
0 0.590576171875 0.42431640625 0.01220703125 0.0595703125
0 0.53369140625 0.42724609375 0.01171875 0.0576171875
0 0.165283203125 0.4560546875 0.01025390625 0.052734375
0 0.1552734375 0.46630859375 0.0185546875 0.0810546875
0 0.2001953125 0.451171875 0.0146484375 0.0703125
0 0.200927734375 0.43310546875 0.00927734375 0.0185546875
0 0.2060546875 0.43505859375 0.005859375 0.0166015625
0 0.239990234375 0.4609375 0.00341796875 0.00390625
0 0.182373046875 0.47607421875 0.02587890625 0.1103515625
0 0.24169921875 0.44091796875 0.0087890625 0.0380859375
0 0.251220703125 0.44091796875 0.01220703125 0.0302734375
0 0.160888671875 0.5126953125 0.03369140625 0.041015625
0 0.26318359375 0.4404296875 0.01953125 0.037109375
0 0.28857421875 0.466796875 0.03515625 0.123046875
0 0.359130859375 0.4619140625 0.01220703125 0.076171875
0 0.37890625 0.46484375 0.0185546875 0.09375
0 0.342041015625 0.4716796875 0.02880859375 0.140625
0 0.512939453125 0.43408203125 0.01416015625 0.0693359375
0 0.525146484375 0.42822265625 0.01708984375 0.0810546875
0 0.498046875 0.4404296875 0.01953125 0.09765625
0 0.027587890625 0.474609375 0.05224609375 0.255859375
0 0.120849609375 0.46435546875 0.04736328125 0.2314453125
0 0.13623046875 0.47119140625 0.046875 0.2275390625
0 0.073486328125 0.47021484375 0.04736328125 0.2314453125
0 0.06494140625 0.47705078125 0.0595703125 0.2900390625
0 0.84228515625 0.458984375 0.0615234375 0.146484375
0 0.9375 0.4501953125 0.0498046875 0.1484375
0 0.97119140625 0.43017578125 0.0263671875 0.0771484375
0 0.407470703125 0.46875 0.06005859375 0.29296875
0 0.312744140625 0.44189453125 0.02001953125 0.0361328125
0 0.36376953125 0.43359375 0.0185546875 0.03515625
