0 0.2890625 0.4560546875 0.0166015625 0.080078125
0 0.282470703125 0.46630859375 0.01806640625 0.0888671875
0 0.270263671875 0.4677734375 0.02001953125 0.09765625
0 0.26123046875 0.47412109375 0.0224609375 0.1083984375
0 0.254638671875 0.462890625 0.02685546875 0.130859375
0 0.2421875 0.47412109375 0.0205078125 0.0986328125
0 0.23583984375 0.47119140625 0.0234375 0.1142578125
0 0.228759765625 0.462890625 0.02783203125 0.134765625
0 0.212158203125 0.4755859375 0.02099609375 0.1015625
0 0.22265625 0.46875 0.02734375 0.1328125
0 0.199462890625 0.46728515625 0.02490234375 0.1201171875
0 0.169189453125 0.46728515625 0.02685546875 0.1318359375
0 0.14306640625 0.46533203125 0.02734375 0.1318359375
0 0.1201171875 0.4716796875 0.0244140625 0.1171875
0 0.039306640625 0.47412109375 0.03173828125 0.1533203125
0 0.552001953125 0.4658203125 0.02294921875 0.111328125
0 0.55419921875 0.4736328125 0.0205078125 0.099609375
0 0.796630859375 0.45654296875 0.01904296875 0.0927734375
0 0.79443359375 0.455078125 0.0205078125 0.099609375
0 0.8154296875 0.46044921875 0.0185546875 0.0908203125
0 0.813232421875 0.45556640625 0.02099609375 0.1025390625
0 0.87939453125 0.44580078125 0.0234375 0.1162109375
0 0.900634765625 0.44873046875 0.02197265625 0.1083984375
0 0.400634765625 0.46728515625 0.00830078125 0.0146484375
0 0.8701171875 0.42236328125 0.0087890625 0.0380859375
0 0.86962890625 0.4736328125 0.0068359375 0.0546875
0 0.889892578125 0.4765625 0.01416015625 0.052734375
0 0.907470703125 0.470703125 0.00732421875 0.033203125
