0 0.54345703125 0.43603515625 0.0068359375 0.0244140625
0 0.55419921875 0.42919921875 0.01171875 0.0576171875
0 0.520751953125 0.43115234375 0.00634765625 0.0322265625
0 0.5703125 0.42431640625 0.01171875 0.0576171875
0 0.567138671875 0.42626953125 0.01318359375 0.0634765625
0 0.3583984375 0.4072265625 0.0087890625 0.025390625
0 0.364501953125 0.41455078125 0.00830078125 0.0400390625
0 0.38623046875 0.41259765625 0.0087890625 0.0419921875
0 0.399169921875 0.41796875 0.00732421875 0.037109375
0 0.450927734375 0.41845703125 0.01025390625 0.0517578125
0 0.78076171875 0.44384765625 0.0283203125 0.1396484375
0 0.83154296875 0.46484375 0.0322265625 0.111328125
0 0.121337890625 0.42138671875 0.06201171875 0.3037109375
0 0.068603515625 0.43310546875 0.05615234375 0.2744140625
0 0.108154296875 0.48828125 0.08740234375 0.42578125
0 0.222900390625 0.44140625 0.05810546875 0.283203125
0 0.24853515625 0.43896484375 0.0673828125 0.3291015625
0 0.177734375 0.45654296875 0.064453125 0.3134765625
0 0.08984375 0.4931640625 0.123046875 0.599609375
