0 0.55615234375 0.51220703125 0.0048828125 0.0185546875
0 0.55224609375 0.51025390625 0.00390625 0.0205078125
0 0.588134765625 0.49365234375 0.00830078125 0.0400390625
0 0.58349609375 0.4912109375 0.0087890625 0.041015625
0 0.610595703125 0.49072265625 0.02294921875 0.0439453125
0 0.613037109375 0.49169921875 0.00732421875 0.0341796875
0 0.6689453125 0.48291015625 0.005859375 0.0302734375
0 0.616455078125 0.4892578125 0.00732421875 0.037109375
0 0.666748046875 0.484375 0.00732421875 0.03515625
0 0.656005859375 0.48486328125 0.00634765625 0.0322265625
0 0.659912109375 0.482421875 0.00732421875 0.03515625
0 0.6611328125 0.484375 0.0068359375 0.033203125
0 0.387451171875 0.50537109375 0.01611328125 0.0771484375
0 0.376953125 0.501953125 0.0166015625 0.080078125
0 0.37060546875 0.50390625 0.005859375 0.0703125
0 0.361328125 0.51416015625 0.0146484375 0.0712890625
0 0.344970703125 0.51025390625 0.01611328125 0.0771484375
0 0.48681640625 0.49951171875 0.013671875 0.0673828125
0 0.4794921875 0.51416015625 0.0078125 0.0380859375
0 0.33447265625 0.50537109375 0.017578125 0.0849609375
0 0.85009765625 0.505859375 0.06640625 0.32421875
0 0.957275390625 0.51171875 0.06591796875 0.3203125
0 0.908447265625 0.5244140625 0.06201171875 0.302734375
0 0.59521484375 0.49560546875 0.0078125 0.0400390625
0 0.69970703125 0.47509765625 0.005859375 0.0283203125
0 0.75048828125 0.48095703125 0.0107421875 0.0537109375
0 0.570556640625 0.50830078125 0.01220703125 0.0244140625
0 0.638427734375 0.49462890625 0.00439453125 0.0205078125
0 0.6455078125 0.49462890625 0.0048828125 0.0244140625
0 0.68505859375 0.478515625 0.0029296875 0.013671875
0 0.69287109375 0.47607421875 0.005859375 0.0263671875
