0 0.48193359375 0.3427734375 0.00390625 0.01953125
0 0.47998046875 0.345703125 0.0048828125 0.0234375
0 0.48681640625 0.34521484375 0.005859375 0.0283203125
0 0.4931640625 0.345703125 0.00390625 0.01953125
0 0.504638671875 0.345703125 0.00439453125 0.021484375
0 0.535400390625 0.3427734375 0.00537109375 0.025390625
0 0.53955078125 0.345703125 0.005859375 0.03125
0 0.54345703125 0.34912109375 0.0078125 0.0361328125
0 0.548828125 0.3486328125 0.0078125 0.037109375
0 0.5517578125 0.34619140625 0.0078125 0.0400390625
0 0.55859375 0.34326171875 0.005859375 0.0283203125
0 0.5634765625 0.3486328125 0.0068359375 0.03515625
0 0.56884765625 0.3544921875 0.009765625 0.048828125
0 0.582763671875 0.35205078125 0.01123046875 0.0537109375
0 0.646728515625 0.35888671875 0.01708984375 0.0849609375
0 0.629150390625 0.3642578125 0.01513671875 0.07421875
0 0.793212890625 0.42236328125 0.04541015625 0.2216796875
0 0.765625 0.43212890625 0.052734375 0.2587890625
0 0.447265625 0.34521484375 0.0078125 0.0400390625
0 0.420166015625 0.3447265625 0.00732421875 0.037109375
0 0.4375 0.3466796875 0.0078125 0.0390625
0 0.414794921875 0.3486328125 0.00830078125 0.041015625
0 0.427001953125 0.34228515625 0.00830078125 0.0419921875
0 0.345458984375 0.3564453125 0.01513671875 0.07421875
0 0.360595703125 0.35400390625 0.01611328125 0.0771484375
0 0.010009765625 0.3701171875 0.00927734375 0.046875
0 0.079833984375 0.39990234375 0.02001953125 0.0986328125
0 0.1064453125 0.3837890625 0.009765625 0.046875
0 0.09033203125 0.38525390625 0.025390625 0.1240234375
0 0.156005859375 0.37548828125 0.02783203125 0.1357421875
0 0.1943359375 0.3828125 0.0234375 0.11328125
0 0.23974609375 0.35888671875 0.0126953125 0.0634765625
0 0.498779296875 0.35546875 0.01025390625 0.048828125
0 0.179931640625 0.35546875 0.02197265625 0.107421875
0 0.6376953125 0.4150390625 0.033203125 0.087890625
0 0.5185546875 0.34423828125 0.0087890625 0.0263671875
