0 0.666015625 0.384765625 0.0087890625 0.04296875
0 0.669189453125 0.39453125 0.01123046875 0.052734375
0 0.661376953125 0.396484375 0.01220703125 0.05859375
0 0.614501953125 0.39453125 0.01318359375 0.0625
0 0.609375 0.39599609375 0.0146484375 0.0712890625
0 0.623046875 0.39599609375 0.0146484375 0.0693359375
0 0.638916015625 0.39111328125 0.01220703125 0.0615234375
0 0.634521484375 0.3896484375 0.01416015625 0.0703125
0 0.63232421875 0.39208984375 0.0166015625 0.0810546875
0 0.6513671875 0.39892578125 0.01171875 0.0576171875
0 0.64404296875 0.3974609375 0.0146484375 0.0703125
0 0.5859375 0.39501953125 0.0126953125 0.0615234375
0 0.372802734375 0.43505859375 0.09912109375 0.4833984375
0 0.560546875 0.4755859375 0.0830078125 0.404296875
0 0.718505859375 0.4443359375 0.07763671875 0.37890625
0 0.36181640625 0.4716796875 0.08984375 0.4375
0 0.60107421875 0.3935546875 0.0126953125 0.060546875
0 0.751708984375 0.38037109375 0.02587890625 0.1259765625
