0 0.885498046875 0.31787109375 0.01708984375 0.0400390625
0 0.3505859375 0.3671875 0.0068359375 0.021484375
0 0.34375 0.3662109375 0.0078125 0.0234375
0 0.36767578125 0.37451171875 0.0068359375 0.0341796875
0 0.392333984375 0.39208984375 0.01318359375 0.0634765625
0 0.3857421875 0.3896484375 0.0146484375 0.0703125
0 0.433837890625 0.3955078125 0.01318359375 0.0625
0 0.434326171875 0.392578125 0.01513671875 0.072265625
0 0.601806640625 0.3779296875 0.00830078125 0.041015625
0 0.59765625 0.37255859375 0.0078125 0.0380859375
0 0.597412109375 0.38232421875 0.00927734375 0.0439453125
0 0.944091796875 0.3505859375 0.01220703125 0.03515625
0 0.96875 0.31640625 0.0126953125 0.033203125
0 0.962646484375 0.31689453125 0.01708984375 0.0302734375
0 0.979248046875 0.32080078125 0.01123046875 0.0517578125
0 0.588623046875 0.3779296875 0.00830078125 0.0625
