0 0.5771484375 0.38037109375 0.0107421875 0.0517578125
0 0.760986328125 0.3798828125 0.01123046875 0.0546875
0 0.777099609375 0.390625 0.00634765625 0.03125
0 0.804931640625 0.37646484375 0.01708984375 0.0830078125
0 0.8212890625 0.37548828125 0.017578125 0.0869140625
0 0.806640625 0.37744140625 0.0166015625 0.0810546875
0 0.797119140625 0.37744140625 0.02001953125 0.0986328125
0 0.8125 0.38330078125 0.0185546875 0.0888671875
0 0.6806640625 0.3916015625 0.0068359375 0.033203125
0 0.91845703125 0.41162109375 0.0400390625 0.1943359375
0 0.89208984375 0.41162109375 0.0419921875 0.2021484375
0 0.5234375 0.41650390625 0.04296875 0.2080078125
0 0.7041015625 0.3994140625 0.0498046875 0.2421875
0 0.4794921875 0.40869140625 0.044921875 0.2197265625
0 0.734130859375 0.40966796875 0.04833984375 0.2333984375
0 0.4248046875 0.396484375 0.03125 0.154296875
0 0.35693359375 0.3935546875 0.03515625 0.171875
0 0.613037109375 0.390625 0.01708984375 0.033203125
0 0.011962890625 0.44140625 0.05322265625 0.26171875
0 0.548095703125 0.373046875 0.01806640625 0.087890625
0 0.60205078125 0.3779296875 0.0126953125 0.0625
0 0.584228515625 0.3837890625 0.00927734375 0.046875
0 0.656982421875 0.3955078125 0.00537109375 0.025390625
