0 0.56005859375 0.3427734375 0.013671875 0.06640625
0 0.552734375 0.34326171875 0.0146484375 0.0732421875
0 0.574462890625 0.3447265625 0.01611328125 0.078125
0 0.56591796875 0.345703125 0.015625 0.076171875
0 0.307373046875 0.36767578125 0.04638671875 0.2255859375
0 0.303955078125 0.40576171875 0.03759765625 0.1826171875
0 0.36181640625 0.3818359375 0.04296875 0.208984375
0 0.355712890625 0.39111328125 0.04541015625 0.2197265625
0 0.69677734375 0.42138671875 0.046875 0.2275390625
0 0.760986328125 0.39892578125 0.04931640625 0.2412109375
