0 0.064453125 0.40625 0.021484375 0.103515625
0 0.041015625 0.42431640625 0.044921875 0.2177734375
0 0.12646484375 0.41748046875 0.0380859375 0.0830078125
0 0.133056640625 0.416015625 0.04345703125 0.08203125
0 0.1337890625 0.4208984375 0.025390625 0.083984375
0 0.13720703125 0.43798828125 0.0576171875 0.1240234375
0 0.182373046875 0.40771484375 0.04443359375 0.2177734375
0 0.28759765625 0.4111328125 0.0419921875 0.20703125
0 0.255615234375 0.40966796875 0.04541015625 0.2216796875
0 0.370361328125 0.42236328125 0.04638671875 0.2255859375
0 0.84228515625 0.39013671875 0.0341796875 0.1669921875
0 0.8095703125 0.39990234375 0.0322265625 0.1572265625
0 0.843505859375 0.39697265625 0.03857421875 0.1884765625
0 0.8876953125 0.38818359375 0.0380859375 0.1865234375
0 0.966064453125 0.39990234375 0.03173828125 0.1552734375
0 0.403076171875 0.42724609375 0.04443359375 0.2158203125
