0 0.00341796875 0.408203125 0.015625 0.076171875
0 0.0087890625 0.41357421875 0.0126953125 0.0615234375
0 0.248291015625 0.3994140625 0.02587890625 0.125
0 0.41650390625 0.3896484375 0.0126953125 0.060546875
0 0.2763671875 0.4013671875 0.025390625 0.123046875
0 0.399169921875 0.3896484375 0.01318359375 0.064453125
0 0.482666015625 0.388671875 0.01123046875 0.0546875
0 0.52490234375 0.39111328125 0.0107421875 0.0537109375
0 0.69140625 0.38525390625 0.009765625 0.0478515625
0 0.71630859375 0.38037109375 0.013671875 0.0654296875
0 0.843017578125 0.40625 0.03662109375 0.1796875
0 0.69970703125 0.37841796875 0.0078125 0.0380859375
