0 0.1044921875 0.37939453125 0.009765625 0.0478515625
0 0.114013671875 0.3779296875 0.00927734375 0.044921875
0 0.108642578125 0.37890625 0.01025390625 0.05078125
0 0.13818359375 0.37451171875 0.01171875 0.0556640625
0 0.818603515625 0.41015625 0.01904296875 0.091796875
0 0.877685546875 0.41552734375 0.01708984375 0.0830078125
0 0.675048828125 0.4208984375 0.03662109375 0.177734375
0 0.2275390625 0.400390625 0.025390625 0.125
0 0.226806640625 0.40625 0.02490234375 0.123046875
0 0.246826171875 0.3955078125 0.02978515625 0.14453125
