0 0.191162109375 0.4033203125 0.02490234375 0.12109375
0 0.212646484375 0.40478515625 0.02587890625 0.1259765625
0 0.173828125 0.400390625 0.02734375 0.1328125
0 0.2236328125 0.40478515625 0.0302734375 0.1474609375
0 0.16943359375 0.3984375 0.0302734375 0.146484375
0 0.031005859375 0.3818359375 0.01708984375 0.046875
0 0.052001953125 0.38720703125 0.02294921875 0.0458984375
0 0.034912109375 0.390625 0.02392578125 0.041015625
0 0.146484375 0.4052734375 0.02734375 0.1328125
0 0.08544921875 0.42626953125 0.03515625 0.1728515625
