0 0.552001953125 0.4013671875 0.01220703125 0.060546875
0 0.545166015625 0.4052734375 0.01123046875 0.0546875
0 0.556640625 0.4052734375 0.0126953125 0.0625
0 0.58642578125 0.41162109375 0.0205078125 0.0986328125
0 0.6103515625 0.40625 0.0244140625 0.119140625
0 0.5986328125 0.4169921875 0.0283203125 0.138671875
0 0.628662109375 0.408203125 0.03076171875 0.150390625
0 0.25341796875 0.4609375 0.0478515625 0.234375
0 0.564208984375 0.40625 0.01220703125 0.060546875
0 0.53466796875 0.40185546875 0.017578125 0.0419921875
