0 0.521240234375 0.39306640625 0.01220703125 0.0595703125
0 0.538818359375 0.3916015625 0.01220703125 0.060546875
0 0.733642578125 0.4072265625 0.01025390625 0.05078125
0 0.769287109375 0.40625 0.00439453125 0.0234375
0 0.76318359375 0.40673828125 0.0048828125 0.0244140625
0 0.8974609375 0.40771484375 0.0205078125 0.0986328125
0 0.7138671875 0.3994140625 0.013671875 0.06640625
0 0.724365234375 0.40087890625 0.01123046875 0.0556640625
0 0.62646484375 0.390625 0.0263671875 0.12890625
0 0.65869140625 0.3984375 0.02734375 0.134765625
0 0.722412109375 0.3828125 0.00146484375 0.001953125
0 0.727783203125 0.38232421875 0.00048828125 0.0029296875
