0 0.50927734375 0.4287109375 0.0087890625 0.04296875
0 0.49072265625 0.43701171875 0.0107421875 0.0517578125
0 0.50146484375 0.4306640625 0.0078125 0.0390625
0 0.484375 0.43359375 0.01171875 0.056640625
0 0.451416015625 0.44482421875 0.01513671875 0.0732421875
0 0.197265625 0.46728515625 0.0400390625 0.1943359375
0 0.24658203125 0.46923828125 0.041015625 0.2001953125
0 0.050048828125 0.46044921875 0.05908203125 0.2880859375
0 0.466796875 0.43896484375 0.013671875 0.0654296875
0 0.5439453125 0.42333984375 0.005859375 0.0283203125
0 0.659423828125 0.42822265625 0.01220703125 0.0595703125
0 0.7509765625 0.4560546875 0.0341796875 0.166015625
0 0.552001953125 0.41796875 0.00439453125 0.0234375
0 0.751220703125 0.43896484375 0.04345703125 0.2119140625
