0 0.740478515625 0.3984375 0.00634765625 0.029296875
0 0.750732421875 0.400390625 0.00537109375 0.02734375
0 0.44189453125 0.38427734375 0.0087890625 0.0419921875
0 0.563232421875 0.404296875 0.01806640625 0.046875
0 0.55810546875 0.40771484375 0.013671875 0.0458984375
0 0.544921875 0.39892578125 0.013671875 0.0654296875
0 0.535888671875 0.3984375 0.01416015625 0.068359375
0 0.564208984375 0.3974609375 0.01416015625 0.0703125
0 0.6357421875 0.3994140625 0.01171875 0.056640625
0 0.62890625 0.39990234375 0.01171875 0.0576171875
0 0.7109375 0.3974609375 0.0107421875 0.052734375
0 0.879638671875 0.41650390625 0.02099609375 0.1025390625
0 0.977294921875 0.48828125 0.10986328125 0.537109375
0 0.138427734375 0.39697265625 0.01806640625 0.0869140625
0 0.764892578125 0.3974609375 0.02197265625 0.041015625
