0 0.002197265625 0.4248046875 0.05419921875 0.263671875
0 0.235107421875 0.42138671875 0.02783203125 0.1357421875
0 0.375 0.42431640625 0.0185546875 0.0908203125
0 0.246337890625 0.416015625 0.01708984375 0.083984375
0 0.451416015625 0.41552734375 0.00732421875 0.0361328125
0 0.323486328125 0.4248046875 0.02587890625 0.125
0 0.669189453125 0.42919921875 0.02001953125 0.0966796875
0 0.55224609375 0.4130859375 0.0068359375 0.03515625
0 0.5810546875 0.4091796875 0.013671875 0.068359375
0 0.6123046875 0.41162109375 0.013671875 0.0673828125
0 0.589111328125 0.41259765625 0.01220703125 0.0595703125
0 0.59521484375 0.41162109375 0.0126953125 0.0615234375
0 0.602294921875 0.41357421875 0.01806640625 0.0869140625
0 0.62060546875 0.4140625 0.0166015625 0.08203125
0 0.645751953125 0.4189453125 0.05029296875 0.244140625
0 0.680908203125 0.4091796875 0.02978515625 0.146484375
0 0.726806640625 0.42236328125 0.03662109375 0.1787109375
0 0.763671875 0.41748046875 0.0380859375 0.1845703125
0 0.828125 0.4013671875 0.0380859375 0.185546875
0 0.82568359375 0.41845703125 0.0390625 0.1904296875
0 0.887939453125 0.40869140625 0.03076171875 0.1513671875
0 0.41796875 0.41650390625 0.0146484375 0.0693359375
0 0.54541015625 0.41796875 0.013671875 0.029296875
0 0.565673828125 0.4169921875 0.02197265625 0.052734375
