0 0.50439453125 0.40576171875 0.0048828125 0.0244140625
0 0.51025390625 0.4072265625 0.005859375 0.029296875
0 0.55859375 0.40478515625 0.0068359375 0.0341796875
0 0.56689453125 0.404296875 0.0078125 0.0390625
0 0.59423828125 0.4091796875 0.0107421875 0.052734375
0 0.615478515625 0.40576171875 0.01123046875 0.0537109375
0 0.666748046875 0.40087890625 0.02001953125 0.0966796875
0 0.737548828125 0.400390625 0.02587890625 0.126953125
0 0.37939453125 0.41455078125 0.0078125 0.0361328125
0 0.296142578125 0.4345703125 0.01318359375 0.029296875
0 0.277587890625 0.43505859375 0.01318359375 0.0634765625
0 0.2646484375 0.4365234375 0.013671875 0.06640625
0 0.4853515625 0.40576171875 0.0048828125 0.0224609375
0 0.470703125 0.404296875 0.0048828125 0.021484375
0 0.534423828125 0.4091796875 0.01220703125 0.037109375
