0 0.600341796875 0.455078125 0.01318359375 0.0625
0 0.59375 0.45458984375 0.0146484375 0.0732421875
0 0.582763671875 0.4580078125 0.01611328125 0.080078125
0 0.560546875 0.44384765625 0.0224609375 0.1083984375
0 0.51123046875 0.4501953125 0.0205078125 0.099609375
0 0.468017578125 0.44677734375 0.02685546875 0.1298828125
0 0.362548828125 0.439453125 0.03955078125 0.193359375
0 0.333984375 0.4345703125 0.037109375 0.181640625
0 0.32421875 0.435546875 0.0400390625 0.1953125
0 0.31494140625 0.42431640625 0.044921875 0.2197265625
0 0.686279296875 0.42724609375 0.03564453125 0.1748046875
0 0.572509765625 0.4560546875 0.01416015625 0.07421875
