0 0.1708984375 0.35205078125 0.044921875 0.2197265625
0 0.388671875 0.34814453125 0.01171875 0.0556640625
0 0.38330078125 0.3525390625 0.0185546875 0.091796875
0 0.400146484375 0.3564453125 0.01611328125 0.078125
0 0.4521484375 0.35400390625 0.0048828125 0.0244140625
0 0.4580078125 0.35546875 0.00390625 0.021484375
0 0.466552734375 0.35302734375 0.00439453125 0.0224609375
0 0.55419921875 0.3447265625 0.01171875 0.056640625
0 0.633544921875 0.34619140625 0.02001953125 0.0966796875
0 0.661865234375 0.34912109375 0.01806640625 0.0869140625
0 0.6591796875 0.359375 0.029296875 0.142578125
0 0.5673828125 0.369140625 0.0283203125 0.138671875
0 0.54443359375 0.3525390625 0.0322265625 0.15625
0 0.519287109375 0.35986328125 0.03076171875 0.1494140625
0 0.414306640625 0.35205078125 0.01123046875 0.0556640625
0 0.445068359375 0.35107421875 0.01416015625 0.0693359375
0 0.36865234375 0.3720703125 0.0263671875 0.12890625
0 0.32373046875 0.35888671875 0.029296875 0.1435546875
0 0.211669921875 0.361328125 0.04345703125 0.2109375
0 0.01806640625 0.375 0.060546875 0.296875
0 0.072265625 0.37255859375 0.064453125 0.3134765625
0 0.77587890625 0.3681640625 0.0439453125 0.21484375
0 0.737060546875 0.375 0.04248046875 0.205078125
0 0.836669921875 0.36572265625 0.05126953125 0.2509765625
0 0.880859375 0.36083984375 0.0537109375 0.2607421875
0 0.616455078125 0.35205078125 0.01708984375 0.0830078125
0 0.432861328125 0.349609375 0.01416015625 0.0703125
0 0.257080078125 0.36083984375 0.02978515625 0.1435546875
0 0.508544921875 0.3525390625 0.01220703125 0.033203125
0 0.57568359375 0.32666015625 0.00390625 0.0244140625
0 0.583984375 0.3310546875 0.0087890625 0.033203125
0 0.62548828125 0.32958984375 0.0087890625 0.0361328125
0 0.625732421875 0.36474609375 0.00830078125 0.0322265625
