0 0.17529296875 0.423828125 0.01171875 0.056640625
0 0.0673828125 0.42578125 0.01953125 0.095703125
0 0.059326171875 0.42236328125 0.02294921875 0.1123046875
0 0.08154296875 0.4287109375 0.0205078125 0.1015625
0 0.038818359375 0.416015625 0.02490234375 0.123046875
0 0.345458984375 0.41552734375 0.01025390625 0.0498046875
0 0.416015625 0.40234375 0.017578125 0.0859375
0 0.375 0.40673828125 0.0302734375 0.1494140625
0 0.5009765625 0.3955078125 0.0185546875 0.08984375
0 0.498046875 0.39404296875 0.01953125 0.0947265625
0 0.2587890625 0.39111328125 0.0244140625 0.1201171875
0 0.36181640625 0.41357421875 0.0107421875 0.0556640625
