0 0.406982421875 0.41162109375 0.01025390625 0.0517578125
0 0.413330078125 0.412109375 0.01123046875 0.0546875
0 0.449462890625 0.4111328125 0.01123046875 0.0546875
0 0.448486328125 0.40966796875 0.01123046875 0.0556640625
0 0.455322265625 0.412109375 0.00927734375 0.046875
0 0.460205078125 0.40966796875 0.01025390625 0.0517578125
0 0.46484375 0.4072265625 0.0107421875 0.052734375
0 0.46875 0.40869140625 0.0107421875 0.0537109375
0 0.682861328125 0.42919921875 0.02978515625 0.1435546875
0 0.452392578125 0.4150390625 0.01220703125 0.05859375
0 0.66064453125 0.41943359375 0.025390625 0.1240234375
0 0.673828125 0.42919921875 0.0263671875 0.1298828125
0 0.559814453125 0.41357421875 0.00830078125 0.0400390625
0 0.5693359375 0.41455078125 0.01171875 0.0576171875
0 0.580322265625 0.41064453125 0.00927734375 0.0458984375
0 0.587646484375 0.4111328125 0.00927734375 0.044921875
0 0.742919921875 0.42578125 0.02978515625 0.146484375
0 0.59326171875 0.41162109375 0.01171875 0.0576171875
0 0.60107421875 0.4130859375 0.01171875 0.05859375
0 0.6162109375 0.4208984375 0.01953125 0.09375
0 0.669921875 0.4326171875 0.029296875 0.142578125
0 0.645263671875 0.435546875 0.03369140625 0.1640625
0 0.73486328125 0.4306640625 0.03125 0.15234375
0 0.70556640625 0.4287109375 0.033203125 0.162109375
0 0.689697265625 0.4228515625 0.03662109375 0.1796875
0 0.713623046875 0.43310546875 0.02978515625 0.1435546875
0 0.755126953125 0.435546875 0.03173828125 0.154296875
0 0.7275390625 0.42578125 0.0341796875 0.166015625
0 0.77587890625 0.42724609375 0.0361328125 0.1767578125
0 0.31689453125 0.419921875 0.025390625 0.125
0 0.3447265625 0.421875 0.0224609375 0.111328125
0 0.409423828125 0.4111328125 0.01025390625 0.05078125
0 0.42333984375 0.39111328125 0.0146484375 0.0087890625
