0 0.14990234375 0.435546875 0.005859375 0.029296875
0 0.32470703125 0.42431640625 0.005859375 0.0283203125
0 0.421142578125 0.4306640625 0.01318359375 0.064453125
0 0.2412109375 0.44970703125 0.0341796875 0.1669921875
0 0.269287109375 0.45361328125 0.03271484375 0.1591796875
0 0.41259765625 0.42919921875 0.013671875 0.0673828125
0 0.360107421875 0.4404296875 0.01904296875 0.091796875
0 0.353271484375 0.44140625 0.02001953125 0.09765625
0 0.3984375 0.4326171875 0.013671875 0.06640625
0 0.410888671875 0.43408203125 0.01318359375 0.0634765625
0 0.48046875 0.41455078125 0.0068359375 0.0341796875
0 0.47314453125 0.41015625 0.0078125 0.037109375
0 0.517822265625 0.421875 0.01318359375 0.06640625
0 0.40234375 0.40625 0.0048828125 0.009765625
0 0.4033203125 0.4482421875 0.0048828125 0.029296875
0 0.405029296875 0.42529296875 0.00048828125 0.0029296875
0 0.49609375 0.41162109375 0.0078125 0.0302734375
