0 0.64697265625 0.40185546875 0.0078125 0.0400390625
0 0.638671875 0.400390625 0.0087890625 0.044921875
0 0.623291015625 0.390625 0.01318359375 0.0625
0 0.56201171875 0.384765625 0.0126953125 0.0625
0 0.661865234375 0.365234375 0.01611328125 0.078125
0 0.745361328125 0.380859375 0.04248046875 0.20703125
0 0.711669921875 0.36767578125 0.04345703125 0.2099609375
0 0.549560546875 0.38623046875 0.01220703125 0.0595703125
0 0.549072265625 0.384765625 0.01220703125 0.060546875
0 0.5458984375 0.3798828125 0.0146484375 0.072265625
0 0.58935546875 0.39013671875 0.015625 0.0654296875
