0 0.470458984375 0.3798828125 0.00439453125 0.021484375
0 0.43017578125 0.380859375 0.0068359375 0.033203125
0 0.44775390625 0.37744140625 0.005859375 0.0283203125
0 0.417236328125 0.38818359375 0.00830078125 0.0400390625
0 0.55615234375 0.3828125 0.009765625 0.046875
0 0.568603515625 0.384765625 0.01416015625 0.068359375
0 0.58349609375 0.380859375 0.013671875 0.06640625
0 0.59130859375 0.3837890625 0.013671875 0.068359375
0 0.22509765625 0.4365234375 0.015625 0.076171875
0 0.34912109375 0.4091796875 0.021484375 0.10546875
0 0.480712890625 0.38330078125 0.00634765625 0.0302734375
