0 0.781494140625 0.3779296875 0.01123046875 0.052734375
0 0.50048828125 0.39111328125 0.0126953125 0.0595703125
0 0.474365234375 0.39111328125 0.01708984375 0.0830078125
0 0.465576171875 0.47705078125 0.06396484375 0.3115234375
0 0.213623046875 0.4287109375 0.06298828125 0.306640625
0 0.845458984375 0.39599609375 0.02685546875 0.1298828125
0 0.87060546875 0.39990234375 0.0244140625 0.1201171875
0 0.96240234375 0.3779296875 0.01171875 0.056640625
0 0.950927734375 0.376953125 0.01318359375 0.064453125
0 0.940673828125 0.38134765625 0.01416015625 0.0673828125
0 0.907470703125 0.40234375 0.02294921875 0.111328125
0 0.151123046875 0.412109375 0.02197265625 0.107421875
0 0.93359375 0.39892578125 0.025390625 0.1259765625
0 0.143310546875 0.40869140625 0.02392578125 0.1162109375
0 0.18017578125 0.416015625 0.0205078125 0.099609375
0 0.1845703125 0.4150390625 0.021484375 0.103515625
0 0.773193359375 0.38818359375 0.01708984375 0.0830078125
0 0.921142578125 0.388671875 0.01611328125 0.087890625
0 0.952392578125 0.35986328125 0.01513671875 0.0185546875
