0 0.33203125 0.443359375 0.01953125 0.095703125
0 0.3505859375 0.4365234375 0.01953125 0.09375
0 0.3935546875 0.44921875 0.0166015625 0.046875
0 0.600830078125 0.44287109375 0.01025390625 0.0498046875
0 0.590576171875 0.44287109375 0.01025390625 0.0478515625
0 0.516845703125 0.4453125 0.00732421875 0.033203125
0 0.5361328125 0.44287109375 0.0087890625 0.0419921875
0 0.5234375 0.44384765625 0.0087890625 0.0419921875
0 0.4921875 0.44873046875 0.0068359375 0.0322265625
0 0.428466796875 0.43505859375 0.01806640625 0.0888671875
0 0.633544921875 0.4443359375 0.02099609375 0.052734375
0 0.23974609375 0.42822265625 0.052734375 0.2568359375
0 0.6513671875 0.43310546875 0.017578125 0.0869140625
0 0.6875 0.4345703125 0.017578125 0.083984375
0 0.7685546875 0.42626953125 0.01953125 0.0947265625
0 0.752197265625 0.41943359375 0.02880859375 0.1416015625
0 0.92333984375 0.42333984375 0.041015625 0.2001953125
0 0.947265625 0.4248046875 0.04296875 0.208984375
0 0.995849609375 0.421875 0.04638671875 0.2265625
0 0.95556640625 0.4384765625 0.0439453125 0.21484375
0 0.91162109375 0.42724609375 0.048828125 0.2392578125
0 0.5810546875 0.435546875 0.0107421875 0.052734375
0 0.367919921875 0.41455078125 0.00537109375 0.0068359375
0 0.384521484375 0.41064453125 0.02001953125 0.0380859375
0 0.386474609375 0.43701171875 0.00048828125 0.0048828125
0 0.386962890625 0.43212890625 0.00048828125 0.0009765625
0 0.4208984375 0.451171875 0.0107421875 0.04296875
0 0.445556640625 0.4501953125 0.02392578125 0.044921875
0 0.544921875 0.44189453125 0.0126953125 0.0439453125
0 0.567138671875 0.44189453125 0.01806640625 0.0478515625
0 0.59716796875 0.4248046875 0.0048828125 0.013671875
0 0.60791015625 0.43212890625 0.005859375 0.0419921875
0 0.609619140625 0.45458984375 0.00048828125 0.0009765625
0 0.791259765625 0.3935546875 0.00927734375 0.025390625
0 0.80322265625 0.3984375 0.0048828125 0.013671875
