0 0.3369140625 0.39501953125 0.005859375 0.0244140625
0 0.52734375 0.37451171875 0.00390625 0.0185546875
0 0.52001953125 0.37890625 0.00390625 0.021484375
0 0.5146484375 0.37353515625 0.0029296875 0.0146484375
0 0.489501953125 0.38330078125 0.00634765625 0.0302734375
0 0.483642578125 0.384765625 0.00537109375 0.02734375
0 0.556640625 0.38818359375 0.005859375 0.0283203125
0 0.5634765625 0.38427734375 0.0048828125 0.0224609375
0 0.57763671875 0.3916015625 0.00390625 0.021484375
0 0.5810546875 0.38916015625 0.0048828125 0.0244140625
0 0.590576171875 0.41162109375 0.00830078125 0.0419921875
0 0.59912109375 0.4111328125 0.0087890625 0.04296875
0 0.5947265625 0.427734375 0.013671875 0.06640625
0 0.605712890625 0.4365234375 0.00927734375 0.044921875
0 0.568115234375 0.4287109375 0.02001953125 0.09765625
0 0.634765625 0.42333984375 0.009765625 0.0185546875
0 0.66259765625 0.4306640625 0.0068359375 0.029296875
0 0.6708984375 0.43408203125 0.015625 0.0771484375
0 0.753662109375 0.43115234375 0.00341796875 0.0126953125
0 0.725830078125 0.4375 0.01806640625 0.087890625
0 0.833740234375 0.431640625 0.01025390625 0.017578125
0 0.760009765625 0.44189453125 0.01611328125 0.0791015625
0 0.788330078125 0.4423828125 0.02490234375 0.12109375
0 0.85693359375 0.4443359375 0.013671875 0.06640625
0 0.81005859375 0.447265625 0.0244140625 0.119140625
0 0.84765625 0.45166015625 0.0244140625 0.1201171875
0 0.933349609375 0.46435546875 0.04052734375 0.1962890625
0 0.99853515625 0.48046875 0.0361328125 0.17578125
0 0.51708984375 0.42919921875 0.0185546875 0.0908203125
0 0.486083984375 0.42724609375 0.01904296875 0.0927734375
0 0.3828125 0.41748046875 0.0107421875 0.0517578125
0 0.396728515625 0.416015625 0.01220703125 0.060546875
0 0.388916015625 0.41650390625 0.01220703125 0.0595703125
0 0.264892578125 0.4189453125 0.02392578125 0.1171875
0 0.300537109375 0.416015625 0.02783203125 0.13671875
0 0.2724609375 0.41943359375 0.0283203125 0.1396484375
0 0.45068359375 0.43603515625 0.0166015625 0.0810546875
0 0.31982421875 0.423828125 0.025390625 0.123046875
0 0.532958984375 0.384765625 0.00439453125 0.0234375
0 0.43994140625 0.400390625 0.0078125 0.037109375
0 0.351806640625 0.39697265625 0.02490234375 0.0341796875
0 0.42041015625 0.3935546875 0.001953125 0.021484375
0 0.420654296875 0.41455078125 0.00048828125 0.0048828125
0 0.427978515625 0.39794921875 0.00830078125 0.0419921875
0 0.642578125 0.4248046875 0.009765625 0.017578125
0 0.654052734375 0.42431640625 0.01220703125 0.0205078125
0 0.685546875 0.43408203125 0.0146484375 0.0361328125
