0 0.596923828125 0.36572265625 0.00830078125 0.0400390625
0 0.56982421875 0.37646484375 0.01171875 0.0576171875
0 0.57568359375 0.373046875 0.013671875 0.06640625
0 0.556640625 0.37158203125 0.013671875 0.0654296875
0 0.559326171875 0.3974609375 0.01806640625 0.087890625
0 0.528564453125 0.40771484375 0.02978515625 0.1455078125
0 0.510009765625 0.41455078125 0.02978515625 0.1455078125
0 0.641357421875 0.3662109375 0.00732421875 0.037109375
0 0.48095703125 0.4072265625 0.037109375 0.1796875
0 0.4521484375 0.4501953125 0.0234375 0.0703125
