0 0.3017578125 0.4072265625 0.02734375 0.134765625
0 0.3095703125 0.41748046875 0.0302734375 0.1474609375
0 0.362548828125 0.41357421875 0.03271484375 0.1591796875
0 0.476806640625 0.40771484375 0.01318359375 0.0654296875
0 0.479248046875 0.40966796875 0.01220703125 0.0576171875
0 0.536376953125 0.40771484375 0.00732421875 0.0361328125
0 0.53955078125 0.40966796875 0.0078125 0.0380859375
0 0.4951171875 0.4033203125 0.0126953125 0.0625
0 0.5048828125 0.408203125 0.009765625 0.044921875
0 0.515625 0.408203125 0.009765625 0.046875
0 0.509521484375 0.4072265625 0.01025390625 0.05078125
0 0.52783203125 0.40771484375 0.0087890625 0.0439453125
0 0.522705078125 0.4091796875 0.00830078125 0.041015625
0 0.532958984375 0.4072265625 0.00927734375 0.046875
0 0.54296875 0.40869140625 0.0087890625 0.0419921875
0 0.546142578125 0.41259765625 0.00634765625 0.0322265625
