0 0.716552734375 0.435546875 0.01025390625 0.05078125
0 0.677978515625 0.4228515625 0.01123046875 0.056640625
0 0.70654296875 0.43017578125 0.0224609375 0.1083984375
0 0.7021484375 0.42236328125 0.02734375 0.1337890625
0 0.739013671875 0.41357421875 0.02978515625 0.1435546875
0 0.726318359375 0.42138671875 0.02685546875 0.1318359375
0 0.76513671875 0.4208984375 0.025390625 0.123046875
0 0.7578125 0.4189453125 0.0263671875 0.12890625
0 0.7509765625 0.412109375 0.037109375 0.181640625
0 0.786376953125 0.42041015625 0.02392578125 0.1181640625
0 0.812255859375 0.404296875 0.03955078125 0.19140625
0 0.8115234375 0.39892578125 0.04296875 0.2099609375
0 0.6240234375 0.4287109375 0.0244140625 0.1171875
0 0.645263671875 0.4228515625 0.02880859375 0.140625
0 0.661376953125 0.4287109375 0.02490234375 0.12109375
0 0.625 0.42578125 0.0283203125 0.13671875
0 0.59521484375 0.43017578125 0.0244140625 0.1181640625
0 0.58251953125 0.42529296875 0.02734375 0.1318359375
0 0.596435546875 0.4296875 0.02880859375 0.138671875
0 0.5478515625 0.43896484375 0.0224609375 0.1103515625
0 0.558349609375 0.4306640625 0.02685546875 0.1328125
0 0.536865234375 0.43310546875 0.02685546875 0.1298828125
0 0.523193359375 0.4306640625 0.03173828125 0.15625
0 0.510009765625 0.4296875 0.03076171875 0.150390625
0 0.5224609375 0.42626953125 0.03515625 0.1708984375
0 0.276611328125 0.4638671875 0.04052734375 0.197265625
0 0.296142578125 0.45751953125 0.04541015625 0.2216796875
0 0.3212890625 0.4501953125 0.05078125 0.248046875
0 0.609619140625 0.421875 0.03173828125 0.154296875
0 0.69189453125 0.3994140625 0.02734375 0.134765625
