0 0.017822265625 0.37060546875 0.01025390625 0.0498046875
0 0.006103515625 0.36962890625 0.01123046875 0.0537109375
0 0.487060546875 0.39208984375 0.01513671875 0.0751953125
0 0.47509765625 0.39306640625 0.0185546875 0.0908203125
0 0.531494140625 0.39599609375 0.02099609375 0.1005859375
0 0.55419921875 0.39697265625 0.0205078125 0.1005859375
0 0.577880859375 0.39794921875 0.01904296875 0.0947265625
0 0.571533203125 0.40185546875 0.02587890625 0.1259765625
0 0.594970703125 0.4052734375 0.02001953125 0.099609375
0 0.60302734375 0.39404296875 0.0166015625 0.0810546875
0 0.7080078125 0.4169921875 0.02734375 0.1328125
0 0.768798828125 0.42431640625 0.02294921875 0.1123046875
0 0.048583984375 0.39990234375 0.05224609375 0.2548828125
0 0.091064453125 0.392578125 0.05322265625 0.259765625
0 0.996826171875 0.41259765625 0.04052734375 0.1982421875
