0 0.704345703125 0.4296875 0.00830078125 0.0390625
0 0.69970703125 0.4296875 0.0078125 0.037109375
0 0.651123046875 0.42236328125 0.01025390625 0.0498046875
0 0.6552734375 0.4296875 0.0107421875 0.052734375
0 0.6611328125 0.4306640625 0.015625 0.076171875
0 0.64013671875 0.4306640625 0.021484375 0.10546875
0 0.63525390625 0.43017578125 0.0224609375 0.1103515625
0 0.609130859375 0.42822265625 0.03466796875 0.1689453125
0 0.586181640625 0.43310546875 0.03173828125 0.1552734375
0 0.0859375 0.47216796875 0.1103515625 0.5380859375
0 0.182373046875 0.482421875 0.11572265625 0.564453125
0 0.986083984375 0.3916015625 0.04345703125 0.2109375
0 0.978271484375 0.4306640625 0.05908203125 0.2890625
