0 0.375 0.42822265625 0.0078125 0.0361328125
0 0.307373046875 0.43115234375 0.01708984375 0.0849609375
0 0.29638671875 0.4345703125 0.015625 0.076171875
0 0.271484375 0.44775390625 0.0205078125 0.0986328125
0 0.24462890625 0.43701171875 0.0166015625 0.0810546875
0 0.260009765625 0.44287109375 0.02197265625 0.1064453125
0 0.230712890625 0.44921875 0.02099609375 0.103515625
0 0.220703125 0.45166015625 0.021484375 0.1025390625
0 0.194580078125 0.4482421875 0.01806640625 0.08984375
0 0.1826171875 0.44482421875 0.01953125 0.0966796875
0 0.13623046875 0.45166015625 0.013671875 0.0517578125
0 0.121826171875 0.4814453125 0.02587890625 0.126953125
0 0.1015625 0.47021484375 0.0322265625 0.1572265625
0 0.044921875 0.4833984375 0.029296875 0.14453125
0 0.36669921875 0.419921875 0.009765625 0.048828125
0 0.367919921875 0.4248046875 0.00439453125 0.01953125
0 0.4072265625 0.439453125 0.0263671875 0.12890625
0 0.36083984375 0.43505859375 0.0185546875 0.0908203125
0 0.3974609375 0.43701171875 0.0283203125 0.1376953125
0 0.60791015625 0.42578125 0.0224609375 0.109375
0 0.60302734375 0.4169921875 0.0263671875 0.12890625
0 0.71435546875 0.40185546875 0.03125 0.1513671875
0 0.880859375 0.4052734375 0.0224609375 0.109375
0 0.9140625 0.4013671875 0.0224609375 0.109375
0 0.931640625 0.3916015625 0.0263671875 0.12890625
0 0.9189453125 0.39697265625 0.0244140625 0.1201171875
