0 0.257080078125 0.34619140625 0.00830078125 0.0400390625
0 0.1962890625 0.3603515625 0.0107421875 0.05078125
0 0.60498046875 0.33544921875 0.01171875 0.0576171875
0 0.615478515625 0.33544921875 0.01220703125 0.0595703125
0 0.658447265625 0.3955078125 0.02783203125 0.13671875
0 0.6806640625 0.3837890625 0.03125 0.154296875
0 0.7109375 0.3828125 0.029296875 0.142578125
0 0.77099609375 0.38427734375 0.0380859375 0.1865234375
0 0.2998046875 0.36181640625 0.0146484375 0.0732421875
0 0.301025390625 0.37060546875 0.01611328125 0.0791015625
0 0.2900390625 0.37841796875 0.017578125 0.0869140625
