0 0.354248046875 0.44873046875 0.02880859375 0.1396484375
0 0.40087890625 0.44091796875 0.0244140625 0.1201171875
0 0.40869140625 0.45654296875 0.025390625 0.1259765625
0 0.47705078125 0.451171875 0.0205078125 0.099609375
0 0.481201171875 0.4521484375 0.02099609375 0.1015625
0 0.5244140625 0.45361328125 0.0205078125 0.1005859375
0 0.61328125 0.43310546875 0.017578125 0.0849609375
0 0.5947265625 0.44140625 0.0185546875 0.091796875
0 0.67626953125 0.4384765625 0.009765625 0.046875
0 0.708984375 0.43505859375 0.01171875 0.0576171875
0 0.72412109375 0.439453125 0.0087890625 0.04296875
0 0.734619140625 0.4541015625 0.02099609375 0.1015625
0 0.700927734375 0.4482421875 0.02197265625 0.10546875
0 0.838623046875 0.43212890625 0.01318359375 0.0634765625
0 0.85986328125 0.43896484375 0.015625 0.0751953125
0 0.87060546875 0.443359375 0.013671875 0.06640625
0 0.87841796875 0.4375 0.0126953125 0.0625
0 0.88427734375 0.43798828125 0.013671875 0.0654296875
0 0.90185546875 0.4619140625 0.0263671875 0.130859375
0 0.92626953125 0.48193359375 0.0322265625 0.1552734375
0 0.97021484375 0.48876953125 0.0302734375 0.1474609375
0 0.82666015625 0.44873046875 0.01953125 0.0947265625
0 0.813232421875 0.44970703125 0.02001953125 0.0966796875
0 0.79052734375 0.44482421875 0.0234375 0.1162109375
0 0.805419921875 0.44873046875 0.02197265625 0.1064453125
