0 0.271484375 0.44189453125 0.0478515625 0.2333984375
0 0.274169921875 0.45068359375 0.04345703125 0.2138671875
0 0.7939453125 0.484375 0.0322265625 0.0390625
0 0.70556640625 0.42919921875 0.0283203125 0.1396484375
0 0.7587890625 0.443359375 0.0361328125 0.17578125
0 0.767333984375 0.43603515625 0.04150390625 0.2041015625
0 0.793212890625 0.4306640625 0.03857421875 0.1875
0 0.80322265625 0.4365234375 0.0380859375 0.1875
0 0.901123046875 0.4365234375 0.04248046875 0.205078125
0 0.94287109375 0.4375 0.041015625 0.201171875
0 0.8232421875 0.46533203125 0.0302734375 0.0771484375
0 0.724853515625 0.43798828125 0.03759765625 0.1845703125
