0 0.45166015625 0.42431640625 0.005859375 0.0283203125
0 0.431884765625 0.421875 0.00732421875 0.03515625
0 0.301513671875 0.4365234375 0.01123046875 0.0546875
0 0.205322265625 0.4443359375 0.01611328125 0.078125
0 0.546142578125 0.421875 0.00634765625 0.029296875
0 0.625 0.416015625 0.0107421875 0.05078125
0 0.654296875 0.419921875 0.0166015625 0.080078125
0 0.673828125 0.41650390625 0.0166015625 0.0810546875
0 0.70947265625 0.423828125 0.01953125 0.095703125
0 0.839599609375 0.43310546875 0.02685546875 0.1298828125
0 0.899169921875 0.43017578125 0.05029296875 0.2451171875
0 0.934814453125 0.4580078125 0.05615234375 0.2734375
0 0.45947265625 0.41796875 0.0087890625 0.01953125
0 0.46630859375 0.41796875 0.001953125 0.01953125
0 0.54736328125 0.408203125 0.0068359375 0.013671875
0 0.544189453125 0.41943359375 0.00048828125 0.0009765625
