0 0.3515625 0.39697265625 0.01171875 0.0576171875
0 0.480224609375 0.39404296875 0.01123046875 0.0537109375
0 0.06494140625 0.41943359375 0.005859375 0.0029296875
0 0.002685546875 0.40185546875 0.00830078125 0.0419921875
0 0.0185546875 0.3994140625 0.0087890625 0.04296875
0 0.064697265625 0.40576171875 0.00537109375 0.0263671875
0 0.186279296875 0.40576171875 0.01611328125 0.0810546875
0 0.124755859375 0.404296875 0.02001953125 0.095703125
0 0.11328125 0.4091796875 0.0224609375 0.107421875
0 0.143798828125 0.42236328125 0.03076171875 0.1513671875
0 0.620361328125 0.39599609375 0.01513671875 0.0732421875
0 0.27294921875 0.43017578125 0.01953125 0.0947265625
0 0.279052734375 0.42626953125 0.02490234375 0.1220703125
0 0.25732421875 0.4248046875 0.025390625 0.123046875
0 0.3310546875 0.3984375 0.0146484375 0.0703125
0 0.93115234375 0.3916015625 0.021484375 0.04296875
0 0.9833984375 0.3935546875 0.0283203125 0.046875
0 0.846435546875 0.3798828125 0.01416015625 0.037109375
0 0.766357421875 0.4033203125 0.02001953125 0.076171875
0 0.793212890625 0.37744140625 0.01904296875 0.0400390625
0 0.90771484375 0.4375 0.0439453125 0.21484375
0 0.244873046875 0.392578125 0.00830078125 0.041015625
0 0.07861328125 0.41259765625 0.009765625 0.0205078125
0 0.077880859375 0.42138671875 0.00048828125 0.0009765625
