0 0.543701171875 0.423828125 0.00732421875 0.037109375
0 0.535888671875 0.4287109375 0.00634765625 0.03125
0 0.531494140625 0.431640625 0.01025390625 0.05078125
0 0.662109375 0.40869140625 0.0166015625 0.0810546875
0 0.58447265625 0.421875 0.0224609375 0.111328125
0 0.6708984375 0.41455078125 0.01953125 0.0966796875
0 0.68310546875 0.41943359375 0.0341796875 0.1650390625
0 0.717041015625 0.40869140625 0.03662109375 0.1767578125
0 0.720458984375 0.421875 0.03857421875 0.1875
0 0.776611328125 0.423828125 0.04052734375 0.19921875
