0 0.549072265625 0.380859375 0.00927734375 0.044921875
0 0.559326171875 0.37646484375 0.01513671875 0.0732421875
0 0.5947265625 0.37744140625 0.0107421875 0.0537109375
0 0.611083984375 0.37646484375 0.01123046875 0.0556640625
0 0.603515625 0.3818359375 0.0146484375 0.072265625
0 0.619140625 0.38037109375 0.0146484375 0.0712890625
0 0.66455078125 0.38916015625 0.0185546875 0.0908203125
0 0.645263671875 0.39111328125 0.03076171875 0.1494140625
0 0.68701171875 0.39501953125 0.0205078125 0.1005859375
0 0.672607421875 0.39990234375 0.02685546875 0.1298828125
0 0.729248046875 0.376953125 0.02587890625 0.126953125
0 0.71044921875 0.3828125 0.025390625 0.125
0 0.747802734375 0.3955078125 0.04150390625 0.203125
0 0.804443359375 0.3916015625 0.03759765625 0.18359375
0 0.7861328125 0.3935546875 0.0400390625 0.1953125
0 0.572021484375 0.37841796875 0.01611328125 0.0380859375
