0 0.48583984375 0.41552734375 0.0107421875 0.0537109375
0 0.475341796875 0.41943359375 0.00732421875 0.0361328125
0 0.464599609375 0.4140625 0.00927734375 0.04296875
0 0.459716796875 0.4150390625 0.01220703125 0.05859375
0 0.47021484375 0.419921875 0.0107421875 0.05078125
0 0.451171875 0.421875 0.0166015625 0.080078125
0 0.430419921875 0.41650390625 0.01806640625 0.0888671875
0 0.410888671875 0.419921875 0.01513671875 0.07421875
0 0.36669921875 0.41845703125 0.0224609375 0.1083984375
0 0.343017578125 0.41357421875 0.02294921875 0.1123046875
0 0.33251953125 0.423828125 0.0263671875 0.12890625
0 0.351318359375 0.42236328125 0.02880859375 0.1416015625
0 0.12109375 0.4287109375 0.04296875 0.208984375
0 0.138671875 0.427734375 0.0498046875 0.2421875
0 0.501708984375 0.419921875 0.00439453125 0.01953125
0 0.50732421875 0.42041015625 0.00390625 0.0205078125
0 0.536376953125 0.41845703125 0.00634765625 0.0302734375
0 0.541259765625 0.41845703125 0.00537109375 0.0263671875
0 0.5498046875 0.41845703125 0.005859375 0.0302734375
0 0.553466796875 0.42041015625 0.00537109375 0.0283203125
0 0.557373046875 0.41943359375 0.00634765625 0.0322265625
0 0.572509765625 0.41455078125 0.01123046875 0.0537109375
0 0.576416015625 0.41259765625 0.00830078125 0.0419921875
0 0.5849609375 0.41455078125 0.009765625 0.0458984375
0 0.59130859375 0.41162109375 0.0068359375 0.0322265625
0 0.59765625 0.41455078125 0.0087890625 0.0439453125
0 0.6318359375 0.41455078125 0.01171875 0.0576171875
0 0.623046875 0.412109375 0.013671875 0.06640625
0 0.630126953125 0.41455078125 0.01220703125 0.0595703125
0 0.6162109375 0.4140625 0.0185546875 0.091796875
0 0.60888671875 0.41845703125 0.017578125 0.0849609375
0 0.62646484375 0.42236328125 0.0166015625 0.0810546875
0 0.87255859375 0.4443359375 0.0458984375 0.224609375
0 0.68896484375 0.41796875 0.021484375 0.103515625
0 0.66845703125 0.42138671875 0.0205078125 0.1005859375
0 0.6796875 0.43017578125 0.021484375 0.1044921875
0 0.693115234375 0.435546875 0.03076171875 0.150390625
0 0.802978515625 0.451171875 0.05126953125 0.251953125
0 0.845947265625 0.45263671875 0.05029296875 0.2470703125
0 0.96142578125 0.46044921875 0.0546875 0.2685546875
0 0.077392578125 0.43115234375 0.04052734375 0.2001953125
0 0.49072265625 0.416015625 0.0107421875 0.052734375
0 0.90625 0.4951171875 0.037109375 0.08984375
0 0.545654296875 0.41845703125 0.00634765625 0.0263671875
0 0.564208984375 0.4169921875 0.00830078125 0.04296875
