0 0.003662109375 0.46435546875 0.02490234375 0.1220703125
0 0.158203125 0.46044921875 0.0390625 0.1923828125
0 0.48046875 0.45068359375 0.0224609375 0.1103515625
0 0.48828125 0.45751953125 0.01953125 0.0947265625
0 0.695556640625 0.43798828125 0.00732421875 0.0224609375
0 0.7109375 0.43505859375 0.009765625 0.0263671875
0 0.7783203125 0.46435546875 0.029296875 0.0888671875
0 0.8828125 0.43359375 0.0107421875 0.052734375
0 0.890380859375 0.435546875 0.00927734375 0.04296875
0 0.991455078125 0.43017578125 0.00732421875 0.0341796875
0 0.955810546875 0.43603515625 0.06298828125 0.3076171875
0 0.941162109375 0.45263671875 0.05810546875 0.2822265625
0 0.585693359375 0.478515625 0.06787109375 0.330078125
0 0.666015625 0.49658203125 0.0791015625 0.3876953125
0 0.982666015625 0.4296875 0.00732421875 0.02734375
