0 0.379638671875 0.3974609375 0.01416015625 0.0703125
0 0.71142578125 0.39990234375 0.00390625 0.0126953125
0 0.682861328125 0.3984375 0.00634765625 0.0078125
0 0.706298828125 0.39990234375 0.00634765625 0.0087890625
0 0.6220703125 0.4052734375 0.013671875 0.068359375
0 0.75341796875 0.43408203125 0.033203125 0.1630859375
0 0.691650390625 0.40576171875 0.01513671875 0.0732421875
0 0.666015625 0.40576171875 0.009765625 0.0498046875
0 0.656005859375 0.40771484375 0.00732421875 0.0205078125
0 0.654052734375 0.404296875 0.00537109375 0.01953125
