0 0.482177734375 0.49853515625 0.01025390625 0.0498046875
0 0.495849609375 0.49853515625 0.01025390625 0.0498046875
0 0.49072265625 0.505859375 0.0107421875 0.05078125
0 0.634521484375 0.5126953125 0.01806640625 0.087890625
0 0.65576171875 0.5078125 0.015625 0.076171875
0 0.677978515625 0.525390625 0.01806640625 0.078125
0 0.62548828125 0.53369140625 0.056640625 0.2763671875
0 0.58935546875 0.53564453125 0.056640625 0.2744140625
0 0.552490234375 0.55029296875 0.06591796875 0.3232421875
0 0.44775390625 0.5107421875 0.0498046875 0.2421875
0 0.42529296875 0.5205078125 0.046875 0.228515625
0 0.421875 0.5400390625 0.0732421875 0.35546875
0 0.368408203125 0.5234375 0.06103515625 0.298828125
0 0.4267578125 0.55615234375 0.072265625 0.3525390625
0 0.3095703125 0.50244140625 0.0537109375 0.2607421875
0 0.30810546875 0.5224609375 0.0478515625 0.232421875
0 0.332275390625 0.54052734375 0.05810546875 0.2841796875
0 0.708251953125 0.53466796875 0.05322265625 0.2587890625
0 0.261474609375 0.5068359375 0.04150390625 0.203125
0 0.2001953125 0.525390625 0.0517578125 0.251953125
0 0.1171875 0.541015625 0.0634765625 0.310546875
0 0.059814453125 0.55029296875 0.06787109375 0.3310546875
0 0.006103515625 0.5419921875 0.08642578125 0.419921875
0 0.8623046875 0.54443359375 0.0712890625 0.3486328125
0 0.854248046875 0.55859375 0.07080078125 0.345703125
0 0.95556640625 0.5400390625 0.0703125 0.341796875
0 0.94189453125 0.57763671875 0.0703125 0.3408203125
0 0.960693359375 0.54345703125 0.08544921875 0.4150390625
