0 0.716796875 0.439453125 0.0068359375 0.03515625
0 0.596435546875 0.462890625 0.02001953125 0.099609375
0 0.98828125 0.4248046875 0.0078125 0.0390625
0 0.419921875 0.47119140625 0.0283203125 0.1376953125
0 0.411376953125 0.46728515625 0.03076171875 0.1513671875
0 0.407958984375 0.47412109375 0.03173828125 0.1572265625
0 0.423583984375 0.4755859375 0.02978515625 0.146484375
0 0.665771484375 0.4423828125 0.00830078125 0.041015625
0 0.739013671875 0.44189453125 0.01318359375 0.0341796875
0 0.97509765625 0.4189453125 0.015625 0.021484375
