0 0.663330078125 0.4306640625 0.02001953125 0.099609375
0 0.6474609375 0.4306640625 0.0205078125 0.099609375
0 0.63134765625 0.43310546875 0.0087890625 0.0419921875
0 0.603271484375 0.43603515625 0.00830078125 0.0419921875
0 0.597900390625 0.439453125 0.01025390625 0.048828125
0 0.58447265625 0.43798828125 0.0107421875 0.0537109375
0 0.55908203125 0.44140625 0.009765625 0.048828125
0 0.513916015625 0.4404296875 0.01025390625 0.05078125
0 0.550537109375 0.4404296875 0.01025390625 0.048828125
0 0.537353515625 0.43994140625 0.02197265625 0.1083984375
0 0.53564453125 0.43701171875 0.0263671875 0.1298828125
0 0.610107421875 0.42919921875 0.03759765625 0.1845703125
0 0.71337890625 0.41162109375 0.0439453125 0.2138671875
0 0.691162109375 0.42431640625 0.05419921875 0.2666015625
0 0.937255859375 0.3896484375 0.03466796875 0.169921875
0 0.98779296875 0.4072265625 0.037109375 0.1796875
0 0.830322265625 0.42431640625 0.04638671875 0.2255859375
0 0.815185546875 0.42578125 0.05126953125 0.25
0 0.87744140625 0.4228515625 0.060546875 0.294921875
0 0.87548828125 0.4375 0.056640625 0.275390625
0 0.44775390625 0.42919921875 0.0078125 0.0302734375
0 0.444091796875 0.443359375 0.01220703125 0.033203125
0 0.4599609375 0.443359375 0.01171875 0.056640625
0 0.4755859375 0.44873046875 0.00390625 0.0166015625
0 0.4296875 0.447265625 0.013671875 0.068359375
0 0.416015625 0.44677734375 0.0283203125 0.1396484375
0 0.387451171875 0.45166015625 0.02880859375 0.1416015625
0 0.244384765625 0.45361328125 0.02099609375 0.1025390625
0 0.173095703125 0.4736328125 0.02685546875 0.130859375
0 0.194580078125 0.4462890625 0.03857421875 0.1875
0 0.013671875 0.458984375 0.025390625 0.123046875
0 0.02001953125 0.45751953125 0.0302734375 0.1474609375
0 0.056640625 0.4765625 0.01953125 0.095703125
0 0.04638671875 0.47412109375 0.021484375 0.1044921875
0 0.080078125 0.45166015625 0.03125 0.1533203125
0 0.26220703125 0.45166015625 0.0341796875 0.1650390625
0 0.30224609375 0.45068359375 0.033203125 0.1611328125
0 0.483154296875 0.43603515625 0.01123046875 0.0205078125
0 0.59228515625 0.43701171875 0.01171875 0.0478515625
0 0.589111328125 0.44921875 0.00146484375 0.017578125
0 0.6640625 0.443359375 0.013671875 0.083984375
