0 0.61328125 0.4453125 0.0068359375 0.013671875
0 0.53076171875 0.416015625 0.0029296875 0.013671875
0 0.533203125 0.41796875 0.0029296875 0.015625
0 0.544921875 0.42919921875 0.00390625 0.0185546875
0 0.548828125 0.42919921875 0.0048828125 0.0224609375
0 0.552490234375 0.44384765625 0.00634765625 0.0322265625
0 0.55810546875 0.4248046875 0.00390625 0.01953125
0 0.56103515625 0.4453125 0.0087890625 0.041015625
0 0.570068359375 0.439453125 0.00537109375 0.02734375
0 0.57275390625 0.4521484375 0.005859375 0.029296875
0 0.6025390625 0.44921875 0.0078125 0.037109375
0 0.622802734375 0.44189453125 0.01123046875 0.0537109375
0 0.645751953125 0.44482421875 0.01220703125 0.0595703125
0 0.660400390625 0.4453125 0.01123046875 0.0546875
0 0.654296875 0.44287109375 0.0126953125 0.0615234375
0 0.63525390625 0.4423828125 0.013671875 0.06640625
0 0.6708984375 0.451171875 0.0087890625 0.044921875
0 0.675537109375 0.4443359375 0.01220703125 0.05859375
0 0.7138671875 0.43017578125 0.0185546875 0.0908203125
0 0.719970703125 0.42578125 0.02490234375 0.12109375
0 0.759521484375 0.43212890625 0.02197265625 0.1083984375
0 0.735595703125 0.4326171875 0.02294921875 0.111328125
0 0.74755859375 0.42529296875 0.03125 0.1513671875
0 0.771484375 0.42724609375 0.029296875 0.1416015625
0 0.794677734375 0.42333984375 0.02978515625 0.1455078125
0 0.990966796875 0.4404296875 0.03466796875 0.169921875
0 0.50537109375 0.42041015625 0.00390625 0.0166015625
0 0.476806640625 0.43896484375 0.00634765625 0.0283203125
0 0.432373046875 0.44677734375 0.00634765625 0.0302734375
0 0.41796875 0.4423828125 0.009765625 0.046875
0 0.423583984375 0.44091796875 0.01123046875 0.0556640625
0 0.41259765625 0.4404296875 0.0107421875 0.05078125
0 0.406494140625 0.4375 0.01318359375 0.0625
0 0.39453125 0.439453125 0.01171875 0.056640625
0 0.3759765625 0.43994140625 0.0107421875 0.0517578125
0 0.238037109375 0.4345703125 0.02490234375 0.123046875
0 0.179443359375 0.4404296875 0.02490234375 0.119140625
0 0.226318359375 0.42333984375 0.03271484375 0.1611328125
0 0.19189453125 0.419921875 0.0322265625 0.15625
0 0.17041015625 0.423828125 0.03125 0.15234375
0 0.15869140625 0.43896484375 0.046875 0.2294921875
0 0.12158203125 0.4267578125 0.048828125 0.23828125
0 0.077392578125 0.4287109375 0.04638671875 0.2265625
0 0.038330078125 0.49169921875 0.07470703125 0.3642578125
0 0.979736328125 0.43017578125 0.04052734375 0.1962890625
0 0.203857421875 0.4169921875 0.03857421875 0.189453125
0 0.380615234375 0.4423828125 0.00927734375 0.046875
0 0.56787109375 0.45361328125 0.005859375 0.0283203125
0 0.592041015625 0.419921875 0.01513671875 0.07421875
