0 0.604736328125 0.46337890625 0.01025390625 0.0498046875
0 0.643310546875 0.46435546875 0.00927734375 0.0458984375
0 0.307373046875 0.482421875 0.02294921875 0.11328125
0 0.330810546875 0.482421875 0.02490234375 0.12109375
0 0.61181640625 0.46533203125 0.009765625 0.0478515625
0 0.6181640625 0.4638671875 0.0107421875 0.052734375
0 0.623046875 0.462890625 0.0107421875 0.052734375
0 0.631591796875 0.46337890625 0.01025390625 0.0498046875
0 0.626220703125 0.46630859375 0.01318359375 0.0634765625
0 0.6337890625 0.4677734375 0.0126953125 0.060546875
0 0.64599609375 0.46337890625 0.009765625 0.0478515625
