0 0.764404296875 0.41455078125 0.02001953125 0.0966796875
0 0.25830078125 0.4267578125 0.029296875 0.142578125
0 0.245361328125 0.4296875 0.02783203125 0.13671875
0 0.404296875 0.392578125 0.0087890625 0.04296875
0 0.41748046875 0.3955078125 0.0107421875 0.05078125
0 0.42724609375 0.39794921875 0.009765625 0.0478515625
0 0.4375 0.396484375 0.009765625 0.046875
0 0.434326171875 0.400390625 0.00927734375 0.044921875
0 0.4638671875 0.4013671875 0.0107421875 0.05078125
0 0.579345703125 0.41552734375 0.02001953125 0.0986328125
