0 0.70166015625 0.42919921875 0.0361328125 0.1767578125
0 0.626708984375 0.423828125 0.02490234375 0.119140625
0 0.64599609375 0.4248046875 0.0244140625 0.119140625
0 0.6396484375 0.4423828125 0.0322265625 0.15625
0 0.12890625 0.40283203125 0.0078125 0.0400390625
0 0.0126953125 0.43212890625 0.017578125 0.0849609375
0 0.005859375 0.42626953125 0.0205078125 0.0986328125
0 0.325439453125 0.42724609375 0.01416015625 0.0693359375
0 0.33349609375 0.41943359375 0.0126953125 0.0634765625
0 0.2919921875 0.4130859375 0.015625 0.078125
0 0.28857421875 0.42138671875 0.015625 0.0751953125
0 0.356201171875 0.42236328125 0.01318359375 0.0654296875
0 0.349609375 0.4267578125 0.0146484375 0.072265625
0 0.394287109375 0.42236328125 0.01611328125 0.0791015625
0 0.38232421875 0.43408203125 0.01171875 0.0576171875
0 0.416015625 0.421875 0.013671875 0.06640625
0 0.469970703125 0.431640625 0.02294921875 0.11328125
0 0.791259765625 0.43212890625 0.04052734375 0.1962890625
0 0.76806640625 0.42724609375 0.04296875 0.2099609375
0 0.544677734375 0.43798828125 0.03662109375 0.1767578125
