0 0.1474609375 0.392578125 0.0087890625 0.044921875
0 0.2724609375 0.40673828125 0.025390625 0.1240234375
0 0.245849609375 0.4052734375 0.01318359375 0.064453125
0 0.23388671875 0.41796875 0.0302734375 0.146484375
0 0.332275390625 0.4091796875 0.02783203125 0.13671875
0 0.318603515625 0.43701171875 0.04248046875 0.2080078125
0 0.47998046875 0.42333984375 0.029296875 0.1435546875
0 0.492431640625 0.42919921875 0.03271484375 0.1591796875
0 0.543701171875 0.41650390625 0.02587890625 0.1259765625
0 0.52392578125 0.41455078125 0.02734375 0.1337890625
0 0.652587890625 0.42041015625 0.02587890625 0.1279296875
0 0.585205078125 0.4375 0.02294921875 0.111328125
0 0.625732421875 0.41162109375 0.03369140625 0.1650390625
0 0.765380859375 0.41259765625 0.05419921875 0.2646484375
0 0.838134765625 0.41064453125 0.05322265625 0.2607421875
0 0.998046875 0.44873046875 0.1064453125 0.5205078125
0 0.12548828125 0.42919921875 0.03515625 0.1708984375
