0 0.328857421875 0.37158203125 0.00927734375 0.0439453125
0 0.319091796875 0.3759765625 0.00732421875 0.037109375
0 0.012939453125 0.4404296875 0.09619140625 0.46875
0 0.076416015625 0.447265625 0.09912109375 0.482421875
0 0.55419921875 0.3916015625 0.017578125 0.083984375
0 0.58349609375 0.39501953125 0.01953125 0.0947265625
0 0.57373046875 0.38134765625 0.0185546875 0.0888671875
0 0.610595703125 0.4033203125 0.02001953125 0.09765625
0 0.6298828125 0.39697265625 0.0185546875 0.0888671875
0 0.013671875 0.67626953125 0.005859375 0.0029296875
0 0.017822265625 0.67431640625 0.00146484375 0.0009765625
