0 0.61083984375 0.34228515625 0.009765625 0.0458984375
0 0.34521484375 0.359375 0.01171875 0.056640625
0 0.30615234375 0.3759765625 0.0166015625 0.080078125
0 0.36962890625 0.3623046875 0.009765625 0.046875
0 0.338134765625 0.3623046875 0.01123046875 0.0546875
0 0.29541015625 0.373046875 0.0146484375 0.072265625
0 0.284912109375 0.38037109375 0.01513671875 0.0732421875
0 0.361083984375 0.34423828125 0.00830078125 0.0419921875
0 0.102783203125 0.43359375 0.04150390625 0.203125
0 0.028564453125 0.39013671875 0.01513671875 0.0380859375
0 0.017578125 0.3994140625 0.009765625 0.052734375
0 0.00146484375 0.42919921875 0.037109375 0.1806640625
0 0.052978515625 0.4267578125 0.04248046875 0.208984375
0 0.088623046875 0.4375 0.04541015625 0.220703125
0 0.177734375 0.470703125 0.0576171875 0.28125
0 0.237548828125 0.45703125 0.06982421875 0.341796875
0 0.576171875 0.3369140625 0.0068359375 0.03515625
0 0.564453125 0.34033203125 0.005859375 0.0302734375
0 0.587890625 0.35986328125 0.0146484375 0.0712890625
0 0.60595703125 0.3466796875 0.009765625 0.046875
0 0.611572265625 0.35791015625 0.00927734375 0.0439453125
0 0.601318359375 0.3623046875 0.01708984375 0.08203125
0 0.621826171875 0.35546875 0.01318359375 0.064453125
0 0.628173828125 0.36181640625 0.01513671875 0.0732421875
0 0.631591796875 0.36474609375 0.01708984375 0.0849609375
0 0.770263671875 0.38916015625 0.03076171875 0.1513671875
0 0.594482421875 0.37744140625 0.02392578125 0.1162109375
0 0.5439453125 0.33251953125 0.00390625 0.0185546875
0 0.4580078125 0.33447265625 0.0283203125 0.0263671875
0 0.56396484375 0.33984375 0.021484375 0.033203125
0 0.565185546875 0.3525390625 0.00146484375 0.0078125
