0 0.517333984375 0.4580078125 0.00439453125 0.021484375
0 0.529052734375 0.462890625 0.00830078125 0.0390625
0 0.5322265625 0.46533203125 0.0078125 0.0400390625
0 0.53662109375 0.4677734375 0.0078125 0.0390625
0 0.55029296875 0.462890625 0.009765625 0.048828125
0 0.558837890625 0.45458984375 0.00439453125 0.0205078125
0 0.5634765625 0.46435546875 0.0087890625 0.0419921875
0 0.555908203125 0.46435546875 0.00830078125 0.0419921875
0 0.453369140625 0.466796875 0.00927734375 0.044921875
0 0.341552734375 0.47412109375 0.01220703125 0.0361328125
0 0.34716796875 0.47412109375 0.0078125 0.0380859375
0 0.37060546875 0.47119140625 0.0107421875 0.0400390625
0 0.40185546875 0.47216796875 0.005859375 0.0361328125
0 0.3818359375 0.4599609375 0.0107421875 0.01953125
0 0.3955078125 0.47216796875 0.009765625 0.0361328125
0 0.3525390625 0.46435546875 0.01171875 0.0576171875
0 0.36376953125 0.47265625 0.009765625 0.048828125
0 0.414794921875 0.46728515625 0.00927734375 0.0458984375
0 0.6083984375 0.45654296875 0.0166015625 0.0810546875
0 0.627685546875 0.46728515625 0.01220703125 0.0400390625
0 0.64892578125 0.45263671875 0.0185546875 0.0888671875
0 0.687255859375 0.451171875 0.01904296875 0.09375
0 0.678466796875 0.439453125 0.02587890625 0.125
0 0.664794921875 0.4462890625 0.02587890625 0.126953125
0 0.70263671875 0.4443359375 0.0263671875 0.126953125
0 0.757568359375 0.44140625 0.03271484375 0.16015625
0 0.755615234375 0.4501953125 0.03271484375 0.16015625
0 0.86279296875 0.4697265625 0.0595703125 0.2890625
0 0.83154296875 0.47705078125 0.056640625 0.2763671875
0 0.569091796875 0.46142578125 0.00537109375 0.0361328125
