0 0.16845703125 0.4228515625 0.0185546875 0.091796875
0 0.186767578125 0.4208984375 0.02197265625 0.107421875
0 0.212158203125 0.4228515625 0.02099609375 0.103515625
0 0.2197265625 0.41796875 0.0234375 0.11328125
0 0.251708984375 0.43310546875 0.04736328125 0.2314453125
0 0.277099609375 0.41748046875 0.01904296875 0.0927734375
0 0.28955078125 0.419921875 0.017578125 0.0859375
0 0.305419921875 0.44140625 0.03955078125 0.19140625
0 0.499267578125 0.4365234375 0.03076171875 0.150390625
0 0.4755859375 0.4296875 0.0400390625 0.1953125
0 0.5107421875 0.412109375 0.0419921875 0.205078125
0 0.507568359375 0.45263671875 0.03076171875 0.1494140625
0 0.531982421875 0.43701171875 0.04443359375 0.2177734375
0 0.5712890625 0.431640625 0.0458984375 0.22265625
0 0.99267578125 0.4794921875 0.1416015625 0.689453125
