0 0.03564453125 0.4345703125 0.01953125 0.044921875
0 0.0537109375 0.451171875 0.0224609375 0.080078125
0 0.07080078125 0.44775390625 0.029296875 0.1416015625
0 0.02197265625 0.46044921875 0.021484375 0.1044921875
0 0.022216796875 0.462890625 0.03857421875 0.09765625
0 0.149169921875 0.4580078125 0.01318359375 0.103515625
0 0.175537109375 0.4619140625 0.03076171875 0.119140625
0 0.12646484375 0.4521484375 0.04296875 0.2109375
0 0.109619140625 0.45849609375 0.04248046875 0.2060546875
0 0.562255859375 0.376953125 0.00439453125 0.021484375
0 0.552978515625 0.37890625 0.00341796875 0.017578125
0 0.55712890625 0.40087890625 0.0078125 0.0400390625
0 0.56005859375 0.40673828125 0.0107421875 0.0517578125
0 0.58251953125 0.40673828125 0.0126953125 0.0615234375
0 0.58984375 0.40673828125 0.0107421875 0.0537109375
0 0.60546875 0.40087890625 0.0126953125 0.0615234375
0 0.596435546875 0.416015625 0.01220703125 0.060546875
0 0.587158203125 0.41259765625 0.01416015625 0.0673828125
0 0.570556640625 0.40869140625 0.01611328125 0.0791015625
0 0.544921875 0.4248046875 0.0224609375 0.109375
0 0.619873046875 0.40087890625 0.00927734375 0.0458984375
0 0.623779296875 0.40673828125 0.01513671875 0.0732421875
0 0.629638671875 0.4228515625 0.01806640625 0.087890625
0 0.899169921875 0.439453125 0.04541015625 0.12109375
0 0.552978515625 0.369140625 0.00146484375 0.0078125
0 0.55322265625 0.38720703125 0.0009765625 0.0048828125
0 0.56396484375 0.37255859375 0.0166015625 0.0205078125
