0 0.462890625 0.3564453125 0.0048828125 0.0234375
0 0.458984375 0.35693359375 0.0048828125 0.0244140625
0 0.400146484375 0.39892578125 0.01611328125 0.0791015625
0 0.452880859375 0.39306640625 0.01318359375 0.0654296875
0 0.540283203125 0.37451171875 0.01025390625 0.0498046875
0 0.599853515625 0.3759765625 0.01123046875 0.052734375
0 0.657958984375 0.41943359375 0.01708984375 0.0830078125
0 0.631103515625 0.4013671875 0.02587890625 0.126953125
0 0.6181640625 0.41064453125 0.0283203125 0.1376953125
0 0.617431640625 0.35302734375 0.01708984375 0.0458984375
0 0.5517578125 0.37646484375 0.009765625 0.0478515625
0 0.530029296875 0.3798828125 0.01025390625 0.052734375
