0 0.814208984375 0.41552734375 0.01513671875 0.0732421875
0 0.796142578125 0.4130859375 0.01416015625 0.0703125
0 0.712646484375 0.40869140625 0.02587890625 0.1259765625
0 0.7060546875 0.4140625 0.0302734375 0.1484375
0 0.610595703125 0.41357421875 0.01025390625 0.0517578125
0 0.60498046875 0.41357421875 0.0107421875 0.0537109375
0 0.08642578125 0.42529296875 0.02734375 0.1318359375
0 0.484130859375 0.43505859375 0.02587890625 0.1259765625
0 0.474853515625 0.4326171875 0.02685546875 0.1328125
0 0.32470703125 0.43115234375 0.0361328125 0.1767578125
0 0.27978515625 0.42626953125 0.04296875 0.2099609375
0 0.048828125 0.3994140625 0.0283203125 0.138671875
0 0.00634765625 0.396484375 0.0068359375 0.068359375
