0 0.42919921875 0.41015625 0.0107421875 0.052734375
0 0.84326171875 0.427734375 0.0087890625 0.04296875
0 0.84619140625 0.427734375 0.0078125 0.0390625
0 0.060791015625 0.4013671875 0.02099609375 0.1015625
0 0.0859375 0.40576171875 0.01953125 0.0947265625
0 0.204833984375 0.4326171875 0.02490234375 0.12109375
0 0.218017578125 0.43408203125 0.02587890625 0.1279296875
0 0.423095703125 0.4111328125 0.01220703125 0.060546875
0 0.190673828125 0.4501953125 0.01904296875 0.091796875
0 0.486083984375 0.4248046875 0.01513671875 0.072265625
0 0.4755859375 0.4189453125 0.0146484375 0.072265625
0 0.468505859375 0.42236328125 0.01416015625 0.0693359375
0 0.635986328125 0.42626953125 0.01318359375 0.0634765625
0 0.632568359375 0.42431640625 0.01416015625 0.0693359375
0 0.650390625 0.42431640625 0.0146484375 0.0732421875
0 0.65673828125 0.421875 0.0166015625 0.080078125
0 0.98291015625 0.43359375 0.0126953125 0.0625
0 0.87890625 0.41552734375 0.0107421875 0.0517578125
0 0.872802734375 0.4169921875 0.01220703125 0.05859375
0 0.860595703125 0.43408203125 0.01318359375 0.0634765625
0 0.8515625 0.4326171875 0.0126953125 0.0625
0 0.940673828125 0.43798828125 0.05322265625 0.2587890625
0 0.5634765625 0.423828125 0.015625 0.076171875
0 0.320556640625 0.4189453125 0.03076171875 0.150390625
0 0.30908203125 0.416015625 0.0341796875 0.16796875
0 0.43212890625 0.42333984375 0.015625 0.0771484375
0 0.60400390625 0.42041015625 0.0107421875 0.0537109375
