0 0.4541015625 0.43310546875 0.0126953125 0.0634765625
0 0.468505859375 0.4326171875 0.01220703125 0.056640625
0 0.6591796875 0.412109375 0.0048828125 0.0234375
0 0.567138671875 0.43359375 0.01318359375 0.064453125
0 0.61572265625 0.4384765625 0.0146484375 0.072265625
0 0.666259765625 0.43896484375 0.01123046875 0.0537109375
0 0.682373046875 0.42724609375 0.01318359375 0.0654296875
0 0.689208984375 0.42529296875 0.01513671875 0.0732421875
0 0.707763671875 0.427734375 0.01806640625 0.08984375
0 0.697509765625 0.43017578125 0.01611328125 0.0771484375
0 0.7197265625 0.4345703125 0.0146484375 0.072265625
0 0.89111328125 0.43994140625 0.052734375 0.2587890625
