0 0.889404296875 0.39453125 0.02978515625 0.14453125
0 0.4189453125 0.41357421875 0.0146484375 0.0712890625
0 0.4248046875 0.4013671875 0.0087890625 0.04296875
0 0.455078125 0.404296875 0.0087890625 0.041015625
0 0.489013671875 0.38818359375 0.00634765625 0.0126953125
0 0.47509765625 0.41015625 0.0205078125 0.099609375
0 0.952392578125 0.40869140625 0.04345703125 0.2099609375
0 0.853271484375 0.404296875 0.02490234375 0.123046875
0 0.5234375 0.38037109375 0.01171875 0.0361328125
0 0.522705078125 0.45703125 0.00341796875 0.0078125
0 0.5283203125 0.453125 0.0048828125 0.009765625
