0 0.666748046875 0.41162109375 0.00830078125 0.0400390625
0 0.66943359375 0.41162109375 0.0087890625 0.0419921875
0 0.6787109375 0.4111328125 0.0087890625 0.041015625
0 0.676025390625 0.412109375 0.00927734375 0.044921875
0 0.683349609375 0.41455078125 0.01025390625 0.0498046875
0 0.66162109375 0.41015625 0.015625 0.07421875
0 0.65087890625 0.4091796875 0.03125 0.154296875
0 0.623291015625 0.40771484375 0.01416015625 0.0693359375
0 0.62060546875 0.41259765625 0.0126953125 0.0634765625
0 0.607666015625 0.412109375 0.01318359375 0.06640625
0 0.59619140625 0.41357421875 0.0283203125 0.1396484375
0 0.591064453125 0.41015625 0.03271484375 0.16015625
0 0.53076171875 0.408203125 0.0205078125 0.1015625
0 0.522216796875 0.41064453125 0.02197265625 0.1083984375
0 0.509033203125 0.412109375 0.03369140625 0.1640625
0 0.42626953125 0.4189453125 0.03125 0.15234375
0 0.54541015625 0.4072265625 0.0322265625 0.158203125
0 0.573486328125 0.404296875 0.00830078125 0.068359375
0 0.55859375 0.40966796875 0.0341796875 0.1669921875
0 0.418212890625 0.42822265625 0.02978515625 0.1455078125
0 0.0830078125 0.4072265625 0.02734375 0.134765625
0 0.718017578125 0.4033203125 0.03466796875 0.16796875
0 0.90087890625 0.40966796875 0.02734375 0.1337890625
0 0.90576171875 0.41259765625 0.0283203125 0.1376953125
0 0.944091796875 0.4091796875 0.02783203125 0.134765625
0 0.022216796875 0.4912109375 0.09130859375 0.4453125
0 0.00048828125 0.49267578125 0.13671875 0.6669921875
0 0.359619140625 0.52294921875 0.11376953125 0.5556640625
0 0.63525390625 0.40771484375 0.0126953125 0.0615234375
0 0.986572265625 0.3955078125 0.03173828125 0.154296875
