0 0.08154296875 0.4443359375 0.0263671875 0.12890625
0 0.13671875 0.435546875 0.0263671875 0.12890625
0 0.568115234375 0.37060546875 0.00244140625 0.0126953125
0 0.50048828125 0.38720703125 0.005859375 0.0283203125
0 0.506103515625 0.3837890625 0.00634765625 0.03125
0 0.39306640625 0.408203125 0.0107421875 0.05078125
0 0.400634765625 0.4130859375 0.01123046875 0.0546875
0 0.406005859375 0.412109375 0.01123046875 0.056640625
0 0.3779296875 0.41455078125 0.0126953125 0.0615234375
0 0.36474609375 0.4169921875 0.0126953125 0.0625
0 0.44140625 0.4033203125 0.0087890625 0.04296875
0 0.430908203125 0.40576171875 0.00927734375 0.0439453125
0 0.173828125 0.4287109375 0.0224609375 0.109375
0 0.194091796875 0.42822265625 0.02099609375 0.1025390625
0 0.197509765625 0.43408203125 0.02001953125 0.0966796875
0 0.173583984375 0.43505859375 0.02294921875 0.1123046875
0 0.182373046875 0.43701171875 0.02197265625 0.1083984375
0 0.617431640625 0.3798828125 0.00439453125 0.021484375
0 0.70361328125 0.39990234375 0.0126953125 0.0615234375
0 0.76025390625 0.412109375 0.03125 0.15234375
0 0.803466796875 0.4169921875 0.02978515625 0.14453125
0 0.5595703125 0.36962890625 0.00390625 0.0185546875
0 0.546142578125 0.37744140625 0.00830078125 0.0283203125
0 0.437744140625 0.41943359375 0.01220703125 0.0576171875
0 0.600341796875 0.400390625 0.00927734375 0.044921875
