0 0.40673828125 0.3994140625 0.013671875 0.06640625
0 0.374267578125 0.39697265625 0.01513671875 0.0732421875
0 0.352783203125 0.42431640625 0.01904296875 0.0947265625
0 0.390869140625 0.42822265625 0.02099609375 0.1025390625
0 0.632568359375 0.38427734375 0.01611328125 0.0771484375
0 0.749755859375 0.451171875 0.04052734375 0.197265625
0 0.230224609375 0.4658203125 0.05126953125 0.25
0 0.28466796875 0.4638671875 0.0498046875 0.2421875
0 0.95166015625 0.5439453125 0.111328125 0.54296875
0 0.4892578125 0.45458984375 0.0673828125 0.3291015625
0 0.422607421875 0.39599609375 0.01416015625 0.0771484375
0 0.437744140625 0.400390625 0.00830078125 0.068359375
