0 0.478515625 0.4345703125 0.00390625 0.017578125
0 0.473388671875 0.43603515625 0.00341796875 0.0205078125
0 0.348876953125 0.4404296875 0.02294921875 0.111328125
0 0.3251953125 0.44677734375 0.0185546875 0.0927734375
0 0.297119140625 0.45361328125 0.02685546875 0.1318359375
0 0.264892578125 0.4521484375 0.02783203125 0.13671875
0 0.225830078125 0.4609375 0.03466796875 0.169921875
0 0.1904296875 0.4677734375 0.0322265625 0.15625
0 0.150634765625 0.458984375 0.03564453125 0.173828125
0 0.553955078125 0.4345703125 0.00537109375 0.025390625
0 0.5595703125 0.435546875 0.0048828125 0.0234375
0 0.4072265625 0.44384765625 0.01171875 0.0576171875
0 0.39697265625 0.44189453125 0.0126953125 0.0634765625
0 0.440673828125 0.4423828125 0.01123046875 0.0546875
