0 0.560791015625 0.39013671875 0.00830078125 0.0400390625
0 0.633056640625 0.37744140625 0.00830078125 0.0400390625
0 0.63720703125 0.3818359375 0.0078125 0.037109375
0 0.667236328125 0.3798828125 0.00927734375 0.044921875
0 0.676513671875 0.37890625 0.00927734375 0.044921875
0 0.67333984375 0.3896484375 0.0107421875 0.052734375
0 0.774169921875 0.43603515625 0.02685546875 0.1318359375
0 0.76806640625 0.44970703125 0.0380859375 0.1845703125
0 0.751953125 0.447265625 0.0361328125 0.17578125
0 0.822509765625 0.421875 0.02294921875 0.111328125
0 0.993408203125 0.431640625 0.03076171875 0.150390625
0 0.51806640625 0.3916015625 0.0107421875 0.052734375
0 0.41943359375 0.38330078125 0.0078125 0.0380859375
0 0.42431640625 0.3935546875 0.0087890625 0.041015625
0 0.412109375 0.38720703125 0.0087890625 0.0419921875
0 0.406982421875 0.39697265625 0.01220703125 0.0595703125
0 0.393310546875 0.3876953125 0.01806640625 0.044921875
0 0.3779296875 0.39111328125 0.01171875 0.0576171875
0 0.380859375 0.39306640625 0.0107421875 0.0537109375
0 0.39013671875 0.40478515625 0.0146484375 0.0712890625
0 0.7666015625 0.53076171875 0.0068359375 0.0126953125
0 0.369140625 0.3896484375 0.009765625 0.046875
0 0.352783203125 0.392578125 0.01025390625 0.05078125
0 0.361572265625 0.39306640625 0.01416015625 0.0693359375
0 0.34423828125 0.44482421875 0.037109375 0.1806640625
0 0.322998046875 0.39306640625 0.00830078125 0.0322265625
0 0.314208984375 0.36865234375 0.01025390625 0.0498046875
0 0.291748046875 0.38525390625 0.00927734375 0.0439453125
0 0.279296875 0.36865234375 0.0087890625 0.0419921875
0 0.27197265625 0.3828125 0.01171875 0.044921875
0 0.28076171875 0.431640625 0.0263671875 0.12890625
0 0.2509765625 0.431640625 0.0263671875 0.130859375
0 0.2275390625 0.41162109375 0.0224609375 0.0771484375
0 0.206787109375 0.3818359375 0.01611328125 0.078125
0 0.218017578125 0.41455078125 0.02197265625 0.0751953125
0 0.205322265625 0.412109375 0.02783203125 0.076171875
0 0.1591796875 0.35693359375 0.0078125 0.0146484375
0 0.16796875 0.37548828125 0.005859375 0.0166015625
0 0.16357421875 0.44580078125 0.033203125 0.1630859375
0 0.12646484375 0.38916015625 0.0224609375 0.0673828125
0 0.083740234375 0.42431640625 0.03271484375 0.0830078125
0 0.02880859375 0.42041015625 0.02734375 0.0986328125
0 0.048583984375 0.41943359375 0.02978515625 0.0947265625
0 0.003173828125 0.39208984375 0.00048828125 0.0029296875
0 0.0087890625 0.61376953125 0.01171875 0.0732421875
0 0.1455078125 0.490234375 0.0654296875 0.318359375
0 0.22705078125 0.5390625 0.03125 0.15234375
0 0.34423828125 0.5322265625 0.0078125 0.01171875
0 0.342529296875 0.47021484375 0.05712890625 0.2763671875
0 0.297119140625 0.4697265625 0.06787109375 0.330078125
0 0.518798828125 0.43408203125 0.02685546875 0.1298828125
0 0.53271484375 0.43408203125 0.03515625 0.1708984375
0 0.549072265625 0.44580078125 0.04931640625 0.2392578125
0 0.5400390625 0.32275390625 0.0283203125 0.0810546875
0 0.5498046875 0.4619140625 0.044921875 0.220703125
0 0.725830078125 0.5595703125 0.11767578125 0.576171875
0 0.8779296875 0.46923828125 0.0947265625 0.4619140625
0 0.887939453125 0.47607421875 0.10302734375 0.5029296875
0 0.451171875 0.38232421875 0.0390625 0.0341796875
