0 0.31005859375 0.45751953125 0.005859375 0.0283203125
0 0.484375 0.43896484375 0.013671875 0.0341796875
0 0.4765625 0.44873046875 0.0107421875 0.0302734375
0 0.46533203125 0.44384765625 0.017578125 0.0869140625
0 0.635986328125 0.4453125 0.03369140625 0.166015625
0 0.602783203125 0.4501953125 0.03173828125 0.15234375
0 0.663330078125 0.44189453125 0.04541015625 0.2216796875
0 0.699462890625 0.44091796875 0.04638671875 0.2255859375
0 0.80078125 0.44482421875 0.0830078125 0.4052734375
0 0.91552734375 0.4345703125 0.0830078125 0.404296875
0 0.99267578125 0.4130859375 0.009765625 0.1015625
