0 0.494873046875 0.41064453125 0.00634765625 0.0322265625
0 0.5078125 0.4072265625 0.005859375 0.029296875
0 0.6376953125 0.42919921875 0.021484375 0.1044921875
0 0.721435546875 0.43603515625 0.02587890625 0.1259765625
0 0.2138671875 0.419921875 0.009765625 0.048828125
0 0.12841796875 0.43896484375 0.0419921875 0.2060546875
0 0.099365234375 0.4443359375 0.04345703125 0.2109375
0 0.07861328125 0.4423828125 0.044921875 0.21875
0 0.23095703125 0.40576171875 0.01953125 0.0244140625
0 0.4814453125 0.4091796875 0.0166015625 0.03515625
