0 0.44921875 0.287109375 0.0087890625 0.04296875
0 0.468017578125 0.263671875 0.01025390625 0.01953125
0 0.51953125 0.28662109375 0.0107421875 0.0517578125
0 0.611328125 0.29052734375 0.009765625 0.0478515625
0 0.6201171875 0.28662109375 0.0107421875 0.0517578125
0 0.315673828125 0.322265625 0.02001953125 0.09765625
0 0.23828125 0.376953125 0.041015625 0.201171875
0 0.218994140625 0.390625 0.03857421875 0.189453125
0 0.14013671875 0.41552734375 0.0458984375 0.2236328125
0 0.360595703125 0.3369140625 0.02001953125 0.107421875
0 0.649658203125 0.34716796875 0.02001953125 0.0986328125
0 0.352783203125 0.322265625 0.00341796875 0.05078125
0 0.358154296875 0.28857421875 0.00244140625 0.0029296875
0 0.363525390625 0.291015625 0.00244140625 0.0078125
0 0.36865234375 0.31005859375 0.00390625 0.0146484375
0 0.3701171875 0.38525390625 0.0009765625 0.0048828125
