0 0.498291015625 0.42138671875 0.00341796875 0.0146484375
0 0.47705078125 0.4443359375 0.005859375 0.033203125
0 0.483642578125 0.44189453125 0.00927734375 0.0439453125
0 0.49169921875 0.44091796875 0.0087890625 0.0439453125
0 0.495361328125 0.44287109375 0.01025390625 0.0478515625
0 0.511474609375 0.439453125 0.00830078125 0.0390625
0 0.512939453125 0.44384765625 0.00830078125 0.0400390625
0 0.521728515625 0.44140625 0.01025390625 0.048828125
0 0.5263671875 0.43994140625 0.0107421875 0.0517578125
0 0.41455078125 0.44189453125 0.01171875 0.0556640625
0 0.42041015625 0.4267578125 0.005859375 0.01953125
0 0.42578125 0.4345703125 0.0087890625 0.044921875
0 0.4013671875 0.4326171875 0.0029296875 0.013671875
0 0.3974609375 0.42822265625 0.0048828125 0.0224609375
0 0.39404296875 0.42529296875 0.0107421875 0.0283203125
0 0.384033203125 0.42822265625 0.01806640625 0.0361328125
0 0.36962890625 0.4287109375 0.0126953125 0.033203125
0 0.364013671875 0.427734375 0.01220703125 0.037109375
0 0.329833984375 0.41943359375 0.01513671875 0.0224609375
0 0.330810546875 0.435546875 0.01708984375 0.060546875
0 0.319580078125 0.43701171875 0.01513671875 0.0556640625
0 0.30517578125 0.4345703125 0.01953125 0.03125
0 0.26904296875 0.4287109375 0.0146484375 0.0390625
0 0.27783203125 0.4482421875 0.0400390625 0.1953125
0 0.26220703125 0.43896484375 0.02734375 0.0966796875
0 0.228515625 0.40673828125 0.02734375 0.0341796875
0 0.25 0.44482421875 0.029296875 0.0888671875
0 0.2021484375 0.42529296875 0.021484375 0.1044921875
0 0.205322265625 0.416015625 0.01806640625 0.0390625
0 0.222900390625 0.42919921875 0.04833984375 0.1025390625
0 0.175537109375 0.4150390625 0.01611328125 0.0546875
0 0.18798828125 0.43212890625 0.021484375 0.1025390625
0 0.11376953125 0.408203125 0.015625 0.05859375
0 0.147705078125 0.4326171875 0.02490234375 0.12109375
0 0.161376953125 0.41552734375 0.04150390625 0.0791015625
0 0.13134765625 0.4189453125 0.05078125 0.072265625
0 0.079345703125 0.3916015625 0.00634765625 0.0234375
0 0.049560546875 0.40087890625 0.01318359375 0.0419921875
0 0.075927734375 0.41796875 0.05029296875 0.1015625
0 0.044677734375 0.4296875 0.04638671875 0.12109375
0 0.336669921875 0.46142578125 0.03955078125 0.1923828125
0 0.581787109375 0.44091796875 0.02099609375 0.1025390625
0 0.59814453125 0.43896484375 0.0166015625 0.0791015625
0 0.615966796875 0.43994140625 0.01416015625 0.0693359375
0 0.68505859375 0.4306640625 0.0078125 0.029296875
0 0.67724609375 0.43896484375 0.0166015625 0.0498046875
0 0.829833984375 0.47607421875 0.07080078125 0.3447265625
0 0.875732421875 0.47021484375 0.06982421875 0.3408203125
0 0.568603515625 0.43212890625 0.01123046875 0.0556640625
0 0.4375 0.42822265625 0.0107421875 0.0166015625
0 0.445556640625 0.431640625 0.00244140625 0.0078125
0 0.451171875 0.43115234375 0.00390625 0.0068359375
0 0.468505859375 0.43505859375 0.02783203125 0.0224609375
0 0.455810546875 0.4501953125 0.00048828125 0.00390625
0 0.46533203125 0.45556640625 0.015625 0.0146484375
0 0.459228515625 0.458984375 0.00341796875 0.00390625
0 0.476806640625 0.46142578125 0.00146484375 0.0029296875
0 0.48828125 0.43701171875 0.0029296875 0.0224609375
