0 0.481201171875 0.3603515625 0.00439453125 0.021484375
0 0.40625 0.38671875 0.0068359375 0.033203125
0 0.39013671875 0.40185546875 0.0078125 0.0380859375
0 0.400146484375 0.40966796875 0.01220703125 0.0595703125
0 0.18701171875 0.41796875 0.0244140625 0.119140625
0 0.066650390625 0.4228515625 0.02392578125 0.115234375
0 0.522705078125 0.3896484375 0.00732421875 0.03515625
0 0.67578125 0.376953125 0.0126953125 0.015625
0 0.475341796875 0.3466796875 0.00244140625 0.01171875
0 0.578369140625 0.38330078125 0.00634765625 0.0185546875
0 0.564208984375 0.38720703125 0.00927734375 0.0205078125
