0 0.470947265625 0.2861328125 0.00732421875 0.03515625
0 0.498291015625 0.27880859375 0.00634765625 0.0302734375
0 0.515869140625 0.283203125 0.00634765625 0.03125
0 0.534423828125 0.28466796875 0.00537109375 0.0302734375
0 0.52001953125 0.30810546875 0.0078125 0.0380859375
0 0.4892578125 0.3203125 0.009765625 0.046875
0 0.9912109375 0.51416015625 0.0126953125 0.2314453125
0 0.3310546875 0.38232421875 0.0283203125 0.1376953125
0 0.571044921875 0.455078125 0.05615234375 0.2734375
0 0.584228515625 0.4716796875 0.05517578125 0.26953125
0 0.6875 0.4404296875 0.0458984375 0.224609375
