0 0.451904296875 0.41064453125 0.00732421875 0.0361328125
0 0.459228515625 0.40966796875 0.00732421875 0.0341796875
0 0.492919921875 0.4169921875 0.01416015625 0.0703125
0 0.5068359375 0.4169921875 0.013671875 0.06640625
0 0.586181640625 0.40576171875 0.00830078125 0.0400390625
0 0.59228515625 0.4072265625 0.0107421875 0.052734375
0 0.7587890625 0.47705078125 0.0419921875 0.2041015625
0 0.84521484375 0.4287109375 0.0283203125 0.13671875
0 0.914794921875 0.47021484375 0.05908203125 0.2900390625
0 0.98779296875 0.45849609375 0.01953125 0.2080078125
0 0.309814453125 0.412109375 0.01318359375 0.064453125
0 0.281494140625 0.41064453125 0.02099609375 0.1025390625
