0 0.476806640625 0.41748046875 0.00439453125 0.0205078125
0 0.4814453125 0.41845703125 0.0048828125 0.0224609375
0 0.484619140625 0.4169921875 0.00537109375 0.025390625
0 0.49853515625 0.41455078125 0.00390625 0.0205078125
0 0.492431640625 0.41650390625 0.00439453125 0.0224609375
0 0.48876953125 0.41748046875 0.00390625 0.0185546875
0 0.524658203125 0.41455078125 0.00634765625 0.0302734375
0 0.537841796875 0.42431640625 0.01611328125 0.0791015625
0 0.55126953125 0.42529296875 0.015625 0.0771484375
0 0.705322265625 0.44775390625 0.02783203125 0.1201171875
0 0.95556640625 0.37939453125 0.021484375 0.1044921875
0 0.345947265625 0.427734375 0.00244140625 0.037109375
0 0.321533203125 0.41162109375 0.00537109375 0.0126953125
0 0.2939453125 0.43505859375 0.0126953125 0.0615234375
0 0.13818359375 0.44482421875 0.025390625 0.1201171875
0 0.111083984375 0.44970703125 0.02392578125 0.1162109375
0 0.305419921875 0.43701171875 0.01123046875 0.0537109375
0 0.455078125 0.41650390625 0.029296875 0.0244140625
