0 0.526611328125 0.4091796875 0.01123046875 0.0546875
0 0.53662109375 0.40869140625 0.01171875 0.0595703125
0 0.584716796875 0.4189453125 0.01416015625 0.068359375
0 0.582763671875 0.42236328125 0.01806640625 0.0888671875
0 0.59423828125 0.42724609375 0.017578125 0.0849609375
0 0.624755859375 0.41943359375 0.01806640625 0.0888671875
0 0.617919921875 0.42431640625 0.01708984375 0.0830078125
0 0.71435546875 0.42822265625 0.0126953125 0.0498046875
0 0.693115234375 0.41796875 0.00537109375 0.021484375
0 0.881591796875 0.4326171875 0.02880859375 0.140625
0 0.54541015625 0.41357421875 0.0068359375 0.0322265625
0 0.063232421875 0.39599609375 0.01025390625 0.0498046875
0 0.70361328125 0.423828125 0.017578125 0.0859375
