0 0.769775390625 0.40966796875 0.00341796875 0.0166015625
0 0.4912109375 0.541015625 0.08203125 0.400390625
0 0.082763671875 0.521484375 0.10986328125 0.537109375
0 0.259765625 0.58349609375 0.0537109375 0.2626953125
0 0.263427734375 0.51318359375 0.09716796875 0.4736328125
0 0.294189453125 0.5751953125 0.08349609375 0.408203125
0 0.323486328125 0.53662109375 0.12548828125 0.6123046875
0 0.314697265625 0.55810546875 0.13427734375 0.6552734375
0 0.69677734375 0.54541015625 0.1171875 0.5712890625
0 0.59765625 0.53271484375 0.1337890625 0.6533203125
