0 0.642333984375 0.38330078125 0.01220703125 0.0595703125
0 0.651123046875 0.38232421875 0.01220703125 0.0595703125
0 0.691650390625 0.38232421875 0.01123046875 0.0537109375
0 0.768310546875 0.40673828125 0.02001953125 0.0966796875
0 0.799560546875 0.3974609375 0.02001953125 0.095703125
0 0.80419921875 0.4287109375 0.025390625 0.123046875
0 0.79931640625 0.42578125 0.02734375 0.1328125
0 0.7060546875 0.43359375 0.0302734375 0.146484375
0 0.709228515625 0.43310546875 0.03466796875 0.1689453125
0 0.936279296875 0.4189453125 0.02587890625 0.126953125
0 0.97509765625 0.43310546875 0.0517578125 0.2529296875
0 0.9736328125 0.31591796875 0.029296875 0.0947265625
0 0.99560546875 0.45166015625 0.0478515625 0.2314453125
0 0.97412109375 0.49072265625 0.064453125 0.3134765625
0 0.670654296875 0.45556640625 0.06396484375 0.3095703125
0 0.426025390625 0.37890625 0.00927734375 0.044921875
0 0.418212890625 0.38232421875 0.00830078125 0.0419921875
0 0.39697265625 0.375 0.0087890625 0.041015625
0 0.4091796875 0.3828125 0.0107421875 0.052734375
0 0.39892578125 0.39453125 0.01171875 0.056640625
0 0.385498046875 0.392578125 0.01318359375 0.064453125
0 0.502197265625 0.43212890625 0.04248046875 0.2060546875
0 0.5048828125 0.4443359375 0.0419921875 0.203125
0 0.527099609375 0.4912109375 0.07763671875 0.380859375
0 0.569580078125 0.5732421875 0.04833984375 0.234375
0 0.5732421875 0.49658203125 0.0810546875 0.3955078125
0 0.290771484375 0.380859375 0.00830078125 0.041015625
0 0.2783203125 0.37158203125 0.0146484375 0.0361328125
0 0.271484375 0.375 0.021484375 0.046875
0 0.19091796875 0.3486328125 0.0185546875 0.041015625
0 0.21533203125 0.40869140625 0.0126953125 0.0634765625
0 0.208740234375 0.4033203125 0.02099609375 0.083984375
0 0.199951171875 0.40478515625 0.02587890625 0.0830078125
0 0.187255859375 0.40576171875 0.03173828125 0.0830078125
0 0.14404296875 0.3701171875 0.0263671875 0.06640625
0 0.114013671875 0.36328125 0.01025390625 0.04296875
0 0.103515625 0.37744140625 0.0166015625 0.0673828125
0 0.142822265625 0.39111328125 0.02978515625 0.0751953125
0 0.1357421875 0.40234375 0.0517578125 0.1015625
0 0.06201171875 0.3994140625 0.0205078125 0.109375
0 0.0087890625 0.41015625 0.0107421875 0.099609375
0 0.020751953125 0.44189453125 0.03857421875 0.1884765625
0 0.010009765625 0.4638671875 0.01416015625 0.263671875
0 0.088134765625 0.44287109375 0.03564453125 0.1748046875
0 0.225830078125 0.46826171875 0.01904296875 0.0927734375
0 0.254150390625 0.4287109375 0.02783203125 0.134765625
0 0.247802734375 0.47265625 0.02099609375 0.1015625
0 0.357666015625 0.505859375 0.11083984375 0.5390625
0 0.313720703125 0.5458984375 0.11181640625 0.544921875
0 0.43017578125 0.37841796875 0.0029296875 0.0341796875
0 0.45068359375 0.37451171875 0.0341796875 0.0322265625
0 0.473876953125 0.36767578125 0.00830078125 0.0205078125
