0 0.530029296875 0.4296875 0.00830078125 0.04296875
0 0.463623046875 0.42626953125 0.00634765625 0.0302734375
0 0.458984375 0.42919921875 0.0087890625 0.0439453125
0 0.453369140625 0.4287109375 0.00732421875 0.03515625
0 0.442138671875 0.41748046875 0.00439453125 0.0205078125
0 0.44580078125 0.42822265625 0.0068359375 0.0341796875
0 0.39697265625 0.43115234375 0.013671875 0.0654296875
0 0.39208984375 0.43408203125 0.01171875 0.0595703125
0 0.378173828125 0.43115234375 0.01123046875 0.0556640625
0 0.36279296875 0.43115234375 0.0126953125 0.0615234375
0 0.368896484375 0.42724609375 0.01513671875 0.0732421875
0 0.35986328125 0.43603515625 0.0146484375 0.0712890625
0 0.35107421875 0.44189453125 0.02734375 0.1357421875
0 0.193115234375 0.42822265625 0.02099609375 0.1025390625
0 0.184326171875 0.43505859375 0.02392578125 0.1181640625
0 0.0263671875 0.478515625 0.0615234375 0.30078125
0 0.606201171875 0.43017578125 0.01025390625 0.0205078125
0 0.69580078125 0.43505859375 0.0166015625 0.0810546875
0 0.675537109375 0.43212890625 0.01416015625 0.0693359375
0 0.77392578125 0.4296875 0.0107421875 0.021484375
0 0.88818359375 0.43701171875 0.0224609375 0.1103515625
0 0.882568359375 0.44482421875 0.02294921875 0.1123046875
0 0.83642578125 0.439453125 0.0234375 0.11328125
0 0.82373046875 0.43701171875 0.03125 0.1513671875
0 0.839111328125 0.44287109375 0.02978515625 0.1455078125
0 0.904541015625 0.431640625 0.02685546875 0.130859375
0 0.995361328125 0.40234375 0.00439453125 0.05078125
0 0.3251953125 0.462890625 0.0380859375 0.185546875
0 0.3291015625 0.4599609375 0.0419921875 0.203125
0 0.42822265625 0.46044921875 0.0400390625 0.1962890625
0 0.471923828125 0.46142578125 0.04052734375 0.1962890625
0 0.212646484375 0.42626953125 0.02294921875 0.1123046875
0 0.60107421875 0.43798828125 0.0009765625 0.0009765625
0 0.611572265625 0.42626953125 0.01904296875 0.0341796875
0 0.625732421875 0.4287109375 0.00537109375 0.029296875
0 0.64697265625 0.42333984375 0.03515625 0.0537109375
0 0.668212890625 0.42333984375 0.00537109375 0.0419921875
