0 0.709716796875 0.42529296875 0.03173828125 0.1552734375
0 0.7607421875 0.42626953125 0.0283203125 0.1357421875
0 0.364501953125 0.42724609375 0.00830078125 0.0419921875
0 0.35546875 0.4208984375 0.0048828125 0.0234375
0 0.322021484375 0.43994140625 0.01416015625 0.0673828125
0 0.271728515625 0.43505859375 0.00634765625 0.0263671875
0 0.267822265625 0.43603515625 0.00830078125 0.0283203125
0 0.262451171875 0.4453125 0.01318359375 0.052734375
0 0.247314453125 0.43115234375 0.00537109375 0.0185546875
0 0.242431640625 0.43701171875 0.01611328125 0.0283203125
0 0.221923828125 0.44482421875 0.02099609375 0.1005859375
0 0.295166015625 0.4462890625 0.01708984375 0.08203125
0 0.2802734375 0.44287109375 0.01953125 0.0966796875
0 0.07470703125 0.45361328125 0.025390625 0.1220703125
0 0.113037109375 0.4638671875 0.02685546875 0.12890625
0 0.0556640625 0.47021484375 0.0380859375 0.1865234375
