0 0.16845703125 0.453125 0.0048828125 0.021484375
0 0.175537109375 0.45556640625 0.00439453125 0.0224609375
0 0.214111328125 0.45361328125 0.00537109375 0.0224609375
0 0.22900390625 0.4482421875 0.0068359375 0.033203125
0 0.33349609375 0.4443359375 0.0107421875 0.052734375
0 0.367919921875 0.45068359375 0.00927734375 0.0439453125
0 0.38427734375 0.44091796875 0.0126953125 0.0615234375
0 0.546875 0.44677734375 0.015625 0.0771484375
0 0.60107421875 0.44384765625 0.017578125 0.0849609375
0 0.2490234375 0.46337890625 0.064453125 0.3134765625
0 0.305908203125 0.51611328125 0.07958984375 0.3876953125
0 0.285400390625 0.50146484375 0.09130859375 0.4462890625
0 0.685302734375 0.45166015625 0.01806640625 0.0869140625
0 0.6748046875 0.4501953125 0.0185546875 0.08984375
0 0.6630859375 0.45068359375 0.017578125 0.0869140625
0 0.637451171875 0.4541015625 0.01513671875 0.072265625
0 0.623291015625 0.44873046875 0.01708984375 0.0830078125
0 0.40283203125 0.4365234375 0.013671875 0.06640625
0 0.15380859375 0.45654296875 0.013671875 0.0302734375
