0 0.55224609375 0.419921875 0.0029296875 0.015625
0 0.536376953125 0.419921875 0.00341796875 0.017578125
0 0.52734375 0.41748046875 0.0048828125 0.0224609375
0 0.52392578125 0.4169921875 0.0029296875 0.017578125
0 0.513671875 0.419921875 0.001953125 0.01171875
0 0.257080078125 0.4091796875 0.00732421875 0.03515625
0 0.23876953125 0.40673828125 0.0078125 0.0380859375
0 0.95849609375 0.4443359375 0.0166015625 0.080078125
0 0.975341796875 0.44482421875 0.01611328125 0.0791015625
0 0.990234375 0.43994140625 0.0185546875 0.0888671875
0 0.44775390625 0.5322265625 0.09375 0.45703125
