0 0.51416015625 0.3837890625 0.00390625 0.01953125
0 0.507080078125 0.3818359375 0.00537109375 0.025390625
0 0.489990234375 0.38330078125 0.00537109375 0.0244140625
0 0.495361328125 0.3896484375 0.00634765625 0.03125
0 0.418701171875 0.390625 0.00927734375 0.046875
0 0.40185546875 0.388671875 0.0087890625 0.04296875
0 0.407470703125 0.3916015625 0.01025390625 0.05078125
0 0.312255859375 0.388671875 0.01220703125 0.05859375
0 0.338134765625 0.39892578125 0.01318359375 0.0634765625
0 0.340087890625 0.3994140625 0.01416015625 0.0703125
0 0.31689453125 0.40380859375 0.0146484375 0.0712890625
0 0.3056640625 0.39697265625 0.015625 0.0771484375
0 0.23583984375 0.36279296875 0.015625 0.0751953125
0 0.276611328125 0.39501953125 0.01904296875 0.0927734375
0 0.234375 0.380859375 0.015625 0.076171875
0 0.185302734375 0.36181640625 0.00927734375 0.0361328125
0 0.208984375 0.44287109375 0.03515625 0.1728515625
0 0.22412109375 0.439453125 0.0390625 0.189453125
0 0.192138671875 0.44384765625 0.03759765625 0.1826171875
0 0.06640625 0.43994140625 0.05859375 0.2880859375
0 0.11474609375 0.44970703125 0.0458984375 0.2236328125
0 0.1552734375 0.37890625 0.009765625 0.033203125
0 0.16943359375 0.5 0.0810546875 0.39453125
0 0.13623046875 0.52294921875 0.0771484375 0.3759765625
0 0.013427734375 0.34228515625 0.02099609375 0.0830078125
0 0.011474609375 0.43115234375 0.01708984375 0.1083984375
0 0.563232421875 0.3935546875 0.00830078125 0.041015625
0 0.558349609375 0.392578125 0.00927734375 0.044921875
0 0.671630859375 0.38671875 0.01123046875 0.056640625
0 0.785888671875 0.40380859375 0.02197265625 0.1064453125
0 0.948486328125 0.4091796875 0.02783203125 0.13671875
0 0.969970703125 0.4072265625 0.03369140625 0.166015625
0 0.827392578125 0.49462890625 0.07666015625 0.3740234375
0 0.74072265625 0.50390625 0.1103515625 0.541015625
0 0.64306640625 0.517578125 0.1005859375 0.490234375
0 0.5439453125 0.4462890625 0.0380859375 0.185546875
0 0.394287109375 0.52001953125 0.07861328125 0.3818359375
0 0.43359375 0.50439453125 0.08984375 0.4384765625
0 0.37744140625 0.52685546875 0.10546875 0.5146484375
0 0.47119140625 0.53955078125 0.0947265625 0.4638671875
0 0.253662109375 0.4482421875 0.03662109375 0.1796875
0 0.266357421875 0.40185546875 0.00439453125 0.0380859375
0 0.293212890625 0.3935546875 0.01708984375 0.0390625
