0 0.422607421875 0.4287109375 0.00634765625 0.03125
0 0.287109375 0.4404296875 0.0078125 0.0390625
0 0.268310546875 0.44091796875 0.00927734375 0.0458984375
0 0.228759765625 0.447265625 0.01123046875 0.056640625
0 0.2197265625 0.4423828125 0.013671875 0.06640625
0 0.20556640625 0.4404296875 0.0107421875 0.05078125
0 0.045166015625 0.43505859375 0.01318359375 0.0654296875
0 0.00390625 0.427734375 0.001953125 0.013671875
0 0.023193359375 0.46142578125 0.02490234375 0.1201171875
0 0.637939453125 0.423828125 0.01123046875 0.056640625
0 0.662353515625 0.41748046875 0.01220703125 0.0576171875
0 0.7548828125 0.42236328125 0.0234375 0.1142578125
0 0.68798828125 0.431640625 0.021484375 0.103515625
0 0.58154296875 0.49169921875 0.087890625 0.4287109375
0 0.724609375 0.404296875 0.0322265625 0.064453125
