0 0.67822265625 0.466796875 0.0380859375 0.185546875
0 0.17041015625 0.4130859375 0.037109375 0.1796875
0 0.16748046875 0.46875 0.0234375 0.14453125
0 0.104248046875 0.4482421875 0.04638671875 0.2265625
0 0.114990234375 0.443359375 0.04931640625 0.23828125
0 0.73583984375 0.44873046875 0.048828125 0.2392578125
0 0.796630859375 0.455078125 0.04443359375 0.216796875
0 0.786376953125 0.46337890625 0.04443359375 0.2158203125
0 0.85546875 0.4560546875 0.046875 0.228515625
0 0.927978515625 0.466796875 0.05908203125 0.287109375
0 0.43017578125 0.44287109375 0.029296875 0.1416015625
