0 0.47705078125 0.359375 0.005859375 0.013671875
0 0.48876953125 0.38134765625 0.0087890625 0.0439453125
0 0.496337890625 0.38134765625 0.00830078125 0.0419921875
0 0.46533203125 0.3818359375 0.0087890625 0.044921875
0 0.439697265625 0.3857421875 0.00830078125 0.041015625
0 0.4462890625 0.38427734375 0.0087890625 0.0439453125
0 0.454345703125 0.38232421875 0.00830078125 0.0400390625
0 0.4560546875 0.408203125 0.0166015625 0.08203125
0 0.434326171875 0.4169921875 0.02294921875 0.11328125
0 0.395263671875 0.4091796875 0.01611328125 0.078125
0 0.552001953125 0.41650390625 0.02099609375 0.1025390625
0 0.5625 0.41015625 0.02734375 0.1328125
0 0.81787109375 0.4404296875 0.05859375 0.28515625
0 0.611328125 0.46044921875 0.0537109375 0.2626953125
0 0.624267578125 0.453125 0.06298828125 0.306640625
0 0.915771484375 0.4208984375 0.06494140625 0.318359375
0 0.91162109375 0.4462890625 0.056640625 0.27734375
0 0.5029296875 0.39990234375 0.013671875 0.0673828125
0 0.513671875 0.40478515625 0.0146484375 0.0732421875
