0 0.51513671875 0.416015625 0.021484375 0.103515625
0 0.5380859375 0.40771484375 0.0205078125 0.1005859375
0 0.243408203125 0.44140625 0.05224609375 0.25390625
0 0.25830078125 0.44775390625 0.052734375 0.2568359375
0 0.56201171875 0.404296875 0.0126953125 0.0625
0 0.572998046875 0.404296875 0.01220703125 0.060546875
0 0.591796875 0.3974609375 0.01171875 0.056640625
0 0.581787109375 0.40966796875 0.01708984375 0.0830078125
0 0.588623046875 0.4130859375 0.01513671875 0.07421875
0 0.617919921875 0.40625 0.02001953125 0.099609375
0 0.64208984375 0.404296875 0.01953125 0.095703125
0 0.6484375 0.4091796875 0.0185546875 0.08984375
0 0.629638671875 0.466796875 0.05126953125 0.25
0 0.60693359375 0.4658203125 0.0595703125 0.291015625
0 0.752197265625 0.4150390625 0.03173828125 0.154296875
0 0.843017578125 0.443359375 0.03857421875 0.1875
0 0.463134765625 0.421875 0.04931640625 0.240234375
