0 0.432373046875 0.4150390625 0.01123046875 0.056640625
0 0.421875 0.4208984375 0.01171875 0.056640625
0 0.66162109375 0.439453125 0.0146484375 0.0703125
0 0.77587890625 0.45751953125 0.0087890625 0.0302734375
0 0.782958984375 0.45654296875 0.00732421875 0.0283203125
0 0.773193359375 0.49755859375 0.02685546875 0.0576171875
0 0.783203125 0.5029296875 0.005859375 0.044921875
0 0.798583984375 0.45703125 0.02880859375 0.140625
0 0.822265625 0.48291015625 0.0283203125 0.1025390625
0 0.8388671875 0.4873046875 0.04296875 0.107421875
