0 0.8583984375 0.35498046875 0.0146484375 0.0263671875
0 0.520263671875 0.4365234375 0.01220703125 0.05859375
0 0.534423828125 0.4296875 0.01513671875 0.072265625
0 0.700927734375 0.43896484375 0.02587890625 0.1279296875
0 0.73486328125 0.435546875 0.0263671875 0.126953125
0 0.575439453125 0.42431640625 0.00927734375 0.0439453125
0 0.585693359375 0.42138671875 0.00927734375 0.0458984375
0 0.66943359375 0.4345703125 0.01953125 0.095703125
0 0.673583984375 0.44775390625 0.02294921875 0.1123046875
0 0.366943359375 0.43359375 0.01318359375 0.064453125
