0 0.495361328125 0.390625 0.00537109375 0.025390625
0 0.5244140625 0.39404296875 0.005859375 0.0283203125
0 0.518310546875 0.39892578125 0.00634765625 0.0302734375
0 0.535400390625 0.3994140625 0.00634765625 0.033203125
0 0.540771484375 0.40185546875 0.00927734375 0.0439453125
0 0.54736328125 0.412109375 0.0078125 0.041015625
0 0.562744140625 0.41064453125 0.01025390625 0.0498046875
0 0.556640625 0.4140625 0.0107421875 0.05078125
0 0.5693359375 0.412109375 0.0107421875 0.052734375
0 0.581298828125 0.40625 0.01123046875 0.052734375
0 0.586181640625 0.42138671875 0.01513671875 0.0732421875
0 0.600341796875 0.4208984375 0.01513671875 0.07421875
0 0.615966796875 0.4140625 0.01513671875 0.07421875
0 0.62744140625 0.41064453125 0.015625 0.0771484375
0 0.682373046875 0.4169921875 0.02001953125 0.09765625
0 0.667236328125 0.42626953125 0.01708984375 0.0849609375
0 0.837158203125 0.431640625 0.03369140625 0.1640625
0 0.8251953125 0.44287109375 0.03515625 0.1708984375
0 0.8203125 0.42529296875 0.044921875 0.2177734375
0 0.787841796875 0.4580078125 0.02978515625 0.14453125
0 0.784423828125 0.42724609375 0.04541015625 0.2236328125
0 0.86572265625 0.46923828125 0.041015625 0.1044921875
0 0.896728515625 0.42333984375 0.04345703125 0.2119140625
0 0.308349609375 0.41162109375 0.01416015625 0.0693359375
0 0.319580078125 0.41162109375 0.01416015625 0.0693359375
0 0.369384765625 0.40087890625 0.00732421875 0.0361328125
0 0.251220703125 0.41015625 0.01904296875 0.091796875
0 0.010986328125 0.416015625 0.03857421875 0.1875
0 0.72900390625 0.44873046875 0.041015625 0.2001953125
