0 0.611572265625 0.427734375 0.00830078125 0.041015625
0 0.618408203125 0.43408203125 0.00927734375 0.0302734375
0 0.609130859375 0.4658203125 0.02001953125 0.068359375
0 0.635498046875 0.4638671875 0.02978515625 0.14453125
0 0.5732421875 0.443359375 0.0126953125 0.0625
0 0.49951171875 0.43994140625 0.0107421875 0.0517578125
0 0.51220703125 0.4541015625 0.0185546875 0.08984375
0 0.5380859375 0.44775390625 0.0146484375 0.0712890625
0 0.4814453125 0.453125 0.021484375 0.103515625
0 0.4873046875 0.46337890625 0.0283203125 0.1376953125
0 0.45703125 0.45654296875 0.025390625 0.1240234375
0 0.428466796875 0.45556640625 0.02587890625 0.1259765625
0 0.307861328125 0.46728515625 0.04931640625 0.2392578125
0 0.043212890625 0.53564453125 0.12939453125 0.6318359375
0 0.9248046875 0.56005859375 0.0986328125 0.4794921875
0 0.584228515625 0.44287109375 0.01513671875 0.0732421875
0 0.529052734375 0.45166015625 0.01904296875 0.0927734375
