0 0.448974609375 0.40478515625 0.00830078125 0.0400390625
0 0.438720703125 0.4111328125 0.00830078125 0.0234375
0 0.4306640625 0.41845703125 0.009765625 0.0478515625
0 0.4814453125 0.43310546875 0.0087890625 0.0400390625
0 0.499755859375 0.42236328125 0.00927734375 0.0439453125
0 0.49560546875 0.435546875 0.013671875 0.06640625
0 0.470703125 0.435546875 0.013671875 0.06640625
0 0.097900390625 0.498046875 0.06494140625 0.31640625
0 0.363525390625 0.4033203125 0.01123046875 0.021484375
0 0.354248046875 0.439453125 0.01513671875 0.07421875
0 0.52197265625 0.43115234375 0.013671875 0.0673828125
0 0.598388671875 0.47509765625 0.03857421875 0.1865234375
0 0.62158203125 0.4814453125 0.041015625 0.19921875
0 0.579833984375 0.47119140625 0.04052734375 0.2001953125
