0 0.26171875 0.4208984375 0.015625 0.078125
0 0.31298828125 0.42333984375 0.0234375 0.1123046875
0 0.328369140625 0.4287109375 0.02001953125 0.099609375
0 0.50537109375 0.4189453125 0.01953125 0.095703125
0 0.519775390625 0.4130859375 0.02001953125 0.09765625
0 0.545654296875 0.419921875 0.01806640625 0.08984375
0 0.55224609375 0.3896484375 0.0078125 0.02734375
0 0.650390625 0.4365234375 0.0263671875 0.12890625
0 0.781005859375 0.41650390625 0.01708984375 0.0810546875
0 0.76904296875 0.4150390625 0.0185546875 0.087890625
0 0.757568359375 0.42138671875 0.01806640625 0.0888671875
0 0.847412109375 0.4833984375 0.06689453125 0.32421875
0 0.81103515625 0.47412109375 0.0732421875 0.3564453125
0 0.2353515625 0.4375 0.015625 0.076171875
0 0.4423828125 0.41259765625 0.0205078125 0.0986328125
0 0.43701171875 0.41650390625 0.0185546875 0.0908203125
0 0.216552734375 0.42431640625 0.02099609375 0.1025390625
