0 0.494140625 0.35302734375 0.005859375 0.0146484375
0 0.50390625 0.36181640625 0.0107421875 0.0361328125
0 0.5390625 0.38037109375 0.0185546875 0.0908203125
0 0.546630859375 0.4091796875 0.02490234375 0.12109375
0 0.411376953125 0.349609375 0.00537109375 0.02734375
0 0.41845703125 0.35107421875 0.0087890625 0.0302734375
0 0.4267578125 0.3564453125 0.0078125 0.025390625
0 0.433837890625 0.353515625 0.00732421875 0.025390625
0 0.442626953125 0.35009765625 0.00634765625 0.0205078125
0 0.4482421875 0.3515625 0.0068359375 0.017578125
0 0.396728515625 0.365234375 0.00927734375 0.046875
0 0.372314453125 0.349609375 0.00927734375 0.029296875
0 0.374755859375 0.359375 0.01220703125 0.029296875
0 0.349365234375 0.4013671875 0.02978515625 0.146484375
0 0.332275390625 0.40234375 0.03076171875 0.1484375
0 0.38720703125 0.40625 0.0283203125 0.138671875
0 0.406982421875 0.41259765625 0.02685546875 0.1298828125
0 0.517333984375 0.40625 0.02685546875 0.1328125
0 0.451416015625 0.42626953125 0.03173828125 0.1552734375
0 0.65185546875 0.41943359375 0.0439453125 0.2158203125
0 0.6240234375 0.43359375 0.0400390625 0.1953125
0 0.771728515625 0.46484375 0.06787109375 0.330078125
0 0.95703125 0.46044921875 0.095703125 0.4677734375
