0 0.5166015625 0.37158203125 0.0126953125 0.0634765625
0 0.540771484375 0.36181640625 0.00634765625 0.0322265625
0 0.546630859375 0.3662109375 0.00927734375 0.044921875
0 0.55419921875 0.36572265625 0.0087890625 0.0439453125
0 0.543212890625 0.37353515625 0.01220703125 0.0615234375
0 0.527099609375 0.3935546875 0.02294921875 0.111328125
0 0.5185546875 0.3974609375 0.0224609375 0.109375
0 0.386474609375 0.38916015625 0.02197265625 0.1083984375
0 0.405029296875 0.39599609375 0.02099609375 0.1005859375
0 0.226318359375 0.47900390625 0.06884765625 0.3369140625
0 0.24755859375 0.46240234375 0.083984375 0.4111328125
0 0.5771484375 0.36474609375 0.0087890625 0.0439453125
0 0.57275390625 0.3740234375 0.01171875 0.056640625
0 0.576171875 0.37841796875 0.009765625 0.0478515625
0 0.602783203125 0.37109375 0.01318359375 0.064453125
0 0.609619140625 0.3740234375 0.01220703125 0.05859375
0 0.591064453125 0.3779296875 0.01123046875 0.0546875
0 0.59619140625 0.3740234375 0.0126953125 0.0625
0 0.637451171875 0.3759765625 0.01708984375 0.08203125
0 0.70751953125 0.41357421875 0.0234375 0.1162109375
0 0.902587890625 0.4501953125 0.06005859375 0.29296875
0 0.533935546875 0.37255859375 0.01416015625 0.0693359375
