0 0.73193359375 0.38525390625 0.0087890625 0.0419921875
0 0.756591796875 0.39306640625 0.00830078125 0.0419921875
0 0.7529296875 0.388671875 0.01171875 0.05859375
0 0.771484375 0.390625 0.009765625 0.046875
0 0.76513671875 0.39208984375 0.0087890625 0.0419921875
0 0.802490234375 0.38525390625 0.01025390625 0.0498046875
0 0.807861328125 0.39111328125 0.01220703125 0.0595703125
0 0.826416015625 0.38134765625 0.01318359375 0.0576171875
0 0.81787109375 0.38818359375 0.0126953125 0.0615234375
0 0.33056640625 0.4384765625 0.0517578125 0.251953125
0 0.2958984375 0.44775390625 0.0517578125 0.2529296875
0 0.27099609375 0.451171875 0.052734375 0.259765625
0 0.859375 0.39111328125 0.0126953125 0.0615234375
0 0.849609375 0.38720703125 0.0126953125 0.0634765625
0 0.888427734375 0.40234375 0.01611328125 0.078125
0 0.867919921875 0.39892578125 0.01611328125 0.0810546875
