0 0.7490234375 0.44287109375 0.0107421875 0.0517578125
0 0.843017578125 0.4677734375 0.01611328125 0.078125
0 0.62255859375 0.4423828125 0.013671875 0.068359375
0 0.666015625 0.4541015625 0.0185546875 0.05859375
0 0.6455078125 0.443359375 0.015625 0.076171875
0 0.642333984375 0.44384765625 0.01513671875 0.0751953125
0 0.64306640625 0.44287109375 0.0048828125 0.0751953125
0 0.633056640625 0.44482421875 0.01416015625 0.0693359375
0 0.63818359375 0.4423828125 0.015625 0.076171875
0 0.324951171875 0.4443359375 0.02783203125 0.134765625
