0 0.29443359375 0.4384765625 0.017578125 0.0859375
0 0.706298828125 0.39111328125 0.00341796875 0.0166015625
0 0.71533203125 0.4033203125 0.0068359375 0.033203125
0 0.748779296875 0.4140625 0.01123046875 0.0546875
0 0.740966796875 0.41845703125 0.01025390625 0.0498046875
0 0.8095703125 0.41552734375 0.015625 0.0771484375
0 0.800537109375 0.421875 0.01806640625 0.087890625
0 0.77734375 0.431640625 0.017578125 0.0859375
0 0.806396484375 0.43115234375 0.02099609375 0.1025390625
0 0.849853515625 0.431640625 0.03076171875 0.1484375
0 0.8857421875 0.42333984375 0.0205078125 0.1005859375
0 0.991943359375 0.42041015625 0.01123046875 0.0478515625
0 0.972900390625 0.45556640625 0.04931640625 0.1201171875
0 0.951904296875 0.4287109375 0.04052734375 0.197265625
0 0.8955078125 0.4404296875 0.037109375 0.181640625
0 0.398193359375 0.46484375 0.04150390625 0.201171875
