0 0.817138671875 0.4736328125 0.06494140625 0.314453125
0 0.1376953125 0.49853515625 0.0302734375 0.1474609375
0 0.12939453125 0.501953125 0.029296875 0.142578125
0 0.33935546875 0.47216796875 0.0419921875 0.2041015625
0 0.21435546875 0.49072265625 0.0439453125 0.2138671875
0 0.075439453125 0.49658203125 0.04638671875 0.2255859375
0 0.431640625 0.4755859375 0.03125 0.15234375
0 0.453369140625 0.48193359375 0.02978515625 0.1455078125
0 0.67041015625 0.4716796875 0.025390625 0.123046875
0 0.6787109375 0.462890625 0.0322265625 0.15625
0 0.753173828125 0.5732421875 0.03564453125 0.173828125
0 0.737060546875 0.49267578125 0.07666015625 0.3740234375
0 0.80126953125 0.490234375 0.0947265625 0.462890625
0 0.570068359375 0.4638671875 0.07568359375 0.3671875
0 0.5546875 0.50048828125 0.072265625 0.3525390625
