0 0.65673828125 0.419921875 0.009765625 0.046875
0 0.65380859375 0.42041015625 0.01171875 0.0595703125
0 0.669921875 0.4248046875 0.009765625 0.046875
0 0.557861328125 0.421875 0.00927734375 0.044921875
0 0.756103515625 0.4306640625 0.01318359375 0.064453125
0 0.7392578125 0.43017578125 0.013671875 0.0673828125
0 0.732177734375 0.42626953125 0.01611328125 0.0810546875
0 0.718505859375 0.4326171875 0.01513671875 0.072265625
0 0.48291015625 0.42041015625 0.0048828125 0.0224609375
0 0.488037109375 0.42431640625 0.01123046875 0.0556640625
0 0.456787109375 0.421875 0.00927734375 0.044921875
0 0.462890625 0.421875 0.0087890625 0.041015625
0 0.383544921875 0.4248046875 0.02490234375 0.123046875
