0 0.028076171875 0.46044921875 0.01318359375 0.0654296875
0 0.053466796875 0.4609375 0.01318359375 0.0625
0 0.320556640625 0.4736328125 0.02197265625 0.107421875
0 0.4423828125 0.4521484375 0.0166015625 0.08203125
0 0.645263671875 0.412109375 0.01220703125 0.015625
0 0.654052734375 0.4609375 0.01708984375 0.08203125
0 0.6611328125 0.458984375 0.0185546875 0.08984375
0 0.818603515625 0.4677734375 0.02685546875 0.12890625
0 0.8564453125 0.46240234375 0.02734375 0.1318359375
0 0.889404296875 0.4765625 0.02880859375 0.138671875
0 0.63525390625 0.501953125 0.0771484375 0.376953125
