0 0.589111328125 0.40478515625 0.00927734375 0.0458984375
0 0.30859375 0.41650390625 0.0048828125 0.0224609375
0 0.318115234375 0.42236328125 0.00830078125 0.0400390625
0 0.4052734375 0.42724609375 0.013671875 0.0654296875
0 0.3740234375 0.42041015625 0.009765625 0.0458984375
0 0.38037109375 0.42724609375 0.0146484375 0.0712890625
0 0.27587890625 0.44775390625 0.0244140625 0.1181640625
0 0.151611328125 0.4609375 0.03173828125 0.15625
0 0.171630859375 0.45703125 0.03564453125 0.173828125
0 0.160888671875 0.46826171875 0.03173828125 0.1552734375
0 0.126708984375 0.46044921875 0.04638671875 0.2275390625
0 0.0390625 0.470703125 0.046875 0.228515625
0 0.007080078125 0.4853515625 0.04736328125 0.23046875
0 0.05908203125 0.48193359375 0.0537109375 0.2607421875
0 0.505859375 0.4111328125 0.0068359375 0.033203125
