0 0.54833984375 0.439453125 0.0048828125 0.025390625
0 0.4521484375 0.443359375 0.0068359375 0.033203125
0 0.681884765625 0.43701171875 0.01708984375 0.0830078125
0 0.703125 0.42724609375 0.0166015625 0.0810546875
0 0.7138671875 0.4326171875 0.01953125 0.09375
0 0.71923828125 0.41064453125 0.01171875 0.0263671875
0 0.742431640625 0.423828125 0.01123046875 0.0546875
0 0.74560546875 0.44287109375 0.015625 0.0771484375
0 0.766357421875 0.4296875 0.01806640625 0.087890625
0 0.78955078125 0.43115234375 0.0166015625 0.0810546875
0 0.78076171875 0.43212890625 0.01953125 0.0966796875
0 0.734375 0.4306640625 0.01953125 0.09375
0 0.752197265625 0.43359375 0.01904296875 0.09375
0 0.77490234375 0.43408203125 0.0205078125 0.1005859375
0 0.84228515625 0.427734375 0.0185546875 0.08984375
0 0.831787109375 0.42529296875 0.02685546875 0.1298828125
0 0.185546875 0.443359375 0.0126953125 0.09765625
0 0.1962890625 0.46728515625 0.0283203125 0.1396484375
0 0.216064453125 0.462890625 0.02490234375 0.12109375
0 0.223388671875 0.4697265625 0.02392578125 0.1171875
0 0.54052734375 0.443359375 0.0166015625 0.080078125
0 0.4697265625 0.443359375 0.0166015625 0.04296875
