0 0.855712890625 0.4345703125 0.00732421875 0.037109375
0 0.773681640625 0.43408203125 0.00732421875 0.0361328125
0 0.705810546875 0.44384765625 0.01904296875 0.0908203125
0 0.92626953125 0.4892578125 0.09765625 0.4765625
0 0.254150390625 0.421875 0.00537109375 0.02734375
0 0.23779296875 0.42041015625 0.0048828125 0.0244140625
0 0.1748046875 0.41943359375 0.0078125 0.0361328125
0 0.13671875 0.41357421875 0.0087890625 0.0419921875
0 0.0341796875 0.416015625 0.0107421875 0.052734375
0 0.0712890625 0.42138671875 0.0078125 0.0380859375
0 0.048828125 0.43310546875 0.017578125 0.0869140625
0 0.101318359375 0.431640625 0.01806640625 0.087890625
0 0.1083984375 0.4501953125 0.0107421875 0.052734375
0 0.329345703125 0.43505859375 0.01904296875 0.0908203125
0 0.5205078125 0.44140625 0.01953125 0.09375
0 0.49560546875 0.4443359375 0.0185546875 0.08984375
0 0.483642578125 0.4404296875 0.02099609375 0.1015625
0 0.459228515625 0.43994140625 0.01806640625 0.0888671875
0 0.46435546875 0.44873046875 0.017578125 0.0849609375
0 0.378662109375 0.513671875 0.09130859375 0.443359375
0 0.26123046875 0.42138671875 0.0068359375 0.0322265625
