0 0.42919921875 0.4462890625 0.021484375 0.10546875
0 0.405029296875 0.44189453125 0.02294921875 0.1103515625
0 0.343017578125 0.46435546875 0.00927734375 0.0732421875
0 0.385009765625 0.43603515625 0.02392578125 0.1162109375
0 0.420654296875 0.43994140625 0.02587890625 0.1259765625
0 0.376708984375 0.45068359375 0.03173828125 0.1552734375
0 0.3984375 0.44140625 0.0234375 0.11328125
0 0.35400390625 0.4658203125 0.0244140625 0.119140625
0 0.329833984375 0.4365234375 0.03466796875 0.16796875
0 0.364501953125 0.44091796875 0.04052734375 0.1982421875
0 0.319580078125 0.44677734375 0.03466796875 0.1689453125
0 0.45556640625 0.42529296875 0.01953125 0.0966796875
0 0.45361328125 0.4482421875 0.0224609375 0.109375
0 0.5029296875 0.41015625 0.009765625 0.048828125
0 0.495361328125 0.4091796875 0.01123046875 0.052734375
0 0.465087890625 0.43505859375 0.01513671875 0.0751953125
