0 0.445068359375 0.4375 0.01513671875 0.07421875
0 0.145751953125 0.48193359375 0.02978515625 0.1435546875
0 0.164794921875 0.4765625 0.02978515625 0.146484375
0 0.20751953125 0.470703125 0.02734375 0.134765625
0 0.226806640625 0.46484375 0.02880859375 0.140625
0 0.838134765625 0.3984375 0.01904296875 0.09375
0 0.77880859375 0.41943359375 0.025390625 0.1240234375
0 0.7373046875 0.42138671875 0.0263671875 0.1298828125
0 0.9091796875 0.447265625 0.0537109375 0.26171875
0 0.953125 0.4267578125 0.0615234375 0.30078125
0 0.877685546875 0.44580078125 0.05615234375 0.2744140625
0 0.225341796875 0.4853515625 0.01513671875 0.072265625
0 0.25732421875 0.455078125 0.0205078125 0.099609375
0 0.414306640625 0.4345703125 0.03173828125 0.0546875
0 0.463134765625 0.4033203125 0.01220703125 0.01953125
