0 0.51806640625 0.42578125 0.00390625 0.01953125
0 0.532958984375 0.43017578125 0.00341796875 0.0185546875
0 0.540283203125 0.43408203125 0.00439453125 0.0107421875
0 0.588623046875 0.431640625 0.01513671875 0.07421875
0 0.58251953125 0.43115234375 0.0146484375 0.0732421875
0 0.58251953125 0.447265625 0.013671875 0.06640625
0 0.5712890625 0.4267578125 0.0205078125 0.09765625
0 0.60302734375 0.4443359375 0.0126953125 0.0625
0 0.54931640625 0.4208984375 0.0224609375 0.109375
0 0.506591796875 0.41796875 0.00634765625 0.021484375
0 0.52490234375 0.4326171875 0.0048828125 0.0234375
