0 0.8759765625 0.49560546875 0.009765625 0.0478515625
0 0.884765625 0.4951171875 0.009765625 0.048828125
0 0.941162109375 0.49365234375 0.01025390625 0.0517578125
0 0.954833984375 0.4931640625 0.01025390625 0.05078125
0 0.967041015625 0.49267578125 0.01123046875 0.0537109375
0 0.94921875 0.49951171875 0.009765625 0.0478515625
0 0.82275390625 0.48583984375 0.0107421875 0.0517578125
0 0.973388671875 0.4990234375 0.01806640625 0.087890625
0 0.94091796875 0.5107421875 0.015625 0.076171875
0 0.84423828125 0.4873046875 0.01953125 0.09375
