0 0.026123046875 0.39892578125 0.02392578125 0.0712890625
0 0.1298828125 0.39404296875 0.013671875 0.0439453125
0 0.0068359375 0.4638671875 0.046875 0.228515625
0 0.10009765625 0.4755859375 0.0537109375 0.263671875
0 0.15087890625 0.478515625 0.0556640625 0.2734375
0 0.5 0.40771484375 0.0205078125 0.1005859375
0 0.521240234375 0.40966796875 0.02099609375 0.1025390625
0 0.567626953125 0.4267578125 0.01025390625 0.05078125
0 0.5810546875 0.42529296875 0.0126953125 0.0615234375
0 0.56982421875 0.4111328125 0.0185546875 0.08984375
0 0.5546875 0.4111328125 0.021484375 0.10546875
0 0.6044921875 0.4208984375 0.0087890625 0.03125
0 0.594482421875 0.41748046875 0.01611328125 0.0791015625
0 0.47998046875 0.40087890625 0.0224609375 0.1103515625
