0 0.599609375 0.42041015625 0.0068359375 0.0341796875
0 0.6171875 0.4287109375 0.005859375 0.02734375
0 0.604736328125 0.4189453125 0.00927734375 0.044921875
0 0.610595703125 0.4228515625 0.00830078125 0.041015625
0 0.728515625 0.396484375 0.015625 0.076171875
0 0.736083984375 0.3955078125 0.02001953125 0.09765625
0 0.715576171875 0.40185546875 0.01416015625 0.0673828125
0 0.7236328125 0.4072265625 0.01171875 0.056640625
0 0.587646484375 0.42529296875 0.02880859375 0.1396484375
0 0.853515625 0.42431640625 0.05859375 0.2861328125
0 0.255615234375 0.4169921875 0.01123046875 0.033203125
0 0.246826171875 0.41650390625 0.00830078125 0.0263671875
0 0.259521484375 0.40869140625 0.00732421875 0.0205078125
0 0.264404296875 0.41455078125 0.01123046875 0.0439453125
0 0.27001953125 0.4052734375 0.0068359375 0.013671875
0 0.307861328125 0.41748046875 0.01318359375 0.0302734375
0 0.33203125 0.41796875 0.0166015625 0.03515625
0 0.275146484375 0.41455078125 0.01708984375 0.0439453125
0 0.27880859375 0.41845703125 0.0205078125 0.0458984375
0 0.292724609375 0.41796875 0.02294921875 0.029296875
0 0.36474609375 0.419921875 0.005859375 0.041015625
0 0.33544921875 0.4208984375 0.01171875 0.029296875
0 0.369384765625 0.42626953125 0.00830078125 0.0478515625
0 0.401123046875 0.423828125 0.01123046875 0.041015625
0 0.3525390625 0.43994140625 0.03125 0.1533203125
0 0.3857421875 0.4375 0.03515625 0.171875
