0 0.366455078125 0.49658203125 0.01416015625 0.0693359375
0 0.307861328125 0.49267578125 0.01513671875 0.0732421875
0 0.08447265625 0.5341796875 0.0478515625 0.232421875
0 0.545654296875 0.49560546875 0.01123046875 0.0556640625
0 0.53857421875 0.4951171875 0.01171875 0.05859375
0 0.52978515625 0.5 0.01171875 0.05859375
0 0.741455078125 0.52001953125 0.01513671875 0.0751953125
0 0.1904296875 0.52587890625 0.041015625 0.2001953125
0 0.770751953125 0.5048828125 0.01904296875 0.091796875
0 0.47607421875 0.49853515625 0.0166015625 0.0810546875
0 0.116943359375 0.51513671875 0.06396484375 0.3115234375
0 0.338134765625 0.49609375 0.04736328125 0.08203125
0 0.3642578125 0.46240234375 0.001953125 0.0068359375
0 0.383544921875 0.4853515625 0.00341796875 0.015625
0 0.39453125 0.486328125 0.01171875 0.033203125
