0 0.7109375 0.48046875 0.0537109375 0.26171875
0 0.767333984375 0.47021484375 0.05615234375 0.2744140625
0 0.518310546875 0.4453125 0.01611328125 0.078125
0 0.53173828125 0.44580078125 0.0166015625 0.0810546875
0 0.565673828125 0.44091796875 0.01025390625 0.0498046875
0 0.5576171875 0.4443359375 0.0107421875 0.05078125
0 0.587646484375 0.43701171875 0.01025390625 0.0517578125
0 0.57958984375 0.4521484375 0.015625 0.076171875
0 0.606201171875 0.4501953125 0.01220703125 0.060546875
0 0.61376953125 0.4462890625 0.0107421875 0.05078125
0 0.497802734375 0.439453125 0.02978515625 0.083984375
