0 0.3388671875 0.4033203125 0.013671875 0.037109375
0 0.361572265625 0.45458984375 0.04833984375 0.2373046875
0 0.407958984375 0.43798828125 0.05810546875 0.2822265625
0 0.57373046875 0.43017578125 0.0146484375 0.0712890625
0 0.699951171875 0.46240234375 0.03564453125 0.1728515625
0 0.72509765625 0.4560546875 0.0380859375 0.185546875
0 0.292236328125 0.39697265625 0.04736328125 0.0400390625
0 0.317626953125 0.39453125 0.00146484375 0.013671875
0 0.516357421875 0.40283203125 0.01806640625 0.0283203125
0 0.51123046875 0.4326171875 0.00390625 0.015625
0 0.60546875 0.41845703125 0.0234375 0.0400390625
0 0.60595703125 0.4619140625 0.0029296875 0.001953125
