0 0.352294921875 0.43896484375 0.01025390625 0.0498046875
0 0.34130859375 0.4384765625 0.009765625 0.048828125
0 0.172607421875 0.439453125 0.01806640625 0.05078125
0 0.191162109375 0.43017578125 0.01904296875 0.0322265625
0 0.386474609375 0.44287109375 0.00927734375 0.0439453125
0 0.37890625 0.44580078125 0.025390625 0.1220703125
0 0.779296875 0.4208984375 0.0185546875 0.08984375
0 0.59716796875 0.4287109375 0.009765625 0.048828125
0 0.491455078125 0.43603515625 0.01123046875 0.0537109375
0 0.428466796875 0.4423828125 0.00634765625 0.033203125
0 0.653564453125 0.42333984375 0.00830078125 0.0419921875
0 0.552978515625 0.43701171875 0.02392578125 0.0498046875
