0 0.540283203125 0.431640625 0.02099609375 0.1015625
0 0.533935546875 0.44677734375 0.01806640625 0.0869140625
0 0.575927734375 0.43603515625 0.02880859375 0.1416015625
0 0.5498046875 0.4248046875 0.0322265625 0.158203125
0 0.740478515625 0.43603515625 0.00830078125 0.0419921875
0 0.78857421875 0.4287109375 0.0107421875 0.052734375
0 0.80859375 0.43408203125 0.0126953125 0.0615234375
0 0.83544921875 0.42529296875 0.0166015625 0.0810546875
0 0.844482421875 0.43310546875 0.01416015625 0.0693359375
0 0.43994140625 0.47021484375 0.0576171875 0.2802734375
0 0.472900390625 0.4697265625 0.03369140625 0.2734375
