0 0.337646484375 0.45068359375 0.02392578125 0.0712890625
0 0.231689453125 0.45068359375 0.02490234375 0.0869140625
0 0.303466796875 0.451171875 0.02197265625 0.078125
0 0.285888671875 0.44970703125 0.03466796875 0.0810546875
0 0.65966796875 0.43896484375 0.0126953125 0.0615234375
0 0.647705078125 0.44287109375 0.01123046875 0.0537109375
0 0.65185546875 0.44482421875 0.009765625 0.0478515625
0 0.641845703125 0.44482421875 0.01123046875 0.0537109375
0 0.631103515625 0.4423828125 0.01123046875 0.0546875
0 0.41796875 0.44287109375 0.0078125 0.0205078125
0 0.431640625 0.43798828125 0.017578125 0.0869140625
0 0.45703125 0.44091796875 0.0166015625 0.0810546875
0 0.451904296875 0.44482421875 0.01806640625 0.0869140625
0 0.486572265625 0.43994140625 0.01708984375 0.0830078125
0 0.471923828125 0.43896484375 0.01904296875 0.0947265625
0 0.608642578125 0.4560546875 0.02880859375 0.138671875
0 0.72705078125 0.42919921875 0.0068359375 0.0185546875
0 0.73388671875 0.42431640625 0.0087890625 0.0166015625
0 0.70703125 0.44287109375 0.0107421875 0.0478515625
0 0.7216796875 0.4404296875 0.013671875 0.044921875
0 0.824951171875 0.45947265625 0.02197265625 0.1064453125
0 0.481201171875 0.44970703125 0.00537109375 0.0185546875
0 0.491943359375 0.4560546875 0.00048828125 0.001953125
0 0.53515625 0.44482421875 0.076171875 0.0634765625
