0 0.196044921875 0.49853515625 0.06396484375 0.3115234375
0 0.262451171875 0.482421875 0.06591796875 0.322265625
0 0.354248046875 0.361328125 0.00537109375 0.025390625
0 0.424560546875 0.41796875 0.01806640625 0.0859375
0 0.414794921875 0.42041015625 0.01708984375 0.0830078125
0 0.896240234375 0.3564453125 0.01806640625 0.087890625
0 0.980712890625 0.4013671875 0.03564453125 0.173828125
0 0.35986328125 0.380859375 0.0078125 0.037109375
0 0.922119140625 0.326171875 0.01220703125 0.05859375
0 0.363525390625 0.3583984375 0.00927734375 0.02734375
