0 0.12255859375 0.4248046875 0.0380859375 0.185546875
0 0.162841796875 0.42041015625 0.03662109375 0.1787109375
0 0.386474609375 0.41064453125 0.03759765625 0.1845703125
0 0.373779296875 0.3984375 0.04736328125 0.23046875
0 0.472900390625 0.37548828125 0.03076171875 0.1494140625
0 0.425537109375 0.38330078125 0.02587890625 0.1279296875
0 0.517822265625 0.36767578125 0.03173828125 0.1552734375
0 0.546142578125 0.4052734375 0.04248046875 0.208984375
0 0.676025390625 0.3984375 0.03955078125 0.193359375
0 0.69091796875 0.3916015625 0.0458984375 0.224609375
0 0.66357421875 0.400390625 0.046875 0.2265625
0 0.7880859375 0.4609375 0.0810546875 0.396484375
0 0.48779296875 0.3525390625 0.0224609375 0.078125
