0 0.66845703125 0.41943359375 0.0068359375 0.0341796875
0 0.67724609375 0.42041015625 0.0078125 0.0361328125
0 0.515625 0.400390625 0.0146484375 0.0703125
0 0.530029296875 0.40283203125 0.01220703125 0.0595703125
0 0.506591796875 0.41259765625 0.01806640625 0.0888671875
0 0.53662109375 0.41015625 0.01953125 0.09375
0 0.42578125 0.4169921875 0.0244140625 0.119140625
0 0.255126953125 0.439453125 0.02783203125 0.13671875
0 0.271728515625 0.427734375 0.03369140625 0.1640625
0 0.70166015625 0.421875 0.041015625 0.044921875
