0 0.429443359375 0.447265625 0.01806640625 0.087890625
0 0.41357421875 0.44873046875 0.0166015625 0.0810546875
0 0.419189453125 0.45068359375 0.01904296875 0.0927734375
0 0.38134765625 0.4482421875 0.0185546875 0.091796875
0 0.343017578125 0.4423828125 0.01904296875 0.091796875
0 0.325927734375 0.44580078125 0.02099609375 0.1025390625
0 0.34521484375 0.4482421875 0.0185546875 0.08984375
0 0.365966796875 0.4482421875 0.01806640625 0.08984375
0 0.359130859375 0.45654296875 0.01611328125 0.0791015625
0 0.997314453125 0.4638671875 0.10009765625 0.48828125
0 0.357666015625 0.42041015625 0.01416015625 0.0400390625
0 0.39013671875 0.4521484375 0.025390625 0.103515625
0 0.461181640625 0.4404296875 0.02783203125 0.109375
0 0.494873046875 0.43896484375 0.02197265625 0.1064453125
