0 0.40673828125 0.4228515625 0.00390625 0.01953125
0 0.41064453125 0.42333984375 0.00390625 0.0185546875
0 0.392822265625 0.42236328125 0.00341796875 0.0166015625
0 0.378173828125 0.42138671875 0.00341796875 0.0185546875
0 0.41796875 0.421875 0.00390625 0.01953125
0 0.432861328125 0.4248046875 0.00439453125 0.0234375
0 0.43798828125 0.4228515625 0.0048828125 0.0234375
0 0.3671875 0.43115234375 0.0048828125 0.0244140625
0 0.352294921875 0.43408203125 0.01025390625 0.0517578125
0 0.342529296875 0.43017578125 0.01220703125 0.0595703125
0 0.1669921875 0.4501953125 0.0517578125 0.251953125
0 0.446044921875 0.435546875 0.00732421875 0.037109375
0 0.459716796875 0.43994140625 0.00732421875 0.0341796875
0 0.470458984375 0.43701171875 0.01318359375 0.0634765625
0 0.499267578125 0.44482421875 0.01123046875 0.0537109375
0 0.88525390625 0.49169921875 0.0654296875 0.3193359375
