0 0.012451171875 0.45263671875 0.02392578125 0.1181640625
0 0.046630859375 0.42822265625 0.03271484375 0.1591796875
0 0.47265625 0.42626953125 0.01171875 0.0576171875
0 0.467529296875 0.4248046875 0.01318359375 0.0625
0 0.5224609375 0.41259765625 0.0048828125 0.0244140625
0 0.60205078125 0.419921875 0.0087890625 0.04296875
0 0.614501953125 0.41796875 0.01025390625 0.05078125
0 0.62548828125 0.4326171875 0.0087890625 0.044921875
0 0.63916015625 0.42333984375 0.0126953125 0.0615234375
0 0.65380859375 0.42626953125 0.0126953125 0.0615234375
0 0.72607421875 0.42724609375 0.0263671875 0.1279296875
0 0.743408203125 0.43310546875 0.03662109375 0.1806640625
0 0.70263671875 0.431640625 0.0224609375 0.109375
0 0.679931640625 0.4345703125 0.02099609375 0.103515625
0 0.671875 0.4296875 0.0263671875 0.12890625
0 0.693115234375 0.42919921875 0.02587890625 0.1259765625
0 0.8251953125 0.44482421875 0.03125 0.1533203125
0 0.801513671875 0.4404296875 0.03466796875 0.16796875
