0 0.43505859375 0.43798828125 0.015625 0.0751953125
0 0.42333984375 0.45068359375 0.0078125 0.0380859375
0 0.3720703125 0.4482421875 0.0234375 0.11328125
0 0.402099609375 0.4521484375 0.02294921875 0.11328125
0 0.56787109375 0.4482421875 0.0107421875 0.0546875
0 0.674072265625 0.45654296875 0.02099609375 0.1025390625
0 0.681640625 0.45751953125 0.0205078125 0.0986328125
0 0.69677734375 0.45458984375 0.0244140625 0.1181640625
0 0.799560546875 0.4736328125 0.03857421875 0.189453125
0 0.831787109375 0.47021484375 0.04150390625 0.2021484375
0 0.8671875 0.482421875 0.041015625 0.201171875
