0 0.05322265625 0.521484375 0.0751953125 0.3671875
0 0.01171875 0.53271484375 0.0771484375 0.3779296875
0 0.460693359375 0.45751953125 0.01025390625 0.0517578125
0 0.685546875 0.47900390625 0.01171875 0.0576171875
0 0.740478515625 0.505859375 0.02294921875 0.11328125
0 0.952880859375 0.484375 0.04443359375 0.216796875
0 0.90625 0.4873046875 0.046875 0.23046875
0 0.85546875 0.49609375 0.0390625 0.189453125
0 0.761474609375 0.5126953125 0.03955078125 0.19140625
0 0.8232421875 0.4951171875 0.0400390625 0.1953125
0 0.662109375 0.49169921875 0.015625 0.0751953125
0 0.4765625 0.46826171875 0.0126953125 0.0498046875
0 0.492919921875 0.466796875 0.01708984375 0.052734375
0 0.50341796875 0.470703125 0.0029296875 0.029296875
