0 0.0947265625 0.4326171875 0.025390625 0.123046875
0 0.17724609375 0.43017578125 0.0166015625 0.0791015625
0 0.220458984375 0.419921875 0.01123046875 0.052734375
0 0.21142578125 0.4345703125 0.017578125 0.083984375
0 0.350341796875 0.4189453125 0.00927734375 0.046875
0 0.369384765625 0.4248046875 0.00927734375 0.044921875
0 0.39208984375 0.42333984375 0.0087890625 0.0419921875
0 0.470947265625 0.41455078125 0.00732421875 0.0361328125
0 0.4658203125 0.41455078125 0.0068359375 0.0341796875
0 0.517578125 0.41650390625 0.0087890625 0.0439453125
0 0.575439453125 0.41845703125 0.01513671875 0.0751953125
0 0.5546875 0.42236328125 0.01953125 0.0947265625
0 0.563720703125 0.42236328125 0.01904296875 0.0908203125
0 0.972900390625 0.4208984375 0.02294921875 0.11328125
0 0.963134765625 0.41845703125 0.02392578125 0.1181640625
0 0.99609375 0.4189453125 0.0244140625 0.1171875
0 0.82275390625 0.41455078125 0.021484375 0.1044921875
0 0.828857421875 0.41943359375 0.02001953125 0.0986328125
0 0.813232421875 0.4130859375 0.02392578125 0.1171875
0 0.78662109375 0.42041015625 0.021484375 0.1025390625
0 0.70947265625 0.4169921875 0.017578125 0.0859375
0 0.715576171875 0.4140625 0.02001953125 0.095703125
0 0.6298828125 0.41015625 0.015625 0.076171875
0 0.685546875 0.41650390625 0.0166015625 0.0810546875
0 0.688232421875 0.41552734375 0.01708984375 0.0849609375
0 0.6953125 0.41552734375 0.01953125 0.0927734375
0 0.66259765625 0.416015625 0.0185546875 0.08984375
0 0.668212890625 0.41650390625 0.02001953125 0.0966796875
0 0.616455078125 0.41943359375 0.01806640625 0.0888671875
0 0.626220703125 0.41748046875 0.01904296875 0.0908203125
0 0.636474609375 0.41650390625 0.01611328125 0.0771484375
0 0.5986328125 0.419921875 0.01953125 0.09375
0 0.61767578125 0.41943359375 0.0146484375 0.0712890625
0 0.534912109375 0.42236328125 0.00244140625 0.0283203125
0 0.541259765625 0.4248046875 0.00439453125 0.029296875
0 0.545166015625 0.4248046875 0.00048828125 0.001953125
0 0.6494140625 0.41650390625 0.0166015625 0.0849609375
0 0.677734375 0.41845703125 0.0087890625 0.0791015625
