0 0.291748046875 0.45751953125 0.00732421875 0.0361328125
0 0.173095703125 0.4521484375 0.01318359375 0.0390625
0 0.1650390625 0.45849609375 0.0185546875 0.0537109375
0 0.32763671875 0.46337890625 0.01171875 0.0556640625
0 0.3388671875 0.46484375 0.0146484375 0.072265625
0 0.306884765625 0.47119140625 0.01513671875 0.0732421875
0 0.303955078125 0.46533203125 0.02001953125 0.0966796875
0 0.31640625 0.466796875 0.021484375 0.10546875
0 0.335693359375 0.4580078125 0.02392578125 0.1171875
0 0.41943359375 0.46142578125 0.0146484375 0.0732421875
0 0.435302734375 0.46240234375 0.01416015625 0.0693359375
0 0.267822265625 0.47021484375 0.03271484375 0.1591796875
0 0.360107421875 0.45654296875 0.02490234375 0.1201171875
0 0.382080078125 0.45556640625 0.02880859375 0.0263671875
0 0.408935546875 0.458984375 0.01123046875 0.03125
0 0.471923828125 0.45654296875 0.06396484375 0.0810546875
