0 0.365234375 0.361328125 0.0107421875 0.052734375
0 0.494384765625 0.412109375 0.01416015625 0.046875
0 0.505615234375 0.416015625 0.02197265625 0.0546875
0 0.331298828125 0.38232421875 0.01416015625 0.0693359375
0 0.968505859375 0.43505859375 0.02099609375 0.0771484375
0 0.94775390625 0.4443359375 0.048828125 0.09375
0 0.986083984375 0.4658203125 0.02294921875 0.17578125
0 0.162353515625 0.43408203125 0.03564453125 0.1728515625
0 0.24853515625 0.44140625 0.0537109375 0.263671875
0 0.279052734375 0.45947265625 0.04736328125 0.2333984375
0 0.236572265625 0.453125 0.05615234375 0.2734375
0 0.300048828125 0.46435546875 0.06103515625 0.2978515625
0 0.595703125 0.47509765625 0.0458984375 0.2255859375
0 0.557373046875 0.46630859375 0.05126953125 0.2490234375
0 0.19384765625 0.40576171875 0.0205078125 0.1005859375
