0 0.43798828125 0.431640625 0.0087890625 0.044921875
0 0.443115234375 0.43505859375 0.00732421875 0.0361328125
0 0.529541015625 0.451171875 0.01220703125 0.060546875
0 0.4697265625 0.43701171875 0.046875 0.2294921875
0 0.508544921875 0.4287109375 0.05322265625 0.259765625
0 0.769775390625 0.44140625 0.01123046875 0.0234375
0 0.781494140625 0.4541015625 0.01318359375 0.0234375
0 0.656494140625 0.43994140625 0.03857421875 0.1884765625
0 0.7529296875 0.45849609375 0.021484375 0.1044921875
0 0.702392578125 0.451171875 0.03466796875 0.169921875
0 0.73388671875 0.453125 0.03515625 0.171875
0 0.794677734375 0.45849609375 0.03271484375 0.1591796875
0 0.828857421875 0.451171875 0.07470703125 0.36328125
0 0.53955078125 0.45947265625 0.0087890625 0.0419921875
