0 0.492431640625 0.43212890625 0.00537109375 0.0263671875
0 0.486572265625 0.4306640625 0.00634765625 0.03125
0 0.453125 0.4296875 0.0087890625 0.04296875
0 0.4482421875 0.4306640625 0.0087890625 0.041015625
0 0.434326171875 0.4375 0.00927734375 0.0234375
0 0.42578125 0.43798828125 0.009765625 0.0244140625
0 0.41455078125 0.43115234375 0.0087890625 0.0419921875
0 0.388671875 0.42529296875 0.009765625 0.0498046875
0 0.261962890625 0.4189453125 0.01708984375 0.083984375
0 0.248291015625 0.42578125 0.01416015625 0.068359375
0 0.234130859375 0.41357421875 0.01708984375 0.0849609375
0 0.55908203125 0.4365234375 0.005859375 0.029296875
0 0.5546875 0.43603515625 0.0078125 0.0380859375
0 0.636962890625 0.44970703125 0.00537109375 0.0263671875
0 0.796630859375 0.50244140625 0.04150390625 0.2041015625
