0 0.232421875 0.34912109375 0.005859375 0.0283203125
0 0.237060546875 0.34912109375 0.00634765625 0.0302734375
0 0.244140625 0.34912109375 0.005859375 0.0302734375
0 0.344970703125 0.365234375 0.00830078125 0.013671875
0 0.364990234375 0.36181640625 0.00732421875 0.0361328125
0 0.373046875 0.361328125 0.0078125 0.037109375
0 0.37744140625 0.3603515625 0.0087890625 0.041015625
0 0.383056640625 0.359375 0.00830078125 0.0390625
0 0.392578125 0.3701171875 0.005859375 0.029296875
0 0.427978515625 0.35595703125 0.00830078125 0.0400390625
0 0.43994140625 0.357421875 0.0078125 0.037109375
0 0.45849609375 0.3671875 0.005859375 0.02734375
0 0.48095703125 0.36328125 0.005859375 0.02734375
0 0.48486328125 0.35693359375 0.005859375 0.0302734375
0 0.528564453125 0.35302734375 0.00537109375 0.0263671875
0 0.552978515625 0.35302734375 0.00537109375 0.0283203125
0 0.533203125 0.47119140625 0.0068359375 0.0341796875
0 0.53759765625 0.470703125 0.0078125 0.0390625
0 0.541259765625 0.4697265625 0.00830078125 0.0390625
0 0.549072265625 0.4697265625 0.00830078125 0.041015625
0 0.55517578125 0.46923828125 0.0078125 0.0380859375
0 0.583984375 0.4453125 0.013671875 0.068359375
0 0.59228515625 0.44384765625 0.0146484375 0.0712890625
0 0.579833984375 0.439453125 0.01611328125 0.078125
0 0.57080078125 0.4423828125 0.015625 0.076171875
0 0.658203125 0.46533203125 0.037109375 0.1806640625
0 0.78076171875 0.4501953125 0.0517578125 0.25390625
0 0.794677734375 0.45068359375 0.05810546875 0.2841796875
0 0.4990234375 0.4619140625 0.03515625 0.169921875
0 0.515380859375 0.4560546875 0.03759765625 0.181640625
0 0.4375 0.46875 0.0107421875 0.052734375
0 0.332763671875 0.4658203125 0.03662109375 0.177734375
0 0.35546875 0.474609375 0.03515625 0.171875
0 0.225830078125 0.47412109375 0.04150390625 0.2021484375
0 0.211669921875 0.49169921875 0.04833984375 0.2353515625
0 0.233642578125 0.490234375 0.05224609375 0.25390625
0 0.17236328125 0.49951171875 0.046875 0.2275390625
0 0.107177734375 0.50830078125 0.07275390625 0.3544921875
0 0.029296875 0.50927734375 0.080078125 0.3916015625
0 0.10498046875 0.548828125 0.072265625 0.353515625
0 0.022216796875 0.54931640625 0.07568359375 0.3701171875
0 0.4052734375 0.48095703125 0.0595703125 0.2900390625
0 0.197998046875 0.34619140625 0.01220703125 0.0322265625
0 0.568115234375 0.34765625 0.01611328125 0.021484375
