0 0.61865234375 0.4326171875 0.0146484375 0.05078125
0 0.46875 0.43115234375 0.0087890625 0.0439453125
0 0.465087890625 0.4287109375 0.01025390625 0.05078125
0 0.4775390625 0.4326171875 0.009765625 0.046875
0 0.458740234375 0.4306640625 0.01318359375 0.064453125
0 0.689453125 0.43505859375 0.021484375 0.1044921875
0 0.70458984375 0.4345703125 0.01953125 0.09375
0 0.718017578125 0.4287109375 0.02294921875 0.111328125
0 0.806640625 0.4228515625 0.015625 0.0859375
0 0.236328125 0.42529296875 0.01953125 0.0947265625
