0 0.19677734375 0.34765625 0.005859375 0.02734375
0 0.212158203125 0.34716796875 0.00537109375 0.0283203125
0 0.285400390625 0.35302734375 0.00537109375 0.0263671875
0 0.291748046875 0.3544921875 0.00341796875 0.017578125
0 0.26953125 0.35986328125 0.013671875 0.0673828125
0 0.263427734375 0.357421875 0.01513671875 0.07421875
0 0.249267578125 0.35546875 0.01513671875 0.072265625
0 0.27587890625 0.3798828125 0.0244140625 0.119140625
0 0.087890625 0.4560546875 0.0517578125 0.25
0 0.30029296875 0.36328125 0.009765625 0.048828125
0 0.334716796875 0.3798828125 0.01416015625 0.03515625
0 0.38720703125 0.36767578125 0.0087890625 0.0439453125
0 0.411865234375 0.36376953125 0.01318359375 0.0654296875
0 0.4296875 0.35498046875 0.0146484375 0.0712890625
0 0.42919921875 0.35986328125 0.013671875 0.0673828125
0 0.442626953125 0.359375 0.01611328125 0.078125
0 0.45458984375 0.35595703125 0.0166015625 0.0810546875
0 0.542236328125 0.36181640625 0.01611328125 0.0771484375
0 0.553466796875 0.37353515625 0.01806640625 0.0595703125
0 0.724853515625 0.37353515625 0.01904296875 0.0927734375
0 0.73291015625 0.37646484375 0.0185546875 0.0908203125
0 0.943603515625 0.37109375 0.01611328125 0.078125
0 0.75390625 0.4169921875 0.03515625 0.173828125
0 0.791015625 0.40625 0.0400390625 0.1953125
0 0.86767578125 0.509765625 0.0908203125 0.171875
0 0.86865234375 0.4775390625 0.1083984375 0.529296875
0 0.98095703125 0.4814453125 0.0986328125 0.48046875
0 0.20263671875 0.40869140625 0.02734375 0.1337890625
0 0.303466796875 0.35400390625 0.01416015625 0.0673828125
0 0.153076171875 0.3466796875 0.00927734375 0.017578125
