0 0.607421875 0.4345703125 0.01171875 0.05859375
0 0.68701171875 0.53955078125 0.09375 0.4580078125
0 0.1767578125 0.458984375 0.015625 0.078125
0 0.142822265625 0.46435546875 0.01318359375 0.0654296875
0 0.15234375 0.4755859375 0.0224609375 0.056640625
0 0.145263671875 0.47412109375 0.02587890625 0.0654296875
0 0.121826171875 0.47314453125 0.01220703125 0.0595703125
0 0.107666015625 0.466796875 0.01513671875 0.07421875
0 0.423828125 0.4443359375 0.021484375 0.10546875
0 0.4189453125 0.44482421875 0.0234375 0.1142578125
0 0.410888671875 0.4404296875 0.02685546875 0.130859375
0 0.404296875 0.4541015625 0.025390625 0.123046875
0 0.40478515625 0.46630859375 0.037109375 0.1103515625
0 0.4072265625 0.4765625 0.0185546875 0.09375
0 0.387451171875 0.453125 0.02490234375 0.12109375
0 0.378662109375 0.51171875 0.07275390625 0.35546875
0 0.557373046875 0.62841796875 0.07958984375 0.1416015625
0 0.216796875 0.4541015625 0.0107421875 0.052734375
0 0.22998046875 0.4599609375 0.0126953125 0.0625
0 0.517333984375 0.44091796875 0.01220703125 0.0576171875
0 0.567138671875 0.4404296875 0.01416015625 0.0703125
0 0.267578125 0.45361328125 0.0107421875 0.0517578125
0 0.258056640625 0.4580078125 0.01318359375 0.064453125
