0 0.23681640625 0.41162109375 0.005859375 0.0283203125
0 0.1005859375 0.43505859375 0.0322265625 0.1572265625
0 0.394775390625 0.43017578125 0.02294921875 0.1103515625
0 0.396240234375 0.435546875 0.02001953125 0.09765625
0 0.40283203125 0.43310546875 0.021484375 0.1044921875
0 0.417724609375 0.43310546875 0.02294921875 0.1123046875
0 0.338623046875 0.43017578125 0.01611328125 0.1181640625
0 0.51171875 0.41015625 0.0166015625 0.080078125
0 0.299560546875 0.43603515625 0.02197265625 0.1083984375
0 0.34326171875 0.43994140625 0.021484375 0.1044921875
0 0.383544921875 0.419921875 0.01708984375 0.08203125
0 0.299072265625 0.421875 0.02001953125 0.09765625
0 0.3623046875 0.41552734375 0.013671875 0.0673828125
