0 0.93408203125 0.4296875 0.0263671875 0.126953125
0 0.01025390625 0.546875 0.0146484375 0.359375
0 0.07421875 0.5009765625 0.080078125 0.390625
0 0.048095703125 0.5478515625 0.10400390625 0.505859375
0 0.19287109375 0.51416015625 0.05859375 0.2861328125
0 0.627685546875 0.443359375 0.01416015625 0.0703125
0 0.620849609375 0.44091796875 0.01611328125 0.0771484375
0 0.604248046875 0.439453125 0.01611328125 0.080078125
0 0.592041015625 0.4462890625 0.02099609375 0.103515625
0 0.51171875 0.45556640625 0.0244140625 0.1201171875
0 0.56103515625 0.44775390625 0.01953125 0.0966796875
0 0.774658203125 0.427734375 0.00634765625 0.03125
