0 0.108642578125 0.4287109375 0.01708984375 0.0859375
0 0.127685546875 0.4287109375 0.02001953125 0.09765625
0 0.114990234375 0.431640625 0.01806640625 0.087890625
0 0.146484375 0.43017578125 0.0185546875 0.0888671875
0 0.16455078125 0.42529296875 0.01953125 0.0966796875
0 0.0087890625 0.44775390625 0.029296875 0.1416015625
0 0.051025390625 0.4404296875 0.03466796875 0.16796875
0 0.091064453125 0.43408203125 0.03564453125 0.1728515625
0 0.079833984375 0.42822265625 0.03955078125 0.1923828125
0 0.0615234375 0.42333984375 0.0419921875 0.2060546875
0 0.24853515625 0.43359375 0.021484375 0.103515625
0 0.42578125 0.44677734375 0.0224609375 0.1083984375
0 0.43310546875 0.45068359375 0.021484375 0.1064453125
0 0.95361328125 0.48388671875 0.0146484375 0.0732421875
0 0.974609375 0.4814453125 0.0146484375 0.072265625
0 0.932373046875 0.48876953125 0.01806640625 0.0908203125
0 0.9072265625 0.47509765625 0.0244140625 0.1181640625
0 0.322998046875 0.4482421875 0.01904296875 0.09375
0 0.3359375 0.44140625 0.021484375 0.10546875
0 0.3544921875 0.4462890625 0.0244140625 0.119140625
0 0.510498046875 0.44775390625 0.01904296875 0.0927734375
0 0.51416015625 0.4404296875 0.0224609375 0.109375
