0 0.551025390625 0.4296875 0.00634765625 0.03125
0 0.631591796875 0.42724609375 0.00634765625 0.0322265625
0 0.624755859375 0.4267578125 0.00732421875 0.03515625
0 0.5771484375 0.42431640625 0.005859375 0.0283203125
0 0.52880859375 0.423828125 0.0068359375 0.033203125
0 0.53271484375 0.4287109375 0.005859375 0.029296875
0 0.415283203125 0.42919921875 0.00732421875 0.0341796875
0 0.3583984375 0.43701171875 0.009765625 0.0498046875
0 0.36474609375 0.4345703125 0.01171875 0.056640625
0 0.12841796875 0.43701171875 0.0185546875 0.0888671875
0 0.640380859375 0.42919921875 0.00927734375 0.0458984375
0 0.592041015625 0.42236328125 0.00537109375 0.0263671875
