0 0.22265625 0.48193359375 0.0224609375 0.1103515625
0 0.213134765625 0.46875 0.02392578125 0.115234375
0 0.203857421875 0.48291015625 0.02294921875 0.1123046875
0 0.2119140625 0.49267578125 0.01953125 0.0966796875
0 0.2490234375 0.45458984375 0.0166015625 0.0791015625
0 0.27734375 0.46435546875 0.0244140625 0.1201171875
0 0.28759765625 0.45263671875 0.0185546875 0.0908203125
0 0.295166015625 0.4638671875 0.02294921875 0.11328125
0 0.310546875 0.46142578125 0.01953125 0.0927734375
0 0.313720703125 0.474609375 0.02001953125 0.095703125
0 0.373291015625 0.4912109375 0.05810546875 0.283203125
0 0.35400390625 0.51123046875 0.0546875 0.2666015625
0 0.423828125 0.5029296875 0.0517578125 0.251953125
0 0.548583984375 0.46240234375 0.05419921875 0.2646484375
0 0.498046875 0.4775390625 0.0595703125 0.2890625
0 0.514404296875 0.53076171875 0.03466796875 0.1708984375
0 0.585693359375 0.462890625 0.05224609375 0.25390625
0 0.569091796875 0.47216796875 0.05419921875 0.2646484375
0 0.52880859375 0.45703125 0.0703125 0.34375
0 0.649658203125 0.478515625 0.03759765625 0.18359375
0 0.6484375 0.46533203125 0.05078125 0.2470703125
0 0.292236328125 0.46630859375 0.02880859375 0.1416015625
0 0.266845703125 0.48974609375 0.04150390625 0.2021484375
0 0.676025390625 0.43115234375 0.02490234375 0.1220703125
0 0.24072265625 0.47314453125 0.0322265625 0.1572265625
0 0.03466796875 0.4716796875 0.01171875 0.056640625
