0 0.36181640625 0.48583984375 0.005859375 0.0283203125
0 0.36865234375 0.48583984375 0.005859375 0.0283203125
0 0.37353515625 0.48974609375 0.00390625 0.0205078125
0 0.37890625 0.484375 0.0068359375 0.033203125
0 0.387451171875 0.48486328125 0.00634765625 0.0302734375
0 0.39404296875 0.4853515625 0.005859375 0.02734375
0 0.400146484375 0.4853515625 0.00537109375 0.025390625
0 0.411865234375 0.48828125 0.00439453125 0.0234375
0 0.431884765625 0.48876953125 0.00537109375 0.0283203125
0 0.45166015625 0.48974609375 0.005859375 0.0283203125
0 0.464599609375 0.48974609375 0.00634765625 0.0302734375
0 0.35107421875 0.48046875 0.0068359375 0.03515625
0 0.3330078125 0.4775390625 0.005859375 0.029296875
0 0.38623046875 0.5634765625 0.0068359375 0.033203125
0 0.343994140625 0.52880859375 0.01513671875 0.0732421875
0 0.356689453125 0.53466796875 0.01416015625 0.0693359375
0 0.322265625 0.48876953125 0.005859375 0.0341796875
0 0.29931640625 0.51513671875 0.0166015625 0.0810546875
0 0.290771484375 0.5166015625 0.01904296875 0.091796875
0 0.282470703125 0.51904296875 0.01806640625 0.0888671875
0 0.272216796875 0.51416015625 0.01904296875 0.0927734375
0 0.326904296875 0.5263671875 0.01513671875 0.076171875
0 0.33837890625 0.52587890625 0.0166015625 0.0791015625
0 0.314453125 0.51416015625 0.01953125 0.0947265625
0 0.306640625 0.51318359375 0.0205078125 0.1005859375
0 0.124755859375 0.4619140625 0.04443359375 0.21875
0 0.111328125 0.4716796875 0.0478515625 0.232421875
0 0.1083984375 0.4794921875 0.056640625 0.27734375
0 0.06005859375 0.4482421875 0.0517578125 0.251953125
0 0.00927734375 0.4755859375 0.0576171875 0.28125
0 0.470458984375 0.5439453125 0.01025390625 0.05078125
0 0.478759765625 0.54052734375 0.01123046875 0.0556640625
0 0.463134765625 0.5400390625 0.01220703125 0.060546875
0 0.443603515625 0.52197265625 0.02001953125 0.0966796875
0 0.485107421875 0.53466796875 0.01318359375 0.0634765625
0 0.493896484375 0.5322265625 0.01318359375 0.064453125
0 0.481689453125 0.53173828125 0.01513671875 0.0751953125
0 0.5107421875 0.5244140625 0.017578125 0.0859375
0 0.514892578125 0.52392578125 0.01806640625 0.0888671875
0 0.5419921875 0.51220703125 0.0234375 0.1123046875
0 0.537841796875 0.4990234375 0.02978515625 0.14453125
0 0.526123046875 0.50146484375 0.02978515625 0.1455078125
0 0.589599609375 0.494140625 0.03173828125 0.15625
0 0.85302734375 0.50048828125 0.0458984375 0.2236328125
0 0.885498046875 0.53759765625 0.05419921875 0.1650390625
0 0.7158203125 0.498046875 0.0732421875 0.35546875
