0 0.579345703125 0.42333984375 0.00830078125 0.0419921875
0 0.588134765625 0.42626953125 0.00732421875 0.0361328125
0 0.599365234375 0.421875 0.00830078125 0.041015625
0 0.614990234375 0.4228515625 0.01318359375 0.064453125
0 0.63037109375 0.42236328125 0.0126953125 0.0634765625
0 0.7255859375 0.4306640625 0.017578125 0.0390625
0 0.74853515625 0.4248046875 0.0107421875 0.02734375
0 0.75244140625 0.42919921875 0.01171875 0.0244140625
0 0.7373046875 0.4296875 0.0185546875 0.025390625
0 0.83740234375 0.453125 0.046875 0.2265625
0 0.347900390625 0.43359375 0.00830078125 0.041015625
0 0.12646484375 0.44921875 0.017578125 0.0859375
0 0.11083984375 0.44482421875 0.0146484375 0.0712890625
0 0.080322265625 0.45068359375 0.01513671875 0.0732421875
0 0.3369140625 0.44287109375 0.01171875 0.0576171875
0 0.30419921875 0.44189453125 0.01171875 0.0576171875
0 0.563232421875 0.435546875 0.01318359375 0.06640625
