0 0.939208984375 0.4326171875 0.02685546875 0.1328125
0 0.932861328125 0.4248046875 0.02880859375 0.140625
0 0.9580078125 0.43115234375 0.0244140625 0.1201171875
0 0.97265625 0.42919921875 0.0361328125 0.1748046875
0 0.886474609375 0.37646484375 0.02587890625 0.0283203125
0 0.658447265625 0.40673828125 0.01025390625 0.0498046875
0 0.6552734375 0.40673828125 0.0107421875 0.0517578125
0 0.6689453125 0.408203125 0.0107421875 0.05078125
0 0.675537109375 0.41015625 0.01025390625 0.05078125
0 0.672119140625 0.40673828125 0.01123046875 0.0537109375
0 0.705322265625 0.39013671875 0.00537109375 0.0263671875
0 0.701171875 0.39599609375 0.005859375 0.0283203125
0 0.68896484375 0.4052734375 0.0087890625 0.04296875
0 0.691650390625 0.40283203125 0.01025390625 0.0498046875
0 0.634033203125 0.40380859375 0.00927734375 0.0458984375
0 0.9169921875 0.72900390625 0.0185546875 0.0966796875
0 0.990966796875 0.48779296875 0.01318359375 0.0947265625
0 0.857666015625 0.51611328125 0.08447265625 0.4130859375
