0 0.3740234375 0.47119140625 0.001953125 0.0107421875
0 0.383544921875 0.47314453125 0.00537109375 0.0322265625
0 0.604248046875 0.47021484375 0.00830078125 0.0419921875
0 0.609130859375 0.4697265625 0.00927734375 0.044921875
0 0.680419921875 0.45849609375 0.01318359375 0.0634765625
0 0.694580078125 0.451171875 0.01513671875 0.07421875
0 0.711669921875 0.43505859375 0.02197265625 0.1064453125
0 0.756591796875 0.4345703125 0.02001953125 0.09765625
0 0.76123046875 0.43359375 0.01953125 0.095703125
0 0.289794921875 0.482421875 0.00830078125 0.0390625
0 0.283447265625 0.48095703125 0.00830078125 0.0400390625
0 0.25634765625 0.4833984375 0.0078125 0.0390625
0 0.2431640625 0.46875 0.013671875 0.064453125
0 0.229736328125 0.466796875 0.01513671875 0.072265625
0 0.128662109375 0.45703125 0.02001953125 0.099609375
0 0.11376953125 0.4619140625 0.0205078125 0.099609375
0 0.0927734375 0.45654296875 0.0234375 0.1162109375
0 0.133544921875 0.4541015625 0.02392578125 0.115234375
0 0.56591796875 0.47265625 0.009765625 0.048828125
0 0.572998046875 0.4677734375 0.00732421875 0.037109375
0 0.609130859375 0.4677734375 0.00732421875 0.037109375
0 0.266845703125 0.451171875 0.01513671875 0.07421875
0 0.1943359375 0.44189453125 0.0234375 0.1142578125
0 0.155517578125 0.4521484375 0.02294921875 0.111328125
