0 0.169189453125 0.46435546875 0.00439453125 0.0224609375
0 0.17578125 0.46142578125 0.0048828125 0.0244140625
0 0.607177734375 0.4365234375 0.01708984375 0.08203125
0 0.59423828125 0.43359375 0.0185546875 0.08984375
0 0.28857421875 0.47509765625 0.02734375 0.1337890625
0 0.4404296875 0.46728515625 0.02734375 0.1337890625
0 0.523681640625 0.458984375 0.02978515625 0.14453125
0 0.7119140625 0.42919921875 0.0205078125 0.1005859375
0 0.896484375 0.416015625 0.017578125 0.087890625
0 0.0810546875 0.4833984375 0.0087890625 0.04296875
