0 0.435791015625 0.43408203125 0.01220703125 0.0595703125
0 0.50439453125 0.4267578125 0.0166015625 0.08203125
0 0.499267578125 0.431640625 0.01513671875 0.07421875
0 0.54248046875 0.4326171875 0.015625 0.076171875
0 0.58251953125 0.431640625 0.0146484375 0.072265625
0 0.59619140625 0.4228515625 0.015625 0.076171875
0 0.598388671875 0.4287109375 0.01513671875 0.07421875
0 0.67724609375 0.4365234375 0.03125 0.154296875
0 0.6279296875 0.44775390625 0.0390625 0.1904296875
0 0.619140625 0.451171875 0.0400390625 0.1953125
0 0.810791015625 0.39453125 0.02880859375 0.140625
0 0.821533203125 0.408203125 0.02978515625 0.14453125
0 0.963623046875 0.41162109375 0.04248046875 0.2060546875
