0 0.575927734375 0.353515625 0.00927734375 0.044921875
0 0.580810546875 0.35498046875 0.00830078125 0.0419921875
0 0.568115234375 0.41552734375 0.01220703125 0.0595703125
0 0.5791015625 0.4287109375 0.015625 0.076171875
0 0.6142578125 0.40380859375 0.0107421875 0.0537109375
0 0.609619140625 0.43359375 0.02294921875 0.11328125
0 0.61962890625 0.431640625 0.0263671875 0.12890625
0 0.854736328125 0.4599609375 0.05419921875 0.265625
0 0.350830078125 0.42333984375 0.00830078125 0.0400390625
0 0.224853515625 0.43994140625 0.01416015625 0.0439453125
0 0.177001953125 0.453125 0.02197265625 0.107421875
0 0.139892578125 0.4521484375 0.02197265625 0.107421875
0 0.169921875 0.458984375 0.01953125 0.095703125
0 0.151123046875 0.45361328125 0.02392578125 0.1162109375
0 0.093505859375 0.44091796875 0.01904296875 0.0947265625
0 0.1103515625 0.43408203125 0.0224609375 0.1103515625
0 0.099609375 0.4384765625 0.0205078125 0.099609375
0 0.11376953125 0.4443359375 0.0185546875 0.08984375
0 0.10888671875 0.44482421875 0.021484375 0.1044921875
