0 0.09521484375 0.47607421875 0.0234375 0.1162109375
0 0.12744140625 0.47998046875 0.0244140625 0.1181640625
0 0.204345703125 0.47216796875 0.02392578125 0.1162109375
0 0.184326171875 0.4775390625 0.02294921875 0.11328125
0 0.1669921875 0.48046875 0.0224609375 0.109375
0 0.150634765625 0.474609375 0.02490234375 0.12109375
0 0.714111328125 0.4404296875 0.01806640625 0.087890625
0 0.739990234375 0.48291015625 0.05517578125 0.2685546875
0 0.72998046875 0.47412109375 0.0625 0.3056640625
0 0.9951171875 0.44921875 0.046875 0.228515625
0 0.966064453125 0.4228515625 0.01904296875 0.095703125
0 0.807861328125 0.43017578125 0.01806640625 0.0908203125
0 0.5927734375 0.44091796875 0.0458984375 0.2255859375
0 0.35107421875 0.4580078125 0.044921875 0.21875
0 0.78564453125 0.44091796875 0.0361328125 0.0966796875
0 0.8076171875 0.4814453125 0.0166015625 0.01953125
