0 0.570068359375 0.4375 0.00634765625 0.03125
0 0.573486328125 0.43408203125 0.00634765625 0.0302734375
0 0.576416015625 0.43408203125 0.00634765625 0.0322265625
0 0.599853515625 0.435546875 0.00634765625 0.03125
0 0.5927734375 0.43505859375 0.005859375 0.0283203125
0 0.587158203125 0.4345703125 0.00634765625 0.03125
0 0.689697265625 0.43896484375 0.01123046875 0.0556640625
0 0.8251953125 0.423828125 0.0302734375 0.146484375
0 0.517822265625 0.43310546875 0.00341796875 0.0166015625
0 0.455078125 0.439453125 0.00390625 0.01953125
0 0.451171875 0.43603515625 0.0068359375 0.0322265625
0 0.4287109375 0.4384765625 0.0068359375 0.033203125
0 0.421142578125 0.44189453125 0.00634765625 0.0322265625
0 0.408203125 0.4423828125 0.005859375 0.02734375
0 0.3984375 0.4384765625 0.0068359375 0.033203125
0 0.392578125 0.44140625 0.0068359375 0.033203125
0 0.947021484375 0.44482421875 0.05126953125 0.2490234375
0 0.6220703125 0.4423828125 0.015625 0.076171875
