0 0.7705078125 0.40966796875 0.0234375 0.1142578125
0 0.736083984375 0.4169921875 0.02099609375 0.103515625
0 0.703125 0.39697265625 0.0107421875 0.0517578125
0 0.708251953125 0.4013671875 0.01416015625 0.0703125
0 0.71728515625 0.40771484375 0.0166015625 0.0810546875
0 0.720947265625 0.4130859375 0.01318359375 0.0625
0 0.69287109375 0.3955078125 0.0146484375 0.072265625
0 0.681396484375 0.40283203125 0.01513671875 0.0732421875
0 0.693359375 0.44384765625 0.0302734375 0.1474609375
0 0.73046875 0.44287109375 0.0390625 0.1904296875
0 0.6513671875 0.40673828125 0.013671875 0.0673828125
0 0.64013671875 0.40234375 0.0146484375 0.072265625
0 0.66748046875 0.44140625 0.0244140625 0.12109375
0 0.3134765625 0.4248046875 0.0087890625 0.04296875
0 0.144775390625 0.453125 0.03076171875 0.150390625
0 0.199951171875 0.46630859375 0.04052734375 0.1982421875
0 0.22314453125 0.46533203125 0.0390625 0.1904296875
0 0.216064453125 0.4638671875 0.04443359375 0.216796875
0 0.108154296875 0.47412109375 0.04638671875 0.2255859375
0 0.246826171875 0.46044921875 0.04443359375 0.2177734375
0 0.274169921875 0.45458984375 0.03173828125 0.1552734375
0 0.69189453125 0.48388671875 0.025390625 0.0537109375
0 0.622314453125 0.39794921875 0.01220703125 0.0595703125
0 0.6171875 0.39892578125 0.0107421875 0.0517578125
0 0.661376953125 0.39111328125 0.01220703125 0.0341796875
