0 0.46923828125 0.427734375 0.0068359375 0.033203125
0 0.46484375 0.42138671875 0.0087890625 0.0419921875
0 0.457275390625 0.42236328125 0.00830078125 0.0400390625
0 0.44677734375 0.4248046875 0.0078125 0.037109375
0 0.437255859375 0.42822265625 0.00927734375 0.0458984375
0 0.49072265625 0.4453125 0.029296875 0.142578125
0 0.56787109375 0.42529296875 0.005859375 0.0283203125
0 0.572998046875 0.4267578125 0.00537109375 0.02734375
0 0.582763671875 0.4248046875 0.00537109375 0.025390625
0 0.588134765625 0.4267578125 0.00634765625 0.03125
0 0.602294921875 0.42724609375 0.00634765625 0.0322265625
0 0.608642578125 0.42041015625 0.00146484375 0.0244140625
0 0.605712890625 0.427734375 0.00732421875 0.03515625
0 0.594970703125 0.4306640625 0.00927734375 0.044921875
0 0.619140625 0.4296875 0.009765625 0.046875
0 0.619873046875 0.43408203125 0.01025390625 0.0498046875
0 0.612548828125 0.43310546875 0.01025390625 0.0517578125
0 0.629150390625 0.4306640625 0.01318359375 0.06640625
0 0.646728515625 0.43603515625 0.01416015625 0.0693359375
0 0.663818359375 0.42724609375 0.01318359375 0.0654296875
0 0.67919921875 0.42626953125 0.01171875 0.0576171875
0 0.65673828125 0.43408203125 0.015625 0.0751953125
0 0.67138671875 0.43212890625 0.0126953125 0.0615234375
0 0.683837890625 0.4296875 0.01611328125 0.080078125
0 0.674560546875 0.4404296875 0.01904296875 0.091796875
0 0.702392578125 0.431640625 0.01904296875 0.09375
0 0.721923828125 0.43505859375 0.01513671875 0.0732421875
0 0.725830078125 0.42822265625 0.02294921875 0.1123046875
0 0.745361328125 0.42578125 0.02099609375 0.103515625
0 0.7529296875 0.43359375 0.0205078125 0.1015625
0 0.8876953125 0.4345703125 0.037109375 0.1796875
0 0.9775390625 0.43896484375 0.044921875 0.2197265625
0 0.936767578125 0.44189453125 0.04345703125 0.2119140625
0 0.991455078125 0.42236328125 0.01220703125 0.0791015625
0 0.380126953125 0.42724609375 0.01123046875 0.0556640625
0 0.415771484375 0.4287109375 0.00732421875 0.03515625
0 0.41162109375 0.435546875 0.009765625 0.0234375
0 0.404541015625 0.43896484375 0.01318359375 0.0341796875
0 0.393798828125 0.447265625 0.01123046875 0.0546875
0 0.386962890625 0.44384765625 0.01025390625 0.0458984375
0 0.371337890625 0.41455078125 0.00830078125 0.0126953125
0 0.37744140625 0.4326171875 0.009765625 0.033203125
0 0.370361328125 0.45703125 0.01806640625 0.07421875
0 0.3203125 0.43212890625 0.0146484375 0.0712890625
0 0.306640625 0.42626953125 0.0146484375 0.0712890625
0 0.294189453125 0.423828125 0.01416015625 0.0703125
0 0.30908203125 0.43505859375 0.017578125 0.0458984375
0 0.2958984375 0.43896484375 0.0146484375 0.0458984375
0 0.3115234375 0.458984375 0.03515625 0.091796875
0 0.245849609375 0.4287109375 0.01513671875 0.072265625
0 0.2373046875 0.39990234375 0.015625 0.0302734375
0 0.227294921875 0.42822265625 0.01513671875 0.0732421875
0 0.251708984375 0.44091796875 0.01416015625 0.0673828125
0 0.240478515625 0.43310546875 0.01611328125 0.0498046875
0 0.22314453125 0.43408203125 0.0078125 0.0458984375
0 0.200439453125 0.41455078125 0.01513671875 0.0517578125
0 0.1884765625 0.421875 0.01953125 0.09375
0 0.16015625 0.4384765625 0.0224609375 0.07421875
0 0.14208984375 0.43896484375 0.013671875 0.0751953125
0 0.199462890625 0.453125 0.01123046875 0.080078125
0 0.209228515625 0.4287109375 0.02197265625 0.046875
0 0.18603515625 0.44921875 0.02734375 0.091796875
0 0.23095703125 0.4521484375 0.017578125 0.0859375
0 0.108642578125 0.44140625 0.01904296875 0.078125
0 0.088134765625 0.44140625 0.02197265625 0.078125
0 0.076904296875 0.43994140625 0.02392578125 0.0810546875
0 0.06640625 0.439453125 0.021484375 0.080078125
0 0.129638671875 0.43798828125 0.02197265625 0.1064453125
0 0.045654296875 0.43359375 0.02490234375 0.12109375
0 0.010986328125 0.431640625 0.02490234375 0.12109375
0 0.007568359375 0.443359375 0.00927734375 0.1484375
0 0.333251953125 0.44384765625 0.01220703125 0.0654296875
0 0.345458984375 0.451171875 0.03173828125 0.154296875
0 0.515625 0.45751953125 0.033203125 0.1611328125
0 0.258056640625 0.416015625 0.01416015625 0.052734375
0 0.28466796875 0.4423828125 0.0302734375 0.109375
0 0.28857421875 0.505859375 0.0087890625 0.005859375
