0 0.53125 0.4375 0.015625 0.076171875
0 0.5625 0.4462890625 0.0146484375 0.072265625
0 0.5517578125 0.44482421875 0.015625 0.0751953125
0 0.575927734375 0.44140625 0.01611328125 0.076171875
0 0.49609375 0.43994140625 0.01171875 0.0576171875
0 0.504638671875 0.435546875 0.01416015625 0.068359375
0 0.44384765625 0.44873046875 0.0234375 0.1142578125
0 0.423828125 0.4423828125 0.0263671875 0.12890625
0 0.39599609375 0.44677734375 0.025390625 0.1220703125
0 0.326904296875 0.4697265625 0.05224609375 0.25390625
0 0.248046875 0.4609375 0.056640625 0.27734375
0 0.881591796875 0.4560546875 0.03173828125 0.154296875
0 0.59912109375 0.4384765625 0.0107421875 0.052734375
0 0.601806640625 0.44775390625 0.00927734375 0.0458984375
0 0.595947265625 0.44970703125 0.01123046875 0.0556640625
0 0.610107421875 0.43603515625 0.01318359375 0.0615234375
