0 0.24853515625 0.458984375 0.01171875 0.056640625
0 0.25390625 0.458984375 0.01171875 0.056640625
0 0.22998046875 0.46240234375 0.0126953125 0.0615234375
0 0.927490234375 0.44140625 0.02783203125 0.13671875
0 0.960205078125 0.4375 0.02685546875 0.130859375
0 0.985107421875 0.43798828125 0.02685546875 0.1318359375
0 0.35009765625 0.458984375 0.0068359375 0.03515625
0 0.35986328125 0.458984375 0.0068359375 0.033203125
0 0.592041015625 0.43701171875 0.00732421875 0.0361328125
0 0.5986328125 0.4345703125 0.0087890625 0.044921875
0 0.700927734375 0.4453125 0.01904296875 0.091796875
0 0.6376953125 0.44091796875 0.01171875 0.0576171875
0 0.647705078125 0.439453125 0.01025390625 0.05078125
0 0.66943359375 0.43701171875 0.0126953125 0.0615234375
0 0.678466796875 0.43505859375 0.01513671875 0.0732421875
0 0.68115234375 0.44873046875 0.01953125 0.0947265625
0 0.7080078125 0.404296875 0.0048828125 0.015625
0 0.382080078125 0.4580078125 0.00634765625 0.029296875
0 0.329833984375 0.4541015625 0.00927734375 0.046875
