0 0.576171875 0.443359375 0.009765625 0.046875
0 0.568115234375 0.44482421875 0.01025390625 0.0478515625
0 0.556396484375 0.44287109375 0.01025390625 0.0498046875
0 0.53564453125 0.44091796875 0.0107421875 0.0537109375
0 0.547607421875 0.43896484375 0.01220703125 0.0595703125
0 0.596435546875 0.439453125 0.01220703125 0.05859375
0 0.603759765625 0.435546875 0.01318359375 0.064453125
0 0.63916015625 0.44287109375 0.009765625 0.0478515625
0 0.631591796875 0.4375 0.01416015625 0.068359375
0 0.623779296875 0.4375 0.01416015625 0.068359375
0 0.480224609375 0.44775390625 0.02490234375 0.0830078125
0 0.31884765625 0.44140625 0.03125 0.154296875
0 0.17041015625 0.43505859375 0.021484375 0.0849609375
0 0.15771484375 0.45751953125 0.03125 0.1416015625
0 0.194091796875 0.46875 0.02978515625 0.158203125
0 0.23583984375 0.4384765625 0.029296875 0.142578125
0 0.25 0.4375 0.029296875 0.14453125
0 0.264404296875 0.44482421875 0.04150390625 0.0830078125
0 0.223876953125 0.4638671875 0.04638671875 0.06640625
0 0.048828125 0.49267578125 0.0341796875 0.1904296875
0 0.005615234375 0.4970703125 0.06884765625 0.333984375
0 0.837158203125 0.43310546875 0.02001953125 0.0986328125
