0 0.5791015625 0.4326171875 0.0078125 0.037109375
0 0.57470703125 0.4326171875 0.0078125 0.037109375
0 0.585693359375 0.4326171875 0.00732421875 0.03515625
0 0.627197265625 0.43212890625 0.01025390625 0.0478515625
0 0.6083984375 0.466796875 0.048828125 0.23828125
0 0.442138671875 0.4345703125 0.00634765625 0.03125
0 0.427978515625 0.43896484375 0.00634765625 0.0322265625
0 0.3984375 0.44384765625 0.005859375 0.0283203125
0 0.404052734375 0.43701171875 0.00830078125 0.0400390625
0 0.465087890625 0.43798828125 0.00830078125 0.0419921875
0 0.389404296875 0.43798828125 0.00732421875 0.0380859375
0 0.377685546875 0.4384765625 0.00830078125 0.041015625
0 0.31396484375 0.4453125 0.0107421875 0.05078125
0 0.301513671875 0.44580078125 0.01025390625 0.0498046875
0 0.21826171875 0.4501953125 0.015625 0.078125
0 0.72314453125 0.47314453125 0.0546875 0.2666015625
0 0.545654296875 0.4296875 0.00341796875 0.017578125
0 0.5546875 0.4306640625 0.0048828125 0.0234375
