0 0.33642578125 0.421875 0.0166015625 0.080078125
0 0.323486328125 0.4296875 0.01806640625 0.087890625
0 0.37158203125 0.35498046875 0.0068359375 0.0341796875
0 0.377685546875 0.3603515625 0.00732421875 0.03515625
0 0.384521484375 0.3583984375 0.00732421875 0.033203125
0 0.40283203125 0.35400390625 0.0078125 0.0380859375
0 0.413818359375 0.35546875 0.00732421875 0.037109375
0 0.407470703125 0.35546875 0.00732421875 0.037109375
0 0.398681640625 0.37255859375 0.01318359375 0.0634765625
0 0.43408203125 0.34814453125 0.0107421875 0.0517578125
0 0.440673828125 0.35009765625 0.00927734375 0.0458984375
0 0.447265625 0.345703125 0.009765625 0.046875
0 0.45849609375 0.34716796875 0.0087890625 0.0419921875
0 0.463134765625 0.34716796875 0.01025390625 0.0498046875
0 0.474853515625 0.35009765625 0.01025390625 0.0498046875
0 0.498046875 0.3544921875 0.009765625 0.048828125
0 0.531494140625 0.35693359375 0.00927734375 0.0439453125
0 0.54150390625 0.36083984375 0.0107421875 0.0517578125
0 0.5712890625 0.35400390625 0.01171875 0.0556640625
0 0.56640625 0.35791015625 0.009765625 0.0478515625
0 0.590087890625 0.349609375 0.01025390625 0.048828125
0 0.573486328125 0.37646484375 0.01220703125 0.0595703125
0 0.582763671875 0.3798828125 0.01416015625 0.068359375
0 0.5966796875 0.3837890625 0.015625 0.076171875
0 0.619140625 0.38134765625 0.013671875 0.0673828125
0 0.625244140625 0.37451171875 0.01513671875 0.0732421875
0 0.62255859375 0.40869140625 0.017578125 0.0869140625
0 0.63720703125 0.41015625 0.0185546875 0.08984375
0 0.540771484375 0.4150390625 0.02001953125 0.09765625
0 0.541748046875 0.42919921875 0.01611328125 0.0791015625
0 0.663330078125 0.40771484375 0.01416015625 0.1044921875
0 0.683349609375 0.392578125 0.01513671875 0.072265625
0 0.67578125 0.412109375 0.021484375 0.10546875
0 0.670654296875 0.4306640625 0.01416015625 0.068359375
0 0.653076171875 0.41845703125 0.02294921875 0.1103515625
0 0.702880859375 0.4013671875 0.02001953125 0.09765625
0 0.71923828125 0.40771484375 0.0224609375 0.1103515625
0 0.69921875 0.42578125 0.02734375 0.1328125
0 0.713134765625 0.4228515625 0.03076171875 0.1484375
0 0.750732421875 0.4130859375 0.02392578125 0.119140625
0 0.76171875 0.42041015625 0.0302734375 0.1474609375
0 0.7734375 0.48828125 0.0576171875 0.283203125
0 0.742919921875 0.5 0.05517578125 0.267578125
0 0.783935546875 0.50390625 0.06103515625 0.296875
0 0.88427734375 0.46435546875 0.0361328125 0.1748046875
0 0.890625 0.46826171875 0.0439453125 0.2158203125
0 0.8515625 0.3798828125 0.0390625 0.130859375
0 0.846923828125 0.466796875 0.04638671875 0.224609375
0 0.35888671875 0.34716796875 0.01953125 0.0341796875
0 0.53759765625 0.34033203125 0.0029296875 0.0146484375
0 0.5478515625 0.349609375 0.0166015625 0.04296875
