0 0.47705078125 0.41943359375 0.0029296875 0.0146484375
0 0.4013671875 0.4365234375 0.0107421875 0.05078125
0 0.391845703125 0.43408203125 0.01123046875 0.0556640625
0 0.37744140625 0.4375 0.01171875 0.05859375
0 0.381103515625 0.43798828125 0.01220703125 0.0595703125
0 0.419677734375 0.431640625 0.01123046875 0.056640625
0 0.412841796875 0.43017578125 0.01220703125 0.0595703125
0 0.46484375 0.42919921875 0.013671875 0.0654296875
0 0.463134765625 0.43408203125 0.01123046875 0.0556640625
0 0.460205078125 0.4326171875 0.01220703125 0.05859375
0 0.512939453125 0.43017578125 0.01220703125 0.0595703125
0 0.50732421875 0.4306640625 0.0126953125 0.060546875
0 0.500244140625 0.43310546875 0.01220703125 0.0595703125
0 0.491455078125 0.4345703125 0.01123046875 0.056640625
0 0.52685546875 0.43115234375 0.01171875 0.0576171875
0 0.53173828125 0.4306640625 0.0126953125 0.060546875
0 0.539794921875 0.42822265625 0.01416015625 0.0673828125
0 0.599853515625 0.43017578125 0.01416015625 0.0673828125
0 0.609619140625 0.4326171875 0.01220703125 0.060546875
0 0.49755859375 0.4306640625 0.009765625 0.06640625
0 0.510498046875 0.4287109375 0.00537109375 0.072265625
