0 0.416748046875 0.44677734375 0.01904296875 0.0927734375
0 0.388671875 0.4443359375 0.025390625 0.125
0 0.356201171875 0.443359375 0.02685546875 0.130859375
0 0.3466796875 0.44091796875 0.037109375 0.1787109375
0 0.325439453125 0.44677734375 0.03271484375 0.1591796875
0 0.29296875 0.44775390625 0.033203125 0.1611328125
0 0.1826171875 0.4599609375 0.048828125 0.23828125
0 0.214599609375 0.4619140625 0.04833984375 0.234375
0 0.01904296875 0.4521484375 0.0322265625 0.296875
0 0.458984375 0.466796875 0.0478515625 0.234375
