0 0.755126953125 0.47216796875 0.01611328125 0.0791015625
0 0.74658203125 0.4697265625 0.017578125 0.083984375
0 0.34521484375 0.44677734375 0.0048828125 0.0244140625
0 0.30517578125 0.46044921875 0.009765625 0.0458984375
0 0.29736328125 0.45849609375 0.009765625 0.0458984375
0 0.270751953125 0.45751953125 0.01220703125 0.0595703125
0 0.259521484375 0.45849609375 0.01123046875 0.0556640625
0 0.210693359375 0.4638671875 0.01416015625 0.068359375
0 0.371826171875 0.46337890625 0.02001953125 0.0966796875
0 0.68505859375 0.486328125 0.0419921875 0.205078125
0 0.556884765625 0.45068359375 0.03466796875 0.0634765625
