0 0.4052734375 0.43994140625 0.0087890625 0.0439453125
0 0.299072265625 0.44580078125 0.00732421875 0.0185546875
0 0.283203125 0.45361328125 0.0107421875 0.0341796875
0 0.101318359375 0.4765625 0.02587890625 0.125
0 0.570068359375 0.435546875 0.01123046875 0.052734375
0 0.69873046875 0.4326171875 0.021484375 0.078125
0 0.7646484375 0.43017578125 0.0146484375 0.0732421875
0 0.66943359375 0.43896484375 0.0234375 0.1142578125
0 0.792236328125 0.42529296875 0.02490234375 0.1201171875
0 0.44384765625 0.4443359375 0.021484375 0.10546875
