0 0.25 0.423828125 0.0224609375 0.109375
0 0.27978515625 0.4130859375 0.0166015625 0.080078125
0 0.612060546875 0.4296875 0.01708984375 0.08203125
0 0.363525390625 0.4033203125 0.00927734375 0.046875
0 0.2412109375 0.4140625 0.0234375 0.115234375
0 0.552734375 0.4150390625 0.0087890625 0.04296875
0 0.1826171875 0.42724609375 0.0205078125 0.0986328125
0 0.298828125 0.39697265625 0.025390625 0.0810546875
0 0.38232421875 0.4091796875 0.0185546875 0.052734375
0 0.610107421875 0.39990234375 0.01416015625 0.0263671875
0 0.627197265625 0.42138671875 0.02001953125 0.0771484375
