0 0.224365234375 0.4443359375 0.01123046875 0.0546875
0 0.3408203125 0.44287109375 0.0078125 0.0380859375
0 0.332275390625 0.44140625 0.00927734375 0.04296875
0 0.37451171875 0.44189453125 0.0078125 0.0380859375
0 0.3720703125 0.4404296875 0.0087890625 0.04296875
0 0.563720703125 0.4345703125 0.00732421875 0.03515625
0 0.7568359375 0.43017578125 0.009765625 0.0458984375
0 0.74365234375 0.4345703125 0.0068359375 0.03515625
0 0.6923828125 0.4287109375 0.0087890625 0.04296875
0 0.658447265625 0.42529296875 0.00634765625 0.0302734375
0 0.32470703125 0.435546875 0.0087890625 0.044921875
0 0.31494140625 0.435546875 0.009765625 0.048828125
