0 0.577880859375 0.46533203125 0.02294921875 0.1142578125
0 0.5654296875 0.46630859375 0.0234375 0.1162109375
0 0.532958984375 0.4677734375 0.02392578125 0.1171875
0 0.68603515625 0.45458984375 0.0263671875 0.1298828125
0 0.84619140625 0.46484375 0.01953125 0.095703125
0 0.82470703125 0.46435546875 0.021484375 0.1064453125
0 0.715576171875 0.45654296875 0.02783203125 0.1357421875
0 0.466552734375 0.455078125 0.01220703125 0.1015625
0 0.73828125 0.4453125 0.021484375 0.103515625
0 0.770751953125 0.451171875 0.02001953125 0.099609375
0 0.760986328125 0.4482421875 0.01611328125 0.109375
0 0.78759765625 0.46435546875 0.0107421875 0.0771484375
0 0.79443359375 0.447265625 0.0205078125 0.099609375
0 0.810791015625 0.45947265625 0.02685546875 0.1318359375
0 0.7763671875 0.45068359375 0.0205078125 0.1005859375
0 0.74462890625 0.44677734375 0.01953125 0.0966796875
0 0.746826171875 0.46044921875 0.02197265625 0.1064453125
0 0.509521484375 0.46142578125 0.02294921875 0.1123046875
0 0.51611328125 0.4697265625 0.0234375 0.11328125
0 0.36767578125 0.455078125 0.0185546875 0.08984375
0 0.384033203125 0.45361328125 0.02099609375 0.1025390625
0 0.385009765625 0.45947265625 0.02001953125 0.0986328125
0 0.361083984375 0.4599609375 0.01806640625 0.087890625
0 0.338134765625 0.4521484375 0.02099609375 0.1015625
0 0.4208984375 0.45263671875 0.017578125 0.1103515625
0 0.43212890625 0.4609375 0.0244140625 0.119140625
0 0.892578125 0.4609375 0.056640625 0.150390625
