0 0.56201171875 0.4423828125 0.0087890625 0.04296875
0 0.5771484375 0.44482421875 0.013671875 0.0654296875
0 0.56787109375 0.46484375 0.005859375 0.029296875
0 0.552001953125 0.44482421875 0.00634765625 0.0302734375
0 0.47900390625 0.44580078125 0.005859375 0.0302734375
0 0.41259765625 0.44482421875 0.005859375 0.0283203125
0 0.431884765625 0.453125 0.02001953125 0.09765625
0 0.388427734375 0.45068359375 0.01025390625 0.0498046875
0 0.700927734375 0.45458984375 0.01904296875 0.0927734375
0 0.30322265625 0.46484375 0.017578125 0.0859375
0 0.2900390625 0.46240234375 0.01953125 0.0947265625
0 0.27783203125 0.46484375 0.017578125 0.083984375
