0 0.345703125 0.46630859375 0.013671875 0.0673828125
0 0.331298828125 0.462890625 0.01513671875 0.07421875
0 0.267822265625 0.46337890625 0.01220703125 0.0595703125
0 0.29833984375 0.4638671875 0.017578125 0.087890625
0 0.306884765625 0.46728515625 0.01611328125 0.0791015625
0 0.233154296875 0.44873046875 0.03369140625 0.1669921875
0 0.086181640625 0.50439453125 0.04833984375 0.2353515625
0 0.1318359375 0.49462890625 0.052734375 0.2568359375
0 0.282958984375 0.4541015625 0.02783203125 0.134765625
0 0.25 0.46142578125 0.037109375 0.1806640625
0 0.44384765625 0.4462890625 0.009765625 0.048828125
0 0.519287109375 0.4482421875 0.01220703125 0.05859375
0 0.497802734375 0.44873046875 0.02392578125 0.1142578125
0 0.542724609375 0.4453125 0.01220703125 0.05859375
0 0.530029296875 0.451171875 0.01220703125 0.05859375
0 0.7509765625 0.44091796875 0.01953125 0.0966796875
0 0.737060546875 0.44482421875 0.02294921875 0.1123046875
0 0.999755859375 0.47607421875 0.06396484375 0.3115234375
