0 0.872802734375 0.47265625 0.04638671875 0.2265625
0 0.916259765625 0.47119140625 0.04541015625 0.2197265625
0 0.4482421875 0.47314453125 0.0126953125 0.0615234375
0 0.40771484375 0.48095703125 0.0126953125 0.0615234375
0 0.1298828125 0.50048828125 0.01171875 0.0576171875
0 0.12255859375 0.48486328125 0.0224609375 0.1103515625
0 0.115234375 0.4853515625 0.0234375 0.115234375
0 0.0966796875 0.48876953125 0.0234375 0.1162109375
0 0.231689453125 0.48974609375 0.02001953125 0.0517578125
0 0.23681640625 0.4814453125 0.015625 0.076171875
0 0.618896484375 0.45458984375 0.02392578125 0.1162109375
0 0.578369140625 0.47607421875 0.05615234375 0.2744140625
0 0.5703125 0.4990234375 0.0654296875 0.3203125
